4.6002	4.4681	4.5139	4.3720
3.5908	3.5280	3.5499	3.4860
3.1230	3.0769	3.0924	3.0461
2.7537	2.7196	2.7310	2.6961
2.4351	2.4092	2.4177	2.3919
2.1550	2.1356	2.1419	2.1226
1.9084	1.8939	1.8993	1.8839
1.6915	1.6801	1.6840	1.6728
1.4995	1.4912	1.4942	1.4859
1.3306	1.3244	1.3264	1.3203
1.1815	1.1771	1.1781	1.1732
1.0499	1.0459	1.0474	1.0439
0.9334	0.9309	0.9321	0.9292
0.8303	0.8291	0.8297	0.8276
0.7403	0.7390	0.7393	0.7381
0.6598	0.6591	0.6594	0.6583
0.5894	0.5889	0.5895	0.5883
0.5273	0.5265	0.5268	0.5264
0.4720	0.4715	0.4716	0.4713
0.4234	0.4232	0.4233	0.4228
0.3804	0.3802	0.3803	0.3799
0.3423	0.3416	0.3416	0.3419
0.3086	0.3085	0.3087	0.3084
0.2787	0.2792	0.2792	0.2786
0.2532	0.2528	0.2528	0.2532
0.2301	0.2299	0.2299	0.2299
0.2094	0.2088	0.2088	0.2093
0.1907	0.1906	0.1906	0.1905
0.1752	0.1756	0.1757	0.1752
0.1603	0.1603	0.1603	0.1603
0.1484	0.1486	0.1487	0.1484
0.1375	0.1375	0.1375	0.1375
0.1277	0.1275	0.1275	0.1277
0.1195	0.1188	0.1188	0.1195
0.1124	0.1123	0.1123	0.1123
0.1038	0.1037	0.1037	0.1038
0.0986	0.0987	0.0987	0.0986
0.0936	0.0936	0.0936	0.0936
0.0894	0.0894	0.0894	0.0894
0.0836	0.0836	0.0836	0.0836
0.0833	0.0836	0.0836	0.0833
0.0766	0.0762	0.0762	0.0766
0.0736	0.0736	0.0736	0.0736
0.0736	0.0736	0.0736	0.0736
0.0729	0.0735	0.0735	0.0729
0.0677	0.0677	0.0677	0.0677
0.0638	0.0636	0.0636	0.0638
0.0636	0.0637	0.0637	0.0636
0.0635	0.0637	0.0637	0.0635
0.0637	0.0635	0.0635	0.0637
0.0636	0.0636	0.0636	0.0636
0.0636	0.0636	0.0636	0.0636
0.0631	0.0629	0.0629	0.0631
0.0620	0.0621	0.0621	0.0620
0.0576	0.0583	0.0583	0.0576
0.0559	0.0543	0.0543	0.0559
0.0540	0.0541	0.0541	0.0540
0.0536	0.0537	0.0537	0.0536
0.0536	0.0536	0.0536	0.0536
0.0536	0.0536	0.0536	0.0536
0.0536	0.0536	0.0536	0.0536
0.0536	0.0536	0.0536	0.0536
0.0536	0.0536	0.0536	0.0536
0.0536	0.0536	0.0536	0.0536
0.0541	0.0531	0.0531	0.0541
0.0536	0.0536	0.0536	0.0536
0.0536	0.0536	0.0536	0.0536
0.0536	0.0536	0.0536	0.0536
0.0536	0.0536	0.0536	0.0536
0.0536	0.0536	0.0536	0.0536
0.0536	0.0536	0.0536	0.0536
0.0536	0.0536	0.0536	0.0536
0.0536	0.0536	0.0536	0.0536
0.0536	0.0536	0.0536	0.0536
0.0536	0.0536	0.0536	0.0536
0.0536	0.0536	0.0536	0.0536
0.0536	0.0536	0.0536	0.0536
0.0536	0.0536	0.0536	0.0536
0.0536	0.0536	0.0536	0.0536
0.0536	0.0536	0.0536	0.0536
0.0536	0.0536	0.0536	0.0536
0.0536	0.0536	0.0536	0.0536
0.0536	0.0536	0.0536	0.0536
0.0536	0.0536	0.0536	0.0536
0.0536	0.0536	0.0536	0.0536
0.0536	0.0536	0.0536	0.0536
0.0535	0.0537	0.0537	0.0535
0.0536	0.0536	0.0536	0.0536
0.0536	0.0536	0.0536	0.0536
0.0536	0.0536	0.0536	0.0536
0.0536	0.0536	0.0536	0.0536
0.0536	0.0536	0.0536	0.0536
0.0538	0.0534	0.0534	0.0538
0.0536	0.0536	0.0536	0.0536
0.0536	0.0536	0.0536	0.0536
0.0534	0.0538	0.0538	0.0534
0.0534	0.0538	0.0538	0.0534
0.0536	0.0536	0.0536	0.0536
0.0536	0.0536	0.0536	0.0536
0.0536	0.0536	0.0536	0.0536
