2.6882	2.6216	2.8691	2.7910
2.1430	2.1097	2.2227	2.1901
1.8741	1.8500	1.9328	1.9086
1.6604	1.6417	1.7043	1.6866
1.4745	1.4611	1.5081	1.4937
1.3105	1.3005	1.3355	1.3251
1.1656	1.1576	1.1843	1.1768
1.0370	1.0312	1.0510	1.0450
0.9229	0.9188	0.9340	0.9291
0.8223	0.8190	0.8302	0.8271
0.7332	0.7308	0.7395	0.7366
0.6549	0.6525	0.6588	0.6573
0.5844	0.5833	0.5881	0.5863
0.5232	0.5218	0.5260	0.5246
0.4686	0.4679	0.4703	0.4698
0.4211	0.4197	0.4221	0.4216
0.3780	0.3773	0.3787	0.3786
0.3398	0.3399	0.3410	0.3402
0.3069	0.3069	0.3074	0.3072
0.2776	0.2770	0.2776	0.2780
0.2517	0.2516	0.2519	0.2518
0.2287	0.2286	0.2288	0.2290
0.2082	0.2082	0.2083	0.2083
0.1898	0.1895	0.1896	0.1898
0.1749	0.1744	0.1745	0.1749
0.1597	0.1598	0.1599	0.1597
0.1479	0.1478	0.1478	0.1479
0.1370	0.1368	0.1370	0.1372
0.1270	0.1272	0.1272	0.1270
0.1181	0.1189	0.1189	0.1182
0.1121	0.1122	0.1123	0.1121
0.1036	0.1036	0.1036	0.1036
0.0982	0.0986	0.0987	0.0983
0.0937	0.0935	0.0935	0.0937
0.0889	0.0888	0.0888	0.0889
0.0836	0.0837	0.0837	0.0836
0.0833	0.0834	0.0834	0.0833
0.0761	0.0759	0.0759	0.0761
0.0736	0.0736	0.0736	0.0736
0.0736	0.0736	0.0736	0.0736
0.0732	0.0730	0.0730	0.0732
0.0679	0.0678	0.0678	0.0679
0.0637	0.0638	0.0638	0.0637
0.0636	0.0636	0.0636	0.0636
0.0636	0.0636	0.0636	0.0636
0.0636	0.0636	0.0636	0.0636
0.0636	0.0636	0.0636	0.0636
0.0635	0.0636	0.0636	0.0635
0.0631	0.0630	0.0630	0.0631
0.0613	0.0615	0.0615	0.0613
0.0578	0.0572	0.0572	0.0578
0.0549	0.0554	0.0554	0.0549
0.0541	0.0539	0.0539	0.0541
0.0538	0.0538	0.0538	0.0538
0.0536	0.0536	0.0536	0.0536
0.0536	0.0537	0.0537	0.0536
0.0536	0.0536	0.0536	0.0536
0.0536	0.0536	0.0536	0.0536
0.0536	0.0536	0.0536	0.0536
0.0537	0.0535	0.0535	0.0537
0.0536	0.0536	0.0536	0.0536
0.0536	0.0536	0.0536	0.0536
0.0536	0.0536	0.0536	0.0536
0.0536	0.0536	0.0536	0.0536
0.0536	0.0536	0.0536	0.0536
0.0536	0.0536	0.0536	0.0536
0.0533	0.0540	0.0540	0.0533
0.0536	0.0536	0.0536	0.0536
0.0536	0.0536	0.0536	0.0536
0.0536	0.0536	0.0536	0.0536
0.0536	0.0536	0.0536	0.0536
0.0536	0.0536	0.0536	0.0536
0.0536	0.0536	0.0536	0.0536
0.0536	0.0536	0.0536	0.0536
0.0536	0.0536	0.0536	0.0536
0.0536	0.0536	0.0536	0.0536
0.0536	0.0536	0.0536	0.0536
0.0537	0.0535	0.0535	0.0537
0.0536	0.0536	0.0536	0.0536
0.0536	0.0536	0.0536	0.0536
0.0536	0.0536	0.0536	0.0536
0.0536	0.0536	0.0536	0.0536
0.0536	0.0536	0.0536	0.0536
0.0536	0.0536	0.0536	0.0536
0.0536	0.0536	0.0536	0.0536
0.0536	0.0536	0.0536	0.0536
0.0536	0.0536	0.0536	0.0536
0.0536	0.0536	0.0536	0.0536
0.0536	0.0536	0.0536	0.0536
0.0536	0.0536	0.0536	0.0536
0.0535	0.0537	0.0537	0.0535
0.0536	0.0536	0.0536	0.0536
0.0536	0.0536	0.0536	0.0536
0.0536	0.0536	0.0536	0.0536
0.0536	0.0536	0.0536	0.0536
0.0537	0.0535	0.0535	0.0537
0.0536	0.0536	0.0536	0.0536
0.0536	0.0536	0.0536	0.0536
0.0536	0.0536	0.0536	0.0536
0.0536	0.0536	0.0536	0.0536
