4.0936	4.3643	4.1007	4.3738
3.2735	3.3982	3.2788	3.4020
2.8627	2.9543	2.8655	2.9572
2.5354	2.6050	2.5382	2.6068
2.2511	2.3022	2.2525	2.3041
1.9989	2.0373	1.9995	2.0393
1.7751	1.8042	1.7761	1.8054
1.5769	1.5989	1.5775	1.5995
1.4014	1.4175	1.4018	1.4184
1.2457	1.2580	1.2462	1.2585
1.1077	1.1176	1.1086	1.1172
0.9860	0.9930	0.9861	0.9935
0.8782	0.8832	0.8783	0.8836
0.7827	0.7865	0.7828	0.7867
0.6980	0.7010	0.6981	0.7015
0.6235	0.6256	0.6230	0.6258
0.5572	0.5590	0.5575	0.5590
0.4986	0.5002	0.4990	0.5000
0.4474	0.4481	0.4470	0.4484
0.4017	0.4022	0.4014	0.4022
0.3612	0.3610	0.3606	0.3616
0.3256	0.3261	0.3257	0.3263
0.2938	0.2940	0.2937	0.2940
0.2653	0.2657	0.2656	0.2657
0.2413	0.2415	0.2415	0.2415
0.2193	0.2200	0.2198	0.2195
0.2000	0.2001	0.2001	0.2000
0.1827	0.1829	0.1828	0.1828
0.1683	0.1680	0.1679	0.1683
0.1551	0.1556	0.1555	0.1552
0.1426	0.1428	0.1428	0.1426
0.1327	0.1329	0.1328	0.1327
0.1236	0.1237	0.1237	0.1236
0.1142	0.1144	0.1144	0.1142
0.1077	0.1078	0.1078	0.1077
0.1033	0.1032	0.1032	0.1033
0.0939	0.0949	0.0949	0.0939
0.0934	0.0933	0.0933	0.0934
0.0849	0.0845	0.0845	0.0849
0.0837	0.0835	0.0835	0.0837
0.0812	0.0812	0.0812	0.0812
0.0739	0.0738	0.0738	0.0739
0.0736	0.0736	0.0736	0.0736
0.0736	0.0736	0.0736	0.0736
0.0720	0.0721	0.0721	0.0720
0.0649	0.0645	0.0645	0.0649
0.0636	0.0636	0.0636	0.0636
0.0625	0.0647	0.0647	0.0625
0.0636	0.0636	0.0636	0.0636
0.0636	0.0636	0.0636	0.0636
0.0636	0.0636	0.0636	0.0636
0.0633	0.0635	0.0635	0.0633
0.0628	0.0624	0.0624	0.0628
0.0600	0.0595	0.0595	0.0600
0.0556	0.0562	0.0562	0.0556
0.0546	0.0540	0.0540	0.0546
0.0538	0.0541	0.0541	0.0538
0.0537	0.0536	0.0536	0.0537
0.0536	0.0536	0.0536	0.0536
0.0536	0.0536	0.0536	0.0536
0.0536	0.0536	0.0536	0.0536
0.0536	0.0536	0.0536	0.0536
0.0536	0.0536	0.0536	0.0536
0.0536	0.0536	0.0536	0.0536
0.0536	0.0536	0.0536	0.0536
0.0537	0.0535	0.0535	0.0537
0.0536	0.0536	0.0536	0.0536
0.0537	0.0536	0.0536	0.0537
0.0536	0.0536	0.0536	0.0536
0.0536	0.0536	0.0536	0.0536
0.0536	0.0536	0.0536	0.0536
0.0536	0.0536	0.0536	0.0536
0.0536	0.0536	0.0536	0.0536
0.0536	0.0536	0.0536	0.0536
0.0536	0.0536	0.0536	0.0536
0.0536	0.0536	0.0536	0.0536
0.0530	0.0542	0.0542	0.0530
0.0536	0.0536	0.0536	0.0536
0.0536	0.0536	0.0536	0.0536
0.0536	0.0536	0.0536	0.0536
0.0536	0.0537	0.0537	0.0536
0.0536	0.0536	0.0536	0.0536
0.0536	0.0536	0.0536	0.0536
0.0536	0.0536	0.0536	0.0536
0.0535	0.0537	0.0537	0.0535
0.0536	0.0536	0.0536	0.0536
0.0536	0.0536	0.0536	0.0536
0.0536	0.0536	0.0536	0.0536
0.0536	0.0536	0.0536	0.0536
0.0534	0.0538	0.0538	0.0534
0.0536	0.0536	0.0536	0.0536
0.0536	0.0536	0.0536	0.0536
0.0536	0.0536	0.0536	0.0536
0.0537	0.0535	0.0535	0.0537
0.0536	0.0536	0.0536	0.0536
0.0536	0.0536	0.0536	0.0536
0.0536	0.0536	0.0536	0.0536
0.0536	0.0536	0.0536	0.0536
0.0536	0.0536	0.0536	0.0536
0.0536	0.0536	0.0536	0.0536
