2.9934	3.0227	3.0227	3.0836
2.3725	2.3930	2.3930	2.4133
2.0731	2.0879	2.0879	2.1033
1.8352	1.8466	1.8466	1.8582
1.6288	1.6375	1.6375	1.6460
1.4465	1.4536	1.4536	1.4596
1.2858	1.2904	1.2904	1.2957
1.1432	1.1466	1.1466	1.1501
1.0165	1.0196	1.0196	1.0226
0.9051	0.9071	0.9071	0.9096
0.8065	0.8080	0.8080	0.8094
0.7190	0.7204	0.7204	0.7215
0.6419	0.6426	0.6426	0.6441
0.5732	0.5742	0.5742	0.5746
0.5131	0.5137	0.5137	0.5142
0.4599	0.4603	0.4603	0.4608
0.4125	0.4131	0.4131	0.4130
0.3706	0.3713	0.3713	0.3711
0.3343	0.3341	0.3341	0.3345
0.3017	0.3013	0.3013	0.3019
0.2725	0.2730	0.2730	0.2726
0.2465	0.2473	0.2473	0.2465
0.2251	0.2246	0.2246	0.2251
0.2046	0.2053	0.2053	0.2047
0.1879	0.1876	0.1876	0.1879
0.1711	0.1709	0.1709	0.1711
0.1581	0.1582	0.1582	0.1581
0.1463	0.1460	0.1460	0.1464
0.1353	0.1353	0.1353	0.1353
0.1255	0.1253	0.1253	0.1255
0.1166	0.1172	0.1172	0.1166
0.1104	0.1106	0.1106	0.1104
0.1036	0.1036	0.1036	0.1036
0.0967	0.0964	0.0964	0.0967
0.0936	0.0935	0.0935	0.0936
0.0874	0.0869	0.0869	0.0874
0.0836	0.0837	0.0837	0.0836
0.0829	0.0832	0.0832	0.0829
0.0748	0.0745	0.0745	0.0748
0.0736	0.0736	0.0736	0.0736
0.0736	0.0736	0.0736	0.0736
0.0734	0.0726	0.0726	0.0734
0.0659	0.0660	0.0660	0.0659
0.0636	0.0636	0.0636	0.0636
0.0637	0.0635	0.0635	0.0637
0.0636	0.0636	0.0636	0.0636
0.0635	0.0636	0.0636	0.0635
0.0636	0.0636	0.0636	0.0636
0.0636	0.0634	0.0634	0.0636
0.0629	0.0627	0.0627	0.0629
0.0607	0.0619	0.0619	0.0607
0.0571	0.0574	0.0574	0.0571
0.0544	0.0541	0.0541	0.0544
0.0543	0.0545	0.0545	0.0543
0.0539	0.0538	0.0538	0.0539
0.0536	0.0536	0.0536	0.0536
0.0536	0.0536	0.0536	0.0536
0.0536	0.0536	0.0536	0.0536
0.0536	0.0536	0.0536	0.0536
0.0536	0.0536	0.0536	0.0536
0.0536	0.0536	0.0536	0.0536
0.0536	0.0536	0.0536	0.0536
0.0536	0.0536	0.0536	0.0536
0.0536	0.0536	0.0536	0.0536
0.0536	0.0536	0.0536	0.0536
0.0536	0.0536	0.0536	0.0536
0.0536	0.0536	0.0536	0.0536
0.0535	0.0537	0.0537	0.0535
0.0536	0.0536	0.0536	0.0536
0.0536	0.0536	0.0536	0.0536
0.0536	0.0537	0.0537	0.0536
0.0536	0.0536	0.0536	0.0536
0.0536	0.0537	0.0537	0.0536
0.0536	0.0536	0.0536	0.0536
0.0536	0.0536	0.0536	0.0536
0.0536	0.0536	0.0536	0.0536
0.0536	0.0536	0.0536	0.0536
0.0536	0.0536	0.0536	0.0536
0.0536	0.0536	0.0536	0.0536
0.0536	0.0536	0.0536	0.0536
0.0536	0.0536	0.0536	0.0536
0.0536	0.0536	0.0536	0.0536
0.0537	0.0535	0.0535	0.0537
0.0536	0.0536	0.0536	0.0536
0.0536	0.0536	0.0536	0.0536
0.0536	0.0536	0.0536	0.0536
0.0536	0.0536	0.0536	0.0536
0.0536	0.0536	0.0536	0.0536
0.0536	0.0536	0.0536	0.0536
0.0536	0.0536	0.0536	0.0536
0.0535	0.0537	0.0537	0.0535
0.0536	0.0536	0.0536	0.0536
0.0536	0.0536	0.0536	0.0536
0.0537	0.0535	0.0535	0.0537
0.0535	0.0537	0.0537	0.0535
0.0536	0.0536	0.0536	0.0536
0.0536	0.0536	0.0536	0.0536
0.0536	0.0536	0.0536	0.0536
0.0536	0.0536	0.0536	0.0536
0.0536	0.0536	0.0536	0.0536
