1.9565	1.8312	1.8312	1.7253
1.5071	1.4538	1.4538	1.4013
1.3107	1.2720	1.2720	1.2326
1.1566	1.1272	1.1272	1.0976
1.0240	1.0023	1.0023	0.9801
0.9080	0.8917	0.8917	0.8755
0.8065	0.7945	0.7945	0.7818
0.7173	0.7081	0.7081	0.6985
0.6388	0.6318	0.6318	0.6252
0.5701	0.5648	0.5648	0.5594
0.5090	0.5053	0.5053	0.5010
0.4559	0.4526	0.4526	0.4499
0.4087	0.4062	0.4062	0.4036
0.3669	0.3654	0.3654	0.3638
0.3301	0.3293	0.3293	0.3280
0.2978	0.2970	0.2970	0.2962
0.2698	0.2690	0.2690	0.2678
0.2443	0.2437	0.2437	0.2433
0.2221	0.2216	0.2216	0.2213
0.2018	0.2021	0.2021	0.2013
0.1856	0.1849	0.1849	0.1851
0.1694	0.1693	0.1693	0.1691
0.1568	0.1563	0.1563	0.1564
0.1447	0.1443	0.1443	0.1445
0.1337	0.1336	0.1336	0.1336
0.1240	0.1242	0.1242	0.1239
0.1155	0.1155	0.1155	0.1154
0.1087	0.1088	0.1088	0.1086
0.1037	0.1034	0.1034	0.1037
0.0956	0.0951	0.0951	0.0955
0.0936	0.0932	0.0932	0.0936
0.0869	0.0848	0.0848	0.0868
0.0836	0.0836	0.0836	0.0836
0.0822	0.0821	0.0821	0.0821
0.0742	0.0740	0.0740	0.0742
0.0736	0.0736	0.0736	0.0736
0.0736	0.0736	0.0736	0.0736
0.0733	0.0728	0.0728	0.0733
0.0647	0.0657	0.0657	0.0647
0.0636	0.0636	0.0636	0.0636
0.0636	0.0636	0.0636	0.0636
0.0635	0.0636	0.0636	0.0635
0.0636	0.0636	0.0636	0.0636
0.0635	0.0637	0.0637	0.0635
0.0635	0.0635	0.0635	0.0635
0.0629	0.0622	0.0622	0.0629
0.0613	0.0602	0.0602	0.0613
0.0565	0.0561	0.0561	0.0565
0.0548	0.0545	0.0545	0.0548
0.0540	0.0543	0.0543	0.0540
0.0536	0.0536	0.0536	0.0536
0.0537	0.0535	0.0535	0.0537
0.0536	0.0536	0.0536	0.0536
0.0536	0.0536	0.0536	0.0536
0.0536	0.0536	0.0536	0.0536
0.0536	0.0537	0.0537	0.0536
0.0536	0.0536	0.0536	0.0536
0.0536	0.0536	0.0536	0.0536
0.0536	0.0536	0.0536	0.0536
0.0537	0.0536	0.0536	0.0537
0.0536	0.0536	0.0536	0.0536
0.0536	0.0536	0.0536	0.0536
0.0536	0.0536	0.0536	0.0536
0.0536	0.0536	0.0536	0.0536
0.0536	0.0536	0.0536	0.0536
0.0535	0.0537	0.0537	0.0535
0.0537	0.0536	0.0536	0.0537
0.0536	0.0536	0.0536	0.0536
0.0536	0.0536	0.0536	0.0536
0.0536	0.0536	0.0536	0.0536
0.0536	0.0536	0.0536	0.0536
0.0536	0.0536	0.0536	0.0536
0.0536	0.0536	0.0536	0.0536
0.0536	0.0536	0.0536	0.0536
0.0535	0.0537	0.0537	0.0535
0.0536	0.0536	0.0536	0.0536
0.0530	0.0542	0.0542	0.0530
0.0536	0.0536	0.0536	0.0536
0.0536	0.0536	0.0536	0.0536
0.0536	0.0536	0.0536	0.0536
0.0534	0.0538	0.0538	0.0534
0.0536	0.0536	0.0536	0.0536
0.0536	0.0536	0.0536	0.0536
0.0536	0.0536	0.0536	0.0536
0.0536	0.0536	0.0536	0.0536
0.0536	0.0536	0.0536	0.0536
0.0537	0.0535	0.0535	0.0537
0.0536	0.0536	0.0536	0.0536
0.0536	0.0536	0.0536	0.0536
0.0536	0.0536	0.0536	0.0536
0.0536	0.0536	0.0536	0.0536
0.0536	0.0536	0.0536	0.0536
0.0536	0.0536	0.0536	0.0536
0.0536	0.0536	0.0536	0.0536
0.0536	0.0536	0.0536	0.0536
0.0536	0.0536	0.0536	0.0536
0.0536	0.0536	0.0536	0.0536
0.0536	0.0536	0.0536	0.0536
0.0536	0.0536	0.0536	0.0536
0.0536	0.0536	0.0536	0.0536
