3.9065	3.8753	3.6625	3.6363
3.0361	3.0226	2.9252	2.9125
2.6390	2.6291	2.5572	2.5481
2.3265	2.3191	2.2655	2.2580
2.0568	2.0514	2.0110	2.0054
1.8206	1.8161	1.7858	1.7820
1.6123	1.6095	1.5864	1.5835
1.4290	1.4269	1.4099	1.4071
1.2678	1.2663	1.2529	1.2515
1.1258	1.1241	1.1145	1.1134
1.0001	0.9990	0.9918	0.9909
0.8894	0.8889	0.8834	0.8822
0.7915	0.7912	0.7873	0.7867
0.7056	0.7050	0.7022	0.7018
0.6297	0.6288	0.6268	0.6268
0.5623	0.5621	0.5600	0.5602
0.5032	0.5028	0.5015	0.5010
0.4510	0.4507	0.4494	0.4498
0.4045	0.4041	0.4037	0.4033
0.3634	0.3634	0.3629	0.3629
0.3276	0.3275	0.3274	0.3272
0.2957	0.2956	0.2952	0.2954
0.2677	0.2669	0.2668	0.2673
0.2426	0.2427	0.2426	0.2424
0.2209	0.2204	0.2201	0.2208
0.2007	0.2010	0.2009	0.2005
0.1840	0.1842	0.1840	0.1840
0.1688	0.1685	0.1684	0.1688
0.1561	0.1560	0.1560	0.1561
0.1435	0.1437	0.1436	0.1433
0.1333	0.1331	0.1331	0.1333
0.1241	0.1237	0.1237	0.1240
0.1153	0.1146	0.1146	0.1153
0.1084	0.1080	0.1080	0.1084
0.1032	0.1035	0.1035	0.1032
0.0945	0.0947	0.0946	0.0945
0.0935	0.0934	0.0934	0.0935
0.0853	0.0854	0.0854	0.0853
0.0836	0.0836	0.0836	0.0836
0.0819	0.0816	0.0816	0.0819
0.0740	0.0739	0.0739	0.0740
0.0736	0.0736	0.0736	0.0736
0.0736	0.0736	0.0736	0.0736
0.0720	0.0726	0.0726	0.0720
0.0646	0.0652	0.0652	0.0646
0.0636	0.0636	0.0636	0.0636
0.0636	0.0636	0.0636	0.0636
0.0636	0.0636	0.0636	0.0636
0.0636	0.0636	0.0636	0.0636
0.0636	0.0636	0.0636	0.0636
0.0634	0.0636	0.0636	0.0634
0.0629	0.0628	0.0628	0.0629
0.0600	0.0609	0.0609	0.0600
0.0558	0.0555	0.0555	0.0558
0.0550	0.0542	0.0542	0.0550
0.0538	0.0539	0.0539	0.0538
0.0537	0.0539	0.0539	0.0537
0.0537	0.0536	0.0536	0.0537
0.0536	0.0536	0.0536	0.0536
0.0538	0.0535	0.0535	0.0538
0.0536	0.0536	0.0536	0.0536
0.0537	0.0536	0.0536	0.0537
0.0536	0.0536	0.0536	0.0536
0.0536	0.0536	0.0536	0.0536
0.0535	0.0537	0.0537	0.0535
0.0536	0.0536	0.0536	0.0536
0.0536	0.0536	0.0536	0.0536
0.0536	0.0536	0.0536	0.0536
0.0536	0.0536	0.0536	0.0536
0.0534	0.0538	0.0538	0.0534
0.0536	0.0536	0.0536	0.0536
0.0536	0.0536	0.0536	0.0536
0.0536	0.0536	0.0536	0.0536
0.0536	0.0536	0.0536	0.0536
0.0536	0.0536	0.0536	0.0536
0.0536	0.0536	0.0536	0.0536
0.0536	0.0536	0.0536	0.0536
0.0536	0.0537	0.0537	0.0536
0.0536	0.0536	0.0536	0.0536
0.0536	0.0536	0.0536	0.0536
0.0536	0.0536	0.0536	0.0536
0.0536	0.0536	0.0536	0.0536
0.0536	0.0536	0.0536	0.0536
0.0536	0.0536	0.0536	0.0536
0.0536	0.0536	0.0536	0.0536
0.0536	0.0536	0.0536	0.0536
0.0536	0.0536	0.0536	0.0536
0.0536	0.0536	0.0536	0.0536
0.0535	0.0537	0.0537	0.0535
0.0536	0.0536	0.0536	0.0536
0.0536	0.0536	0.0536	0.0536
0.0536	0.0536	0.0536	0.0536
0.0536	0.0536	0.0536	0.0536
0.0537	0.0535	0.0535	0.0537
0.0536	0.0536	0.0536	0.0536
0.0536	0.0536	0.0536	0.0536
0.0536	0.0536	0.0536	0.0536
0.0536	0.0536	0.0536	0.0536
0.0536	0.0536	0.0536	0.0536
0.0536	0.0536	0.0536	0.0536
