0.9370	0.8843	0.9993	0.9370
0.7495	0.7233	0.7762	0.7495
0.6592	0.6391	0.6788	0.6592
0.5871	0.5726	0.6015	0.5871
0.5249	0.5141	0.5356	0.5249
0.4701	0.4619	0.4780	0.4701
0.4219	0.4155	0.4279	0.4219
0.3790	0.3742	0.3834	0.3790
0.3409	0.3377	0.3446	0.3409
0.3079	0.3048	0.3096	0.3079
0.2778	0.2759	0.2804	0.2778
0.2524	0.2508	0.2534	0.2524
0.2288	0.2277	0.2302	0.2288
0.2088	0.2075	0.2091	0.2088
0.1905	0.1893	0.1904	0.1905
0.1748	0.1741	0.1760	0.1748
0.1604	0.1595	0.1602	0.1604
0.1484	0.1478	0.1483	0.1484
0.1371	0.1369	0.1372	0.1371
0.1274	0.1270	0.1276	0.1274
0.1187	0.1188	0.1190	0.1187
0.1124	0.1120	0.1121	0.1124
0.1041	0.1034	0.1034	0.1041
0.0986	0.0985	0.0986	0.0986
0.0936	0.0936	0.0936	0.0936
0.0889	0.0893	0.0896	0.0889
0.0836	0.0836	0.0836	0.0836
0.0833	0.0835	0.0835	0.0833
0.0762	0.0761	0.0762	0.0762
0.0736	0.0736	0.0736	0.0736
0.0736	0.0736	0.0736	0.0736
0.0732	0.0735	0.0735	0.0732
0.0682	0.0675	0.0675	0.0682
0.0638	0.0636	0.0636	0.0638
0.0636	0.0636	0.0636	0.0636
0.0637	0.0635	0.0635	0.0637
0.0637	0.0635	0.0635	0.0637
0.0635	0.0637	0.0637	0.0635
0.0636	0.0635	0.0635	0.0636
0.0633	0.0627	0.0627	0.0633
0.0618	0.0628	0.0628	0.0618
0.0573	0.0572	0.0572	0.0573
0.0548	0.0549	0.0549	0.0548
0.0540	0.0542	0.0542	0.0540
0.0536	0.0539	0.0539	0.0536
0.0536	0.0536	0.0536	0.0536
0.0536	0.0536	0.0536	0.0536
0.0536	0.0536	0.0536	0.0536
0.0536	0.0536	0.0536	0.0536
0.0536	0.0536	0.0536	0.0536
0.0536	0.0536	0.0536	0.0536
0.0536	0.0536	0.0536	0.0536
0.0536	0.0536	0.0536	0.0536
0.0536	0.0536	0.0536	0.0536
0.0536	0.0536	0.0536	0.0536
0.0537	0.0536	0.0536	0.0537
0.0536	0.0536	0.0536	0.0536
0.0536	0.0536	0.0536	0.0536
0.0536	0.0536	0.0536	0.0536
0.0536	0.0536	0.0536	0.0536
0.0536	0.0536	0.0536	0.0536
0.0537	0.0535	0.0535	0.0537
0.0535	0.0537	0.0537	0.0535
0.0536	0.0536	0.0536	0.0536
0.0536	0.0536	0.0536	0.0536
0.0536	0.0536	0.0536	0.0536
0.0534	0.0538	0.0538	0.0534
0.0536	0.0536	0.0536	0.0536
0.0536	0.0537	0.0537	0.0536
0.0536	0.0536	0.0536	0.0536
0.0536	0.0536	0.0536	0.0536
0.0536	0.0536	0.0536	0.0536
0.0536	0.0536	0.0536	0.0536
0.0536	0.0536	0.0536	0.0536
0.0536	0.0536	0.0536	0.0536
0.0536	0.0536	0.0536	0.0536
0.0536	0.0536	0.0536	0.0536
0.0536	0.0536	0.0536	0.0536
0.0536	0.0536	0.0536	0.0536
0.0535	0.0537	0.0537	0.0535
0.0537	0.0535	0.0535	0.0537
0.0536	0.0536	0.0536	0.0536
0.0536	0.0536	0.0536	0.0536
0.0536	0.0536	0.0536	0.0536
0.0536	0.0536	0.0536	0.0536
0.0535	0.0537	0.0537	0.0535
0.0536	0.0536	0.0536	0.0536
0.0536	0.0536	0.0536	0.0536
0.0536	0.0536	0.0536	0.0536
0.0536	0.0536	0.0536	0.0536
0.0536	0.0536	0.0536	0.0536
0.0536	0.0536	0.0536	0.0536
0.0536	0.0536	0.0536	0.0536
0.0536	0.0536	0.0536	0.0536
0.0537	0.0535	0.0535	0.0537
0.0536	0.0536	0.0536	0.0536
0.0536	0.0536	0.0536	0.0536
0.0536	0.0536	0.0536	0.0536
0.0536	0.0536	0.0536	0.0536
0.0536	0.0536	0.0536	0.0536
