4.4163	4.4154	4.1421	4.1410
3.4370	3.4362	3.3112	3.3107
2.9876	2.9872	2.8952	2.8947
2.6337	2.6332	2.5637	2.5640
2.3281	2.3280	2.2759	2.2754
2.0601	2.0601	2.0208	2.0208
1.8240	1.8237	1.7945	1.7947
1.6163	1.6158	1.5940	1.5941
1.4330	1.4331	1.4166	1.4165
1.2714	1.2719	1.2589	1.2593
1.1292	1.1288	1.1195	1.1197
1.0032	1.0033	0.9966	0.9963
0.8925	0.8924	0.8871	0.8869
0.7945	0.7949	0.7906	0.7907
0.7081	0.7083	0.7051	0.7051
0.6318	0.6319	0.6296	0.6298
0.5642	0.5649	0.5628	0.5627
0.5050	0.5053	0.5036	0.5036
0.4524	0.4523	0.4515	0.4517
0.4055	0.4056	0.4052	0.4051
0.3649	0.3652	0.3645	0.3646
0.3286	0.3287	0.3284	0.3284
0.2967	0.2966	0.2961	0.2965
0.2685	0.2683	0.2679	0.2683
0.2432	0.2432	0.2430	0.2432
0.2213	0.2214	0.2210	0.2212
0.2017	0.2015	0.2013	0.2015
0.1849	0.1846	0.1845	0.1849
0.1690	0.1691	0.1690	0.1690
0.1565	0.1564	0.1564	0.1564
0.1444	0.1443	0.1443	0.1444
0.1334	0.1338	0.1338	0.1333
0.1238	0.1241	0.1241	0.1238
0.1152	0.1147	0.1147	0.1152
0.1087	0.1085	0.1085	0.1085
0.1034	0.1036	0.1036	0.1034
0.0948	0.0954	0.0954	0.0948
0.0936	0.0933	0.0933	0.0936
0.0853	0.0857	0.0857	0.0853
0.0836	0.0836	0.0836	0.0836
0.0818	0.0828	0.0828	0.0818
0.0742	0.0740	0.0740	0.0742
0.0736	0.0737	0.0737	0.0736
0.0736	0.0736	0.0736	0.0736
0.0721	0.0731	0.0731	0.0721
0.0653	0.0649	0.0649	0.0653
0.0637	0.0636	0.0636	0.0637
0.0636	0.0636	0.0636	0.0636
0.0637	0.0635	0.0635	0.0637
0.0636	0.0636	0.0636	0.0636
0.0636	0.0636	0.0636	0.0636
0.0635	0.0635	0.0635	0.0635
0.0626	0.0628	0.0628	0.0626
0.0608	0.0601	0.0601	0.0608
0.0555	0.0561	0.0561	0.0555
0.0545	0.0546	0.0546	0.0545
0.0538	0.0538	0.0538	0.0538
0.0537	0.0537	0.0537	0.0537
0.0536	0.0536	0.0536	0.0536
0.0536	0.0536	0.0536	0.0536
0.0536	0.0536	0.0536	0.0536
0.0536	0.0536	0.0536	0.0536
0.0536	0.0536	0.0536	0.0536
0.0536	0.0536	0.0536	0.0536
0.0536	0.0536	0.0536	0.0536
0.0536	0.0536	0.0536	0.0536
0.0551	0.0522	0.0522	0.0551
0.0536	0.0536	0.0536	0.0536
0.0536	0.0536	0.0536	0.0536
0.0536	0.0536	0.0536	0.0536
0.0536	0.0536	0.0536	0.0536
0.0535	0.0537	0.0537	0.0535
0.0536	0.0536	0.0536	0.0536
0.0536	0.0537	0.0537	0.0536
0.0536	0.0536	0.0536	0.0536
0.0536	0.0536	0.0536	0.0536
0.0536	0.0536	0.0536	0.0536
0.0536	0.0536	0.0536	0.0536
0.0536	0.0536	0.0536	0.0536
0.0537	0.0535	0.0535	0.0537
0.0536	0.0536	0.0536	0.0536
0.0537	0.0535	0.0535	0.0537
0.0536	0.0536	0.0536	0.0536
0.0536	0.0536	0.0536	0.0536
0.0536	0.0536	0.0536	0.0536
0.0536	0.0536	0.0536	0.0536
0.0536	0.0536	0.0536	0.0536
0.0536	0.0536	0.0536	0.0536
0.0536	0.0536	0.0536	0.0536
0.0536	0.0536	0.0536	0.0536
0.0536	0.0536	0.0536	0.0536
0.0536	0.0536	0.0536	0.0536
0.0536	0.0536	0.0536	0.0536
0.0536	0.0536	0.0536	0.0536
0.0536	0.0536	0.0536	0.0536
0.0536	0.0536	0.0536	0.0536
0.0536	0.0536	0.0536	0.0536
0.0536	0.0536	0.0536	0.0536
0.0536	0.0536	0.0536	0.0536
0.0536	0.0536	0.0536	0.0536
