0.9556	1.0191	0.9016	0.9556
0.7643	0.7914	0.7372	0.7643
0.6718	0.6914	0.6516	0.6718
0.5986	0.6135	0.5833	0.5986
0.5347	0.5458	0.5239	0.5347
0.4786	0.4872	0.4706	0.4786
0.4295	0.4356	0.4227	0.4295
0.3856	0.3908	0.3809	0.3856
0.3471	0.3507	0.3438	0.3471
0.3128	0.3160	0.3102	0.3128
0.2831	0.2846	0.2808	0.2831
0.2557	0.2575	0.2544	0.2557
0.2326	0.2334	0.2318	0.2326
0.2114	0.2126	0.2110	0.2114
0.1937	0.1937	0.1927	0.1937
0.1777	0.1782	0.1772	0.1777
0.1625	0.1631	0.1619	0.1625
0.1497	0.1502	0.1497	0.1497
0.1387	0.1388	0.1387	0.1387
0.1291	0.1290	0.1284	0.1291
0.1208	0.1204	0.1202	0.1208
0.1135	0.1133	0.1132	0.1135
0.1039	0.1044	0.1043	0.1039
0.1005	0.1004	0.1001	0.1005
0.0936	0.0936	0.0936	0.0936
0.0906	0.0907	0.0907	0.0906
0.0837	0.0836	0.0836	0.0837
0.0836	0.0836	0.0836	0.0836
0.0769	0.0783	0.0780	0.0769
0.0736	0.0736	0.0736	0.0736
0.0735	0.0737	0.0737	0.0735
0.0734	0.0736	0.0736	0.0734
0.0690	0.0691	0.0691	0.0690
0.0640	0.0639	0.0639	0.0640
0.0636	0.0636	0.0636	0.0636
0.0636	0.0636	0.0636	0.0636
0.0636	0.0636	0.0636	0.0636
0.0636	0.0636	0.0636	0.0636
0.0635	0.0636	0.0636	0.0635
0.0633	0.0632	0.0632	0.0633
0.0622	0.0620	0.0620	0.0622
0.0581	0.0585	0.0585	0.0581
0.0553	0.0549	0.0549	0.0553
0.0545	0.0544	0.0544	0.0545
0.0540	0.0541	0.0541	0.0540
0.0538	0.0536	0.0536	0.0538
0.0536	0.0536	0.0536	0.0536
0.0537	0.0536	0.0536	0.0537
0.0535	0.0537	0.0537	0.0535
0.0536	0.0536	0.0536	0.0536
0.0537	0.0535	0.0535	0.0537
0.0536	0.0536	0.0536	0.0536
0.0536	0.0536	0.0536	0.0536
0.0536	0.0536	0.0536	0.0536
0.0536	0.0536	0.0536	0.0536
0.0536	0.0536	0.0536	0.0536
0.0538	0.0534	0.0534	0.0538
0.0536	0.0536	0.0536	0.0536
0.0536	0.0536	0.0536	0.0536
0.0537	0.0535	0.0535	0.0537
0.0536	0.0536	0.0536	0.0536
0.0536	0.0536	0.0536	0.0536
0.0536	0.0536	0.0536	0.0536
0.0536	0.0536	0.0536	0.0536
0.0536	0.0536	0.0536	0.0536
0.0536	0.0536	0.0536	0.0536
0.0536	0.0536	0.0536	0.0536
0.0534	0.0538	0.0538	0.0534
0.0536	0.0536	0.0536	0.0536
0.0536	0.0536	0.0536	0.0536
0.0536	0.0536	0.0536	0.0536
0.0536	0.0536	0.0536	0.0536
0.0536	0.0536	0.0536	0.0536
0.0536	0.0536	0.0536	0.0536
0.0536	0.0536	0.0536	0.0536
0.0535	0.0537	0.0537	0.0535
0.0536	0.0536	0.0536	0.0536
0.0536	0.0536	0.0536	0.0536
0.0534	0.0538	0.0538	0.0534
0.0536	0.0536	0.0536	0.0536
0.0537	0.0535	0.0535	0.0537
0.0536	0.0536	0.0536	0.0536
0.0536	0.0536	0.0536	0.0536
0.0536	0.0536	0.0536	0.0536
0.0536	0.0536	0.0536	0.0536
0.0536	0.0536	0.0536	0.0536
0.0536	0.0536	0.0536	0.0536
0.0532	0.0540	0.0540	0.0532
0.0536	0.0536	0.0536	0.0536
0.0537	0.0535	0.0535	0.0537
0.0536	0.0536	0.0536	0.0536
0.0536	0.0536	0.0536	0.0536
0.0536	0.0536	0.0536	0.0536
0.0536	0.0536	0.0536	0.0536
0.0536	0.0536	0.0536	0.0536
0.0536	0.0536	0.0536	0.0536
0.0536	0.0536	0.0536	0.0536
0.0536	0.0536	0.0536	0.0536
0.0536	0.0536	0.0536	0.0536
0.0536	0.0536	0.0536	0.0536
