2.7221	2.7451	2.7283	2.7221
2.1565	2.1603	2.1521	2.1565
1.8822	1.8854	1.8794	1.8822
1.6652	1.6675	1.6634	1.6652
1.4773	1.4786	1.4758	1.4773
1.3117	1.3132	1.3103	1.3117
1.1653	1.1665	1.1647	1.1653
1.0361	1.0367	1.0356	1.0361
0.9221	0.9223	0.9214	0.9221
0.8208	0.8210	0.8206	0.8208
0.7319	0.7318	0.7313	0.7319
0.6529	0.6531	0.6526	0.6529
0.5834	0.5832	0.5830	0.5834
0.5215	0.5218	0.5213	0.5215
0.4674	0.4671	0.4666	0.4674
0.4195	0.4190	0.4189	0.4195
0.3763	0.3768	0.3768	0.3763
0.3388	0.3391	0.3391	0.3388
0.3059	0.3058	0.3058	0.3059
0.2763	0.2765	0.2764	0.2763
0.2513	0.2510	0.2510	0.2513
0.2274	0.2275	0.2275	0.2274
0.2076	0.2078	0.2078	0.2076
0.1891	0.1893	0.1893	0.1891
0.1738	0.1737	0.1737	0.1738
0.1589	0.1598	0.1598	0.1589
0.1475	0.1475	0.1475	0.1475
0.1364	0.1367	0.1367	0.1364
0.1261	0.1270	0.1270	0.1261
0.1181	0.1183	0.1183	0.1181
0.1118	0.1120	0.1120	0.1118
0.1036	0.1036	0.1036	0.1036
0.0979	0.0980	0.0980	0.0979
0.0935	0.0937	0.0937	0.0935
0.0883	0.0883	0.0883	0.0883
0.0836	0.0836	0.0836	0.0836
0.0832	0.0833	0.0833	0.0832
0.0755	0.0761	0.0761	0.0755
0.0736	0.0736	0.0736	0.0736
0.0736	0.0736	0.0736	0.0736
0.0729	0.0732	0.0732	0.0729
0.0670	0.0668	0.0668	0.0670
0.0636	0.0636	0.0636	0.0636
0.0636	0.0636	0.0636	0.0636
0.0636	0.0636	0.0636	0.0636
0.0636	0.0636	0.0636	0.0636
0.0636	0.0636	0.0636	0.0636
0.0635	0.0637	0.0637	0.0635
0.0627	0.0628	0.0628	0.0627
0.0614	0.0620	0.0620	0.0614
0.0576	0.0574	0.0574	0.0576
0.0545	0.0547	0.0547	0.0545
0.0539	0.0543	0.0543	0.0539
0.0537	0.0537	0.0537	0.0537
0.0538	0.0536	0.0536	0.0538
0.0537	0.0535	0.0535	0.0537
0.0536	0.0536	0.0536	0.0536
0.0536	0.0536	0.0536	0.0536
0.0536	0.0536	0.0536	0.0536
0.0535	0.0537	0.0537	0.0535
0.0535	0.0538	0.0538	0.0535
0.0536	0.0536	0.0536	0.0536
0.0536	0.0536	0.0536	0.0536
0.0536	0.0537	0.0537	0.0536
0.0536	0.0536	0.0536	0.0536
0.0536	0.0536	0.0536	0.0536
0.0536	0.0536	0.0536	0.0536
0.0536	0.0536	0.0536	0.0536
0.0536	0.0536	0.0536	0.0536
0.0536	0.0536	0.0536	0.0536
0.0536	0.0536	0.0536	0.0536
0.0536	0.0536	0.0536	0.0536
0.0536	0.0536	0.0536	0.0536
0.0535	0.0537	0.0537	0.0535
0.0537	0.0535	0.0535	0.0537
0.0536	0.0536	0.0536	0.0536
0.0531	0.0541	0.0541	0.0531
0.0536	0.0536	0.0536	0.0536
0.0536	0.0536	0.0536	0.0536
0.0536	0.0536	0.0536	0.0536
0.0536	0.0536	0.0536	0.0536
0.0536	0.0536	0.0536	0.0536
0.0536	0.0536	0.0536	0.0536
0.0536	0.0536	0.0536	0.0536
0.0536	0.0536	0.0536	0.0536
0.0536	0.0536	0.0536	0.0536
0.0536	0.0536	0.0536	0.0536
0.0536	0.0536	0.0536	0.0536
0.0536	0.0536	0.0536	0.0536
0.0536	0.0536	0.0536	0.0536
0.0536	0.0536	0.0536	0.0536
0.0536	0.0536	0.0536	0.0536
0.0536	0.0536	0.0536	0.0536
0.0536	0.0536	0.0536	0.0536
0.0535	0.0537	0.0537	0.0535
0.0506	0.0566	0.0566	0.0506
0.0536	0.0536	0.0536	0.0536
0.0536	0.0536	0.0536	0.0536
0.0536	0.0536	0.0536	0.0536
0.0536	0.0536	0.0536	0.0536
