1.8051	1.6900	1.6900	1.5919
1.3915	1.3427	1.3427	1.2938
1.2104	1.1748	1.1748	1.1384
1.0690	1.0418	1.0418	1.0150
0.9467	0.9267	0.9267	0.9063
0.8403	0.8252	0.8252	0.8099
0.7467	0.7349	0.7349	0.7238
0.6646	0.6560	0.6560	0.6471
0.5921	0.5859	0.5859	0.5797
0.5286	0.5243	0.5243	0.5188
0.4728	0.4694	0.4694	0.4656
0.4237	0.4214	0.4214	0.4184
0.3802	0.3782	0.3782	0.3763
0.3419	0.3402	0.3402	0.3389
0.3083	0.3073	0.3073	0.3059
0.2787	0.2775	0.2775	0.2767
0.2527	0.2517	0.2517	0.2515
0.2293	0.2285	0.2285	0.2284
0.2085	0.2084	0.2084	0.2078
0.1899	0.1899	0.1899	0.1893
0.1747	0.1748	0.1748	0.1744
0.1601	0.1598	0.1598	0.1597
0.1481	0.1477	0.1477	0.1479
0.1370	0.1372	0.1372	0.1369
0.1271	0.1270	0.1270	0.1270
0.1189	0.1186	0.1186	0.1188
0.1121	0.1118	0.1118	0.1120
0.1037	0.1036	0.1036	0.1037
0.0984	0.0985	0.0985	0.0984
0.0936	0.0936	0.0936	0.0936
0.0882	0.0892	0.0892	0.0882
0.0836	0.0836	0.0836	0.0836
0.0836	0.0835	0.0835	0.0836
0.0763	0.0758	0.0758	0.0763
0.0736	0.0736	0.0736	0.0736
0.0736	0.0736	0.0736	0.0736
0.0732	0.0731	0.0731	0.0732
0.0677	0.0678	0.0678	0.0677
0.0637	0.0637	0.0637	0.0637
0.0636	0.0636	0.0636	0.0636
0.0636	0.0636	0.0636	0.0636
0.0636	0.0636	0.0636	0.0636
0.0636	0.0636	0.0636	0.0636
0.0636	0.0636	0.0636	0.0636
0.0626	0.0630	0.0630	0.0626
0.0619	0.0619	0.0619	0.0619
0.0581	0.0571	0.0571	0.0581
0.0548	0.0553	0.0553	0.0548
0.0542	0.0541	0.0541	0.0542
0.0537	0.0539	0.0539	0.0537
0.0539	0.0536	0.0536	0.0539
0.0537	0.0535	0.0535	0.0537
0.0536	0.0536	0.0536	0.0536
0.0536	0.0536	0.0536	0.0536
0.0536	0.0536	0.0536	0.0536
0.0536	0.0536	0.0536	0.0536
0.0536	0.0536	0.0536	0.0536
0.0536	0.0536	0.0536	0.0536
0.0536	0.0536	0.0536	0.0536
0.0536	0.0536	0.0536	0.0536
0.0537	0.0535	0.0535	0.0537
0.0536	0.0537	0.0537	0.0536
0.0536	0.0536	0.0536	0.0536
0.0536	0.0536	0.0536	0.0536
0.0536	0.0536	0.0536	0.0536
0.0536	0.0536	0.0536	0.0536
0.0536	0.0536	0.0536	0.0536
0.0536	0.0536	0.0536	0.0536
0.0536	0.0536	0.0536	0.0536
0.0536	0.0536	0.0536	0.0536
0.0536	0.0536	0.0536	0.0536
0.0536	0.0536	0.0536	0.0536
0.0536	0.0536	0.0536	0.0536
0.0536	0.0536	0.0536	0.0536
0.0537	0.0535	0.0535	0.0537
0.0536	0.0536	0.0536	0.0536
0.0536	0.0536	0.0536	0.0536
0.0536	0.0536	0.0536	0.0536
0.0536	0.0536	0.0536	0.0536
0.0536	0.0536	0.0536	0.0536
0.0536	0.0536	0.0536	0.0536
0.0536	0.0536	0.0536	0.0536
0.0536	0.0536	0.0536	0.0536
0.0536	0.0536	0.0536	0.0536
0.0536	0.0536	0.0536	0.0536
0.0537	0.0535	0.0535	0.0537
0.0536	0.0536	0.0536	0.0536
0.0536	0.0536	0.0536	0.0536
0.0536	0.0536	0.0536	0.0536
0.0536	0.0536	0.0536	0.0536
0.0536	0.0536	0.0536	0.0536
0.0536	0.0536	0.0536	0.0536
0.0536	0.0536	0.0536	0.0536
0.0536	0.0536	0.0536	0.0536
0.0536	0.0536	0.0536	0.0536
0.0535	0.0537	0.0537	0.0535
0.0536	0.0536	0.0536	0.0536
0.0536	0.0536	0.0536	0.0536
0.0537	0.0535	0.0535	0.0537
0.0536	0.0536	0.0536	0.0536
