3.9774	3.8404	4.0215	3.8949
3.1214	3.0614	3.1443	3.0837
2.7196	2.6745	2.7356	2.6915
2.4011	2.3678	2.4137	2.3802
2.1260	2.1010	2.1355	2.1102
1.8837	1.8652	1.8909	1.8725
1.6702	1.6559	1.6755	1.6614
1.4817	1.4709	1.4861	1.4750
1.3155	1.3069	1.3182	1.3102
1.1682	1.1620	1.1704	1.1646
1.0384	1.0337	1.0398	1.0356
0.9234	0.9202	0.9249	0.9219
0.8225	0.8196	0.8232	0.8206
0.7328	0.7313	0.7334	0.7316
0.6541	0.6522	0.6543	0.6530
0.5840	0.5824	0.5841	0.5837
0.5222	0.5212	0.5221	0.5220
0.4677	0.4671	0.4679	0.4675
0.4197	0.4191	0.4198	0.4194
0.3772	0.3764	0.3767	0.3768
0.3394	0.3385	0.3389	0.3393
0.3062	0.3063	0.3064	0.3061
0.2764	0.2764	0.2768	0.2764
0.2511	0.2509	0.2510	0.2511
0.2279	0.2279	0.2281	0.2279
0.2077	0.2078	0.2078	0.2075
0.1893	0.1892	0.1892	0.1893
0.1736	0.1743	0.1743	0.1736
0.1594	0.1597	0.1597	0.1594
0.1475	0.1477	0.1477	0.1475
0.1366	0.1366	0.1367	0.1366
0.1266	0.1265	0.1265	0.1266
0.1184	0.1184	0.1184	0.1184
0.1119	0.1119	0.1119	0.1119
0.1036	0.1037	0.1037	0.1036
0.0982	0.0982	0.0982	0.0982
0.0936	0.0936	0.0936	0.0936
0.0880	0.0886	0.0887	0.0880
0.0836	0.0836	0.0836	0.0836
0.0831	0.0833	0.0833	0.0831
0.0760	0.0759	0.0759	0.0760
0.0736	0.0736	0.0736	0.0736
0.0736	0.0736	0.0736	0.0736
0.0735	0.0732	0.0732	0.0735
0.0682	0.0671	0.0671	0.0682
0.0638	0.0636	0.0636	0.0638
0.0636	0.0636	0.0636	0.0636
0.0636	0.0636	0.0636	0.0636
0.0632	0.0640	0.0640	0.0632
0.0641	0.0630	0.0630	0.0641
0.0636	0.0635	0.0635	0.0636
0.0624	0.0628	0.0628	0.0624
0.0620	0.0617	0.0617	0.0620
0.0576	0.0562	0.0562	0.0576
0.0545	0.0546	0.0546	0.0545
0.0539	0.0543	0.0543	0.0539
0.0539	0.0539	0.0539	0.0539
0.0536	0.0537	0.0537	0.0536
0.0536	0.0536	0.0536	0.0536
0.0536	0.0536	0.0536	0.0536
0.0536	0.0536	0.0536	0.0536
0.0537	0.0535	0.0535	0.0537
0.0536	0.0536	0.0536	0.0536
0.0536	0.0536	0.0536	0.0536
0.0536	0.0536	0.0536	0.0536
0.0536	0.0536	0.0536	0.0536
0.0536	0.0536	0.0536	0.0536
0.0535	0.0537	0.0537	0.0535
0.0536	0.0536	0.0536	0.0536
0.0536	0.0536	0.0536	0.0536
0.0536	0.0536	0.0536	0.0536
0.0536	0.0536	0.0536	0.0536
0.0536	0.0536	0.0536	0.0536
0.0536	0.0536	0.0536	0.0536
0.0535	0.0537	0.0537	0.0535
0.0536	0.0536	0.0536	0.0536
0.0536	0.0536	0.0536	0.0536
0.0536	0.0536	0.0536	0.0536
0.0535	0.0537	0.0537	0.0535
0.0536	0.0536	0.0536	0.0536
0.0536	0.0536	0.0536	0.0536
0.0536	0.0536	0.0536	0.0536
0.0536	0.0536	0.0536	0.0536
0.0536	0.0536	0.0536	0.0536
0.0537	0.0535	0.0535	0.0537
0.0536	0.0536	0.0536	0.0536
0.0536	0.0536	0.0536	0.0536
0.0537	0.0535	0.0535	0.0537
0.0536	0.0536	0.0536	0.0536
0.0536	0.0536	0.0536	0.0536
0.0536	0.0536	0.0536	0.0536
0.0536	0.0536	0.0536	0.0536
0.0536	0.0536	0.0536	0.0536
0.0536	0.0536	0.0536	0.0536
0.0536	0.0536	0.0536	0.0536
0.0536	0.0536	0.0536	0.0536
0.0536	0.0536	0.0536	0.0536
0.0536	0.0536	0.0536	0.0536
0.0536	0.0536	0.0536	0.0536
0.0536	0.0536	0.0536	0.0536
