2.0744	1.9534	2.2168	2.0744
1.6460	1.5854	1.7065	1.6460
1.4383	1.3942	1.4829	1.4383
1.2743	1.2409	1.3073	1.2743
1.1316	1.1067	1.1568	1.1316
1.0063	0.9873	1.0256	1.0063
0.8953	0.8812	0.9097	0.8953
0.7976	0.7870	0.8078	0.7976
0.7116	0.7029	0.7192	0.7116
0.6350	0.6288	0.6405	0.6350
0.5672	0.5624	0.5718	0.5672
0.5072	0.5042	0.5106	0.5072
0.4544	0.4521	0.4573	0.4544
0.4078	0.4058	0.4100	0.4078
0.3672	0.3652	0.3683	0.3672
0.3302	0.3290	0.3315	0.3302
0.2981	0.2969	0.2991	0.2981
0.2697	0.2695	0.2710	0.2697
0.2440	0.2440	0.2445	0.2440
0.2228	0.2223	0.2226	0.2228
0.2025	0.2025	0.2031	0.2025
0.1863	0.1855	0.1857	0.1863
0.1697	0.1694	0.1694	0.1697
0.1569	0.1570	0.1570	0.1569
0.1450	0.1448	0.1451	0.1450
0.1341	0.1340	0.1341	0.1341
0.1245	0.1239	0.1240	0.1245
0.1158	0.1156	0.1157	0.1158
0.1091	0.1093	0.1093	0.1091
0.1036	0.1036	0.1036	0.1036
0.0957	0.0958	0.0959	0.0957
0.0935	0.0935	0.0935	0.0935
0.0858	0.0860	0.0860	0.0858
0.0836	0.0836	0.0836	0.0836
0.0827	0.0824	0.0824	0.0827
0.0740	0.0746	0.0746	0.0740
0.0735	0.0738	0.0738	0.0735
0.0736	0.0736	0.0736	0.0736
0.0732	0.0721	0.0721	0.0732
0.0657	0.0650	0.0650	0.0657
0.0636	0.0636	0.0636	0.0636
0.0637	0.0636	0.0636	0.0637
0.0635	0.0637	0.0637	0.0635
0.0636	0.0636	0.0636	0.0636
0.0636	0.0636	0.0636	0.0636
0.0635	0.0631	0.0631	0.0635
0.0629	0.0627	0.0627	0.0629
0.0609	0.0601	0.0601	0.0609
0.0564	0.0563	0.0563	0.0564
0.0549	0.0543	0.0543	0.0549
0.0540	0.0541	0.0541	0.0540
0.0536	0.0537	0.0537	0.0536
0.0536	0.0536	0.0536	0.0536
0.0536	0.0536	0.0536	0.0536
0.0536	0.0536	0.0536	0.0536
0.0536	0.0536	0.0536	0.0536
0.0536	0.0536	0.0536	0.0536
0.0536	0.0536	0.0536	0.0536
0.0536	0.0536	0.0536	0.0536
0.0536	0.0536	0.0536	0.0536
0.0536	0.0536	0.0536	0.0536
0.0536	0.0536	0.0536	0.0536
0.0535	0.0537	0.0537	0.0535
0.0536	0.0537	0.0537	0.0536
0.0536	0.0536	0.0536	0.0536
0.0536	0.0536	0.0536	0.0536
0.0536	0.0536	0.0536	0.0536
0.0536	0.0536	0.0536	0.0536
0.0536	0.0536	0.0536	0.0536
0.0536	0.0536	0.0536	0.0536
0.0536	0.0536	0.0536	0.0536
0.0535	0.0537	0.0537	0.0535
0.0536	0.0536	0.0536	0.0536
0.0536	0.0536	0.0536	0.0536
0.0536	0.0536	0.0536	0.0536
0.0536	0.0536	0.0536	0.0536
0.0536	0.0536	0.0536	0.0536
0.0537	0.0535	0.0535	0.0537
0.0537	0.0535	0.0535	0.0537
0.0536	0.0536	0.0536	0.0536
0.0536	0.0536	0.0536	0.0536
0.0539	0.0533	0.0533	0.0539
0.0536	0.0536	0.0536	0.0536
0.0536	0.0536	0.0536	0.0536
0.0536	0.0536	0.0536	0.0536
0.0538	0.0534	0.0534	0.0538
0.0536	0.0536	0.0536	0.0536
0.0536	0.0536	0.0536	0.0536
0.0536	0.0536	0.0536	0.0536
0.0536	0.0536	0.0536	0.0536
0.0536	0.0536	0.0536	0.0536
0.0536	0.0536	0.0536	0.0536
0.0536	0.0536	0.0536	0.0536
0.0536	0.0536	0.0536	0.0536
0.0536	0.0536	0.0536	0.0536
0.0536	0.0536	0.0536	0.0536
0.0536	0.0536	0.0536	0.0536
0.0536	0.0536	0.0536	0.0536
0.0536	0.0536	0.0536	0.0536
0.0535	0.0537	0.0537	0.0535
