1.7489	1.7203	1.8645	1.8308
1.4005	1.3857	1.4518	1.4377
1.2272	1.2167	1.2655	1.2548
1.0902	1.0820	1.1183	1.1104
0.9706	0.9640	0.9916	0.9862
0.8648	0.8604	0.8813	0.8762
0.7714	0.7678	0.7834	0.7799
0.6882	0.6857	0.6969	0.6948
0.6146	0.6134	0.6217	0.6202
0.5499	0.5485	0.5553	0.5535
0.4923	0.4911	0.4966	0.4958
0.4416	0.4408	0.4444	0.4439
0.3965	0.3961	0.3990	0.3983
0.3568	0.3568	0.3586	0.3583
0.3213	0.3211	0.3230	0.3225
0.2910	0.2907	0.2913	0.2912
0.2631	0.2629	0.2641	0.2635
0.2388	0.2387	0.2395	0.2393
0.2174	0.2171	0.2173	0.2177
0.1985	0.1984	0.1986	0.1988
0.1810	0.1807	0.1809	0.1814
0.1673	0.1672	0.1672	0.1673
0.1536	0.1533	0.1533	0.1536
0.1415	0.1417	0.1419	0.1415
0.1317	0.1317	0.1317	0.1317
0.1229	0.1234	0.1235	0.1230
0.1136	0.1140	0.1140	0.1136
0.1069	0.1066	0.1067	0.1069
0.1030	0.1027	0.1027	0.1031
0.0938	0.0941	0.0941	0.0938
0.0926	0.0933	0.0933	0.0926
0.0839	0.0843	0.0843	0.0839
0.0836	0.0836	0.0836	0.0836
0.0802	0.0805	0.0806	0.0802
0.0737	0.0740	0.0740	0.0737
0.0736	0.0736	0.0736	0.0736
0.0736	0.0734	0.0734	0.0736
0.0713	0.0709	0.0709	0.0713
0.0643	0.0645	0.0645	0.0643
0.0636	0.0636	0.0636	0.0636
0.0643	0.0629	0.0629	0.0643
0.0636	0.0636	0.0636	0.0636
0.0635	0.0636	0.0636	0.0635
0.0636	0.0636	0.0636	0.0636
0.0632	0.0634	0.0634	0.0632
0.0626	0.0624	0.0624	0.0626
0.0603	0.0595	0.0595	0.0603
0.0556	0.0555	0.0555	0.0556
0.0548	0.0548	0.0548	0.0548
0.0543	0.0538	0.0538	0.0543
0.0537	0.0536	0.0536	0.0537
0.0537	0.0535	0.0535	0.0537
0.0536	0.0536	0.0536	0.0536
0.0536	0.0536	0.0536	0.0536
0.0536	0.0536	0.0536	0.0536
0.0537	0.0536	0.0536	0.0537
0.0536	0.0536	0.0536	0.0536
0.0536	0.0536	0.0536	0.0536
0.0536	0.0536	0.0536	0.0536
0.0536	0.0536	0.0536	0.0536
0.0536	0.0536	0.0536	0.0536
0.0536	0.0536	0.0536	0.0536
0.0536	0.0536	0.0536	0.0536
0.0536	0.0536	0.0536	0.0536
0.0535	0.0537	0.0537	0.0535
0.0536	0.0536	0.0536	0.0536
0.0535	0.0537	0.0537	0.0535
0.0536	0.0536	0.0536	0.0536
0.0537	0.0535	0.0535	0.0537
0.0536	0.0536	0.0536	0.0536
0.0536	0.0536	0.0536	0.0536
0.0536	0.0536	0.0536	0.0536
0.0536	0.0536	0.0536	0.0536
0.0536	0.0536	0.0536	0.0536
0.0541	0.0531	0.0531	0.0541
0.0536	0.0536	0.0536	0.0536
0.0536	0.0536	0.0536	0.0536
0.0536	0.0536	0.0536	0.0536
0.0535	0.0537	0.0537	0.0535
0.0536	0.0536	0.0536	0.0536
0.0535	0.0537	0.0537	0.0535
0.0536	0.0536	0.0536	0.0536
0.0536	0.0536	0.0536	0.0536
0.0536	0.0536	0.0536	0.0536
0.0536	0.0536	0.0536	0.0536
0.0536	0.0536	0.0536	0.0536
0.0538	0.0534	0.0534	0.0538
0.0536	0.0536	0.0536	0.0536
0.0536	0.0536	0.0536	0.0536
0.0535	0.0537	0.0537	0.0535
0.0535	0.0537	0.0537	0.0535
0.0536	0.0536	0.0536	0.0536
0.0536	0.0536	0.0536	0.0536
0.0536	0.0536	0.0536	0.0536
0.0536	0.0536	0.0536	0.0536
0.0536	0.0536	0.0536	0.0536
0.0536	0.0536	0.0536	0.0536
0.0536	0.0536	0.0536	0.0536
0.0536	0.0536	0.0536	0.0536
0.0536	0.0536	0.0536	0.0536
