3.5588	3.6591	3.5687	3.6926
2.8253	2.8760	2.8349	2.8870
2.4685	2.5056	2.4753	2.5131
2.1847	2.2130	2.1905	2.2185
1.9382	1.9597	1.9427	1.9640
1.7208	1.7366	1.7240	1.7397
1.5282	1.5403	1.5303	1.5422
1.3578	1.3661	1.3595	1.3686
1.2066	1.2133	1.2080	1.2150
1.0730	1.0782	1.0739	1.0796
0.9552	0.9588	0.9557	0.9597
0.8502	0.8532	0.8512	0.8543
0.7579	0.7605	0.7584	0.7607
0.6765	0.6777	0.6766	0.6784
0.6039	0.6048	0.6045	0.6057
0.5402	0.5409	0.5405	0.5407
0.4837	0.4845	0.4837	0.4846
0.4337	0.4341	0.4338	0.4343
0.3895	0.3899	0.3896	0.3898
0.3505	0.3508	0.3505	0.3509
0.3164	0.3159	0.3158	0.3167
0.2855	0.2853	0.2851	0.2858
0.2583	0.2591	0.2587	0.2586
0.2346	0.2345	0.2345	0.2346
0.2137	0.2138	0.2137	0.2138
0.1957	0.1953	0.1953	0.1957
0.1782	0.1789	0.1789	0.1782
0.1645	0.1648	0.1647	0.1646
0.1506	0.1509	0.1509	0.1506
0.1398	0.1399	0.1399	0.1398
0.1298	0.1296	0.1296	0.1298
0.1215	0.1217	0.1217	0.1215
0.1136	0.1136	0.1136	0.1136
0.1051	0.1050	0.1050	0.1051
0.1008	0.1014	0.1014	0.1009
0.0937	0.0936	0.0936	0.0937
0.0915	0.0910	0.0910	0.0915
0.0838	0.0836	0.0836	0.0838
0.0835	0.0836	0.0836	0.0835
0.0789	0.0794	0.0794	0.0789
0.0736	0.0736	0.0736	0.0736
0.0736	0.0736	0.0736	0.0736
0.0734	0.0736	0.0736	0.0734
0.0699	0.0695	0.0695	0.0699
0.0640	0.0643	0.0643	0.0640
0.0636	0.0637	0.0637	0.0636
0.0636	0.0636	0.0636	0.0636
0.0636	0.0636	0.0636	0.0636
0.0636	0.0636	0.0636	0.0636
0.0636	0.0636	0.0636	0.0636
0.0630	0.0632	0.0632	0.0630
0.0624	0.0622	0.0622	0.0624
0.0591	0.0587	0.0587	0.0591
0.0553	0.0546	0.0546	0.0553
0.0541	0.0540	0.0540	0.0541
0.0538	0.0540	0.0540	0.0538
0.0536	0.0536	0.0536	0.0536
0.0536	0.0536	0.0536	0.0536
0.0536	0.0536	0.0536	0.0536
0.0536	0.0536	0.0536	0.0536
0.0536	0.0536	0.0536	0.0536
0.0536	0.0536	0.0536	0.0536
0.0536	0.0536	0.0536	0.0536
0.0536	0.0536	0.0536	0.0536
0.0536	0.0536	0.0536	0.0536
0.0535	0.0537	0.0537	0.0535
0.0536	0.0536	0.0536	0.0536
0.0535	0.0537	0.0537	0.0535
0.0536	0.0536	0.0536	0.0536
0.0536	0.0536	0.0536	0.0536
0.0536	0.0536	0.0536	0.0536
0.0536	0.0536	0.0536	0.0536
0.0536	0.0536	0.0536	0.0536
0.0535	0.0537	0.0537	0.0535
0.0536	0.0536	0.0536	0.0536
0.0536	0.0536	0.0536	0.0536
0.0536	0.0536	0.0536	0.0536
0.0536	0.0536	0.0536	0.0536
0.0536	0.0536	0.0536	0.0536
0.0536	0.0536	0.0536	0.0536
0.0563	0.0509	0.0509	0.0563
0.0536	0.0536	0.0536	0.0536
0.0536	0.0536	0.0536	0.0536
0.0536	0.0536	0.0536	0.0536
0.0536	0.0536	0.0536	0.0536
0.0536	0.0536	0.0536	0.0536
0.0536	0.0536	0.0536	0.0536
0.0536	0.0536	0.0536	0.0536
0.0536	0.0536	0.0536	0.0536
0.0536	0.0536	0.0536	0.0536
0.0536	0.0536	0.0536	0.0536
0.0535	0.0537	0.0537	0.0535
0.0536	0.0536	0.0536	0.0536
0.0536	0.0536	0.0536	0.0536
0.0536	0.0536	0.0536	0.0536
0.0536	0.0536	0.0536	0.0536
0.0536	0.0536	0.0536	0.0536
0.0536	0.0536	0.0536	0.0536
0.0536	0.0536	0.0536	0.0536
0.0536	0.0536	0.0536	0.0536
