5.5084	5.4778	5.4159	5.3815
4.3203	4.3053	4.2769	4.2618
3.7599	3.7492	3.7282	3.7173
3.3179	3.3098	3.2942	3.2860
2.9345	2.9289	2.9173	2.9110
2.5981	2.5934	2.5845	2.5801
2.3009	2.2974	2.2910	2.2873
2.0384	2.0362	2.0312	2.0285
1.8071	1.8053	1.8015	1.7997
1.6032	1.6012	1.5985	1.5973
1.4221	1.4212	1.4191	1.4177
1.2630	1.2621	1.2600	1.2593
1.1216	1.1214	1.1200	1.1196
0.9971	0.9975	0.9967	0.9956
0.8873	0.8874	0.8867	0.8859
0.7907	0.7907	0.7899	0.7897
0.7048	0.7044	0.7042	0.7043
0.6287	0.6289	0.6285	0.6278
0.5619	0.5624	0.5622	0.5616
0.5033	0.5028	0.5025	0.5029
0.4509	0.4507	0.4504	0.4504
0.4045	0.4042	0.4042	0.4043
0.3640	0.3638	0.3638	0.3637
0.3276	0.3276	0.3276	0.3274
0.2956	0.2956	0.2955	0.2955
0.2684	0.2664	0.2664	0.2683
0.2449	0.2408	0.2408	0.2449
0.2205	0.2209	0.2209	0.2205
0.2012	0.2010	0.2010	0.2011
0.1844	0.1842	0.1842	0.1843
0.1688	0.1688	0.1688	0.1688
0.1559	0.1562	0.1562	0.1559
0.1436	0.1439	0.1439	0.1436
0.1334	0.1330	0.1330	0.1334
0.1237	0.1239	0.1239	0.1237
0.1148	0.1153	0.1152	0.1148
0.1083	0.1085	0.1085	0.1083
0.1036	0.1036	0.1036	0.1036
0.0948	0.0949	0.0949	0.0948
0.0933	0.0937	0.0937	0.0933
0.0853	0.0850	0.0850	0.0853
0.0836	0.0836	0.0836	0.0836
0.0818	0.0816	0.0816	0.0818
0.0753	0.0724	0.0724	0.0753
0.0736	0.0736	0.0736	0.0736
0.0736	0.0736	0.0736	0.0736
0.0717	0.0724	0.0724	0.0717
0.0647	0.0650	0.0650	0.0647
0.0636	0.0636	0.0636	0.0636
0.0636	0.0636	0.0636	0.0636
0.0635	0.0637	0.0637	0.0635
0.0635	0.0637	0.0637	0.0635
0.0636	0.0636	0.0636	0.0636
0.0632	0.0636	0.0636	0.0632
0.0628	0.0626	0.0626	0.0628
0.0605	0.0601	0.0601	0.0605
0.0568	0.0556	0.0556	0.0568
0.0541	0.0540	0.0540	0.0541
0.0541	0.0543	0.0543	0.0541
0.0536	0.0538	0.0538	0.0536
0.0539	0.0533	0.0533	0.0539
0.0536	0.0536	0.0536	0.0536
0.0536	0.0536	0.0536	0.0536
0.0536	0.0536	0.0536	0.0536
0.0536	0.0536	0.0536	0.0536
0.0536	0.0536	0.0536	0.0536
0.0536	0.0536	0.0536	0.0536
0.0536	0.0536	0.0536	0.0536
0.0536	0.0536	0.0536	0.0536
0.0536	0.0536	0.0536	0.0536
0.0536	0.0536	0.0536	0.0536
0.0536	0.0536	0.0536	0.0536
0.0536	0.0536	0.0536	0.0536
0.0535	0.0538	0.0538	0.0535
0.0536	0.0536	0.0536	0.0536
0.0536	0.0536	0.0536	0.0536
0.0536	0.0536	0.0536	0.0536
0.0536	0.0536	0.0536	0.0536
0.0536	0.0536	0.0536	0.0536
0.0536	0.0536	0.0536	0.0536
0.0536	0.0536	0.0536	0.0536
0.0536	0.0536	0.0536	0.0536
0.0536	0.0536	0.0536	0.0536
0.0536	0.0536	0.0536	0.0536
0.0536	0.0536	0.0536	0.0536
0.0536	0.0536	0.0536	0.0536
0.0536	0.0536	0.0536	0.0536
0.0536	0.0536	0.0536	0.0536
0.0536	0.0536	0.0536	0.0536
0.0536	0.0536	0.0536	0.0536
0.0536	0.0536	0.0536	0.0536
0.0536	0.0536	0.0536	0.0536
0.0536	0.0536	0.0536	0.0536
0.0536	0.0536	0.0536	0.0536
0.0536	0.0536	0.0536	0.0536
0.0536	0.0536	0.0536	0.0536
0.0536	0.0536	0.0536	0.0536
0.0536	0.0536	0.0536	0.0536
0.0536	0.0536	0.0536	0.0536
0.0536	0.0536	0.0536	0.0536
