2.3162	2.1805	2.4761	2.3162
1.8361	1.7687	1.9040	1.8361
1.6043	1.5544	1.6538	1.6043
1.4202	1.3825	1.4573	1.4202
1.2609	1.2324	1.2885	1.2609
1.1202	1.0991	1.1413	1.1202
0.9965	0.9805	1.0121	0.9965
0.8866	0.8746	0.8987	0.8866
0.7897	0.7812	0.7987	0.7897
0.7043	0.6974	0.7108	0.7043
0.6286	0.6234	0.6336	0.6286
0.5615	0.5577	0.5652	0.5615
0.5026	0.4992	0.5056	0.5026
0.4502	0.4484	0.4528	0.4502
0.4042	0.4027	0.4057	0.4042
0.3638	0.3622	0.3644	0.3638
0.3275	0.3266	0.3282	0.3275
0.2957	0.2950	0.2962	0.2957
0.2675	0.2669	0.2678	0.2675
0.2428	0.2423	0.2430	0.2428
0.2205	0.2207	0.2211	0.2205
0.2012	0.2005	0.2009	0.2012
0.1838	0.1837	0.1840	0.1838
0.1686	0.1690	0.1691	0.1686
0.1562	0.1559	0.1561	0.1562
0.1440	0.1433	0.1436	0.1440
0.1333	0.1330	0.1331	0.1333
0.1237	0.1238	0.1238	0.1237
0.1151	0.1148	0.1149	0.1151
0.1080	0.1082	0.1084	0.1080
0.1033	0.1036	0.1036	0.1033
0.0947	0.0944	0.0944	0.0947
0.0932	0.0935	0.0935	0.0932
0.0850	0.0847	0.0848	0.0850
0.0836	0.0836	0.0836	0.0836
0.0818	0.0818	0.0819	0.0818
0.0739	0.0741	0.0741	0.0739
0.0736	0.0736	0.0736	0.0736
0.0735	0.0737	0.0737	0.0735
0.0728	0.0725	0.0725	0.0728
0.0652	0.0644	0.0644	0.0652
0.0636	0.0636	0.0636	0.0636
0.0636	0.0636	0.0636	0.0636
0.0636	0.0636	0.0636	0.0636
0.0636	0.0636	0.0636	0.0636
0.0635	0.0637	0.0637	0.0635
0.0635	0.0635	0.0635	0.0635
0.0624	0.0623	0.0623	0.0624
0.0600	0.0611	0.0611	0.0600
0.0562	0.0561	0.0561	0.0562
0.0547	0.0539	0.0539	0.0547
0.0539	0.0541	0.0541	0.0539
0.0536	0.0537	0.0537	0.0536
0.0536	0.0536	0.0536	0.0536
0.0536	0.0536	0.0536	0.0536
0.0536	0.0536	0.0536	0.0536
0.0537	0.0535	0.0535	0.0537
0.0536	0.0536	0.0536	0.0536
0.0536	0.0537	0.0537	0.0536
0.0536	0.0536	0.0536	0.0536
0.0535	0.0537	0.0537	0.0535
0.0536	0.0536	0.0536	0.0536
0.0536	0.0536	0.0536	0.0536
0.0536	0.0536	0.0536	0.0536
0.0536	0.0536	0.0536	0.0536
0.0536	0.0536	0.0536	0.0536
0.0536	0.0536	0.0536	0.0536
0.0536	0.0536	0.0536	0.0536
0.0536	0.0536	0.0536	0.0536
0.0536	0.0536	0.0536	0.0536
0.0536	0.0536	0.0536	0.0536
0.0536	0.0536	0.0536	0.0536
0.0536	0.0536	0.0536	0.0536
0.0536	0.0536	0.0536	0.0536
0.0536	0.0536	0.0536	0.0536
0.0536	0.0536	0.0536	0.0536
0.0536	0.0536	0.0536	0.0536
0.0534	0.0538	0.0538	0.0534
0.0536	0.0536	0.0536	0.0536
0.0536	0.0536	0.0536	0.0536
0.0536	0.0536	0.0536	0.0536
0.0536	0.0536	0.0536	0.0536
0.0536	0.0536	0.0536	0.0536
0.0536	0.0536	0.0536	0.0536
0.0536	0.0536	0.0536	0.0536
0.0536	0.0536	0.0536	0.0536
0.0536	0.0536	0.0536	0.0536
0.0536	0.0536	0.0536	0.0536
0.0536	0.0536	0.0536	0.0536
0.0536	0.0536	0.0536	0.0536
0.0536	0.0536	0.0536	0.0536
0.0536	0.0536	0.0536	0.0536
0.0536	0.0536	0.0536	0.0536
0.0536	0.0536	0.0536	0.0536
0.0536	0.0536	0.0536	0.0536
0.0536	0.0536	0.0536	0.0536
0.0536	0.0536	0.0536	0.0536
0.0536	0.0536	0.0536	0.0536
0.0536	0.0536	0.0536	0.0536
0.0536	0.0536	0.0536	0.0536
