4.2564	4.2081	4.3551	4.3282
3.3632	3.3468	3.4138	3.3964
2.9343	2.9219	2.9716	2.9589
2.5944	2.5850	2.6219	2.6126
2.2989	2.2922	2.3200	2.3129
2.0388	2.0335	2.0545	2.0494
1.8086	1.8048	1.8205	1.8165
1.6056	1.6019	1.6140	1.6112
1.4249	1.4232	1.4315	1.4294
1.2659	1.2642	1.2711	1.2690
1.1252	1.1243	1.1291	1.1275
1.0004	1.0002	1.0034	1.0029
0.8902	0.8902	0.8932	0.8922
0.7938	0.7926	0.7948	0.7949
0.7077	0.7071	0.7085	0.7087
0.6307	0.6322	0.6337	0.6313
0.5642	0.5639	0.5650	0.5646
0.5051	0.5050	0.5059	0.5055
0.4527	0.4521	0.4529	0.4528
0.4060	0.4059	0.4061	0.4061
0.3655	0.3652	0.3654	0.3659
0.3288	0.3290	0.3290	0.3288
0.2970	0.2970	0.2971	0.2971
0.2684	0.2689	0.2689	0.2685
0.2437	0.2437	0.2437	0.2438
0.2216	0.2214	0.2215	0.2216
0.2019	0.2018	0.2019	0.2019
0.1846	0.1853	0.1854	0.1846
0.1693	0.1693	0.1693	0.1693
0.1567	0.1567	0.1567	0.1567
0.1445	0.1443	0.1443	0.1445
0.1335	0.1338	0.1338	0.1335
0.1242	0.1239	0.1239	0.1242
0.1153	0.1154	0.1154	0.1153
0.1089	0.1086	0.1086	0.1089
0.1036	0.1035	0.1035	0.1036
0.0952	0.0953	0.0953	0.0952
0.0936	0.0935	0.0935	0.0936
0.0856	0.0860	0.0860	0.0856
0.0836	0.0836	0.0836	0.0836
0.0816	0.0831	0.0831	0.0816
0.0740	0.0741	0.0741	0.0740
0.0736	0.0736	0.0736	0.0736
0.0736	0.0736	0.0736	0.0736
0.0724	0.0724	0.0724	0.0724
0.0648	0.0655	0.0655	0.0648
0.0636	0.0636	0.0636	0.0636
0.0636	0.0637	0.0637	0.0636
0.0636	0.0636	0.0636	0.0636
0.0634	0.0637	0.0637	0.0634
0.0636	0.0635	0.0635	0.0636
0.0636	0.0634	0.0634	0.0636
0.0627	0.0629	0.0629	0.0627
0.0612	0.0604	0.0604	0.0612
0.0557	0.0567	0.0567	0.0557
0.0542	0.0544	0.0544	0.0542
0.0539	0.0540	0.0540	0.0539
0.0537	0.0537	0.0537	0.0537
0.0536	0.0536	0.0536	0.0536
0.0536	0.0536	0.0536	0.0536
0.0536	0.0536	0.0536	0.0536
0.0536	0.0536	0.0536	0.0536
0.0536	0.0536	0.0536	0.0536
0.0536	0.0536	0.0536	0.0536
0.0536	0.0536	0.0536	0.0536
0.0536	0.0536	0.0536	0.0536
0.0536	0.0536	0.0536	0.0536
0.0536	0.0536	0.0536	0.0536
0.0536	0.0536	0.0536	0.0536
0.0536	0.0536	0.0536	0.0536
0.0536	0.0536	0.0536	0.0536
0.0536	0.0536	0.0536	0.0536
0.0536	0.0536	0.0536	0.0536
0.0536	0.0536	0.0536	0.0536
0.0536	0.0536	0.0536	0.0536
0.0536	0.0536	0.0536	0.0536
0.0536	0.0536	0.0536	0.0536
0.0536	0.0536	0.0536	0.0536
0.0536	0.0536	0.0536	0.0536
0.0536	0.0536	0.0536	0.0536
0.0536	0.0536	0.0536	0.0536
0.0535	0.0537	0.0537	0.0535
0.0536	0.0536	0.0536	0.0536
0.0536	0.0536	0.0536	0.0536
0.0536	0.0536	0.0536	0.0536
0.0535	0.0537	0.0537	0.0535
0.0536	0.0536	0.0536	0.0536
0.0536	0.0536	0.0536	0.0536
0.0536	0.0536	0.0536	0.0536
0.0536	0.0536	0.0536	0.0536
0.0537	0.0535	0.0535	0.0537
0.0536	0.0536	0.0536	0.0536
0.0536	0.0536	0.0536	0.0536
0.0536	0.0536	0.0536	0.0536
0.0536	0.0536	0.0536	0.0536
0.0536	0.0536	0.0536	0.0536
0.0535	0.0537	0.0537	0.0535
0.0536	0.0536	0.0536	0.0536
0.0536	0.0536	0.0536	0.0536
0.0536	0.0536	0.0536	0.0536
