4.5978	4.4229	4.6403	4.4769
3.6020	3.5245	3.6242	3.5467
3.1356	3.0787	3.1521	3.0952
2.7677	2.7252	2.7801	2.7371
2.4490	2.4171	2.4581	2.4265
2.1691	2.1452	2.1759	2.1512
1.9216	1.9037	1.9269	1.9089
1.7037	1.6900	1.7077	1.6940
1.5110	1.5008	1.5142	1.5038
1.3413	1.3332	1.3432	1.3353
1.1912	1.1855	1.1929	1.1867
1.0586	1.0543	1.0603	1.0551
0.9414	0.9382	0.9425	0.9393
0.8382	0.8357	0.8387	0.8365
0.7470	0.7445	0.7472	0.7457
0.6661	0.6646	0.6668	0.6652
0.5948	0.5938	0.5948	0.5942
0.5319	0.5309	0.5318	0.5315
0.4762	0.4755	0.4764	0.4759
0.4267	0.4266	0.4273	0.4265
0.3836	0.3833	0.3835	0.3832
0.3452	0.3453	0.3455	0.3448
0.3107	0.3111	0.3114	0.3105
0.2817	0.2814	0.2814	0.2816
0.2546	0.2542	0.2542	0.2544
0.2314	0.2316	0.2317	0.2314
0.2111	0.2104	0.2105	0.2111
0.1921	0.1921	0.1922	0.1921
0.1769	0.1768	0.1768	0.1769
0.1611	0.1615	0.1615	0.1611
0.1491	0.1492	0.1492	0.1491
0.1383	0.1381	0.1381	0.1383
0.1284	0.1285	0.1285	0.1283
0.1201	0.1198	0.1198	0.1201
0.1133	0.1132	0.1132	0.1133
0.1039	0.1037	0.1037	0.1039
0.0998	0.1001	0.1001	0.0998
0.0935	0.0938	0.0938	0.0935
0.0899	0.0903	0.0903	0.0899
0.0836	0.0836	0.0836	0.0836
0.0834	0.0835	0.0835	0.0834
0.0777	0.0769	0.0769	0.0777
0.0738	0.0734	0.0734	0.0738
0.0736	0.0735	0.0735	0.0736
0.0735	0.0734	0.0734	0.0735
0.0690	0.0683	0.0683	0.0690
0.0638	0.0641	0.0641	0.0638
0.0637	0.0636	0.0636	0.0637
0.0636	0.0636	0.0636	0.0636
0.0635	0.0637	0.0637	0.0635
0.0636	0.0636	0.0636	0.0636
0.0636	0.0635	0.0635	0.0636
0.0634	0.0627	0.0627	0.0634
0.0625	0.0620	0.0620	0.0625
0.0581	0.0579	0.0579	0.0581
0.0546	0.0553	0.0553	0.0546
0.0542	0.0543	0.0543	0.0542
0.0538	0.0538	0.0538	0.0538
0.0536	0.0537	0.0537	0.0536
0.0536	0.0536	0.0536	0.0536
0.0536	0.0536	0.0536	0.0536
0.0537	0.0535	0.0535	0.0537
0.0536	0.0536	0.0536	0.0536
0.0536	0.0536	0.0536	0.0536
0.0536	0.0536	0.0536	0.0536
0.0536	0.0536	0.0536	0.0536
0.0536	0.0536	0.0536	0.0536
0.0536	0.0536	0.0536	0.0536
0.0535	0.0537	0.0537	0.0535
0.0536	0.0536	0.0536	0.0536
0.0536	0.0536	0.0536	0.0536
0.0536	0.0536	0.0536	0.0536
0.0536	0.0536	0.0536	0.0536
0.0536	0.0536	0.0536	0.0536
0.0536	0.0536	0.0536	0.0536
0.0538	0.0535	0.0535	0.0538
0.0536	0.0536	0.0536	0.0536
0.0536	0.0536	0.0536	0.0536
0.0536	0.0536	0.0536	0.0536
0.0547	0.0525	0.0525	0.0547
0.0536	0.0536	0.0536	0.0536
0.0536	0.0536	0.0536	0.0536
0.0536	0.0536	0.0536	0.0536
0.0536	0.0536	0.0536	0.0536
0.0538	0.0534	0.0534	0.0538
0.0536	0.0536	0.0536	0.0536
0.0536	0.0536	0.0536	0.0536
0.0527	0.0545	0.0545	0.0527
0.0536	0.0536	0.0536	0.0536
0.0536	0.0536	0.0536	0.0536
0.0536	0.0536	0.0536	0.0536
0.0536	0.0536	0.0536	0.0536
0.0536	0.0536	0.0536	0.0536
0.0536	0.0536	0.0536	0.0536
0.0536	0.0536	0.0536	0.0536
0.0536	0.0536	0.0536	0.0536
0.0536	0.0536	0.0536	0.0536
0.0536	0.0536	0.0536	0.0536
0.0536	0.0536	0.0536	0.0536
0.0535	0.0537	0.0537	0.0535
