2.7208	2.7050	2.5523	2.5386
2.1199	2.1126	2.0422	2.0360
1.8450	1.8396	1.7883	1.7832
1.6283	1.6240	1.5860	1.5822
1.4415	1.4389	1.4097	1.4070
1.2777	1.2757	1.2536	1.2519
1.1341	1.1319	1.1159	1.1142
1.0070	1.0055	0.9927	0.9920
0.8947	0.8939	0.8845	0.8839
0.7963	0.7959	0.7886	0.7882
0.7092	0.7090	0.7038	0.7032
0.6328	0.6318	0.6284	0.6281
0.5649	0.5649	0.5621	0.5618
0.5054	0.5055	0.5029	0.5025
0.4528	0.4525	0.4509	0.4507
0.4058	0.4059	0.4050	0.4047
0.3658	0.3648	0.3641	0.3639
0.3285	0.3286	0.3280	0.3273
0.2967	0.2967	0.2961	0.2959
0.2683	0.2684	0.2680	0.2677
0.2435	0.2432	0.2429	0.2433
0.2214	0.2215	0.2214	0.2211
0.2016	0.2017	0.2015	0.2015
0.1849	0.1847	0.1845	0.1847
0.1690	0.1689	0.1689	0.1690
0.1563	0.1563	0.1563	0.1561
0.1442	0.1446	0.1446	0.1440
0.1334	0.1336	0.1335	0.1334
0.1238	0.1239	0.1237	0.1238
0.1153	0.1153	0.1152	0.1152
0.1086	0.1087	0.1086	0.1086
0.1035	0.1036	0.1036	0.1035
0.0951	0.0952	0.0952	0.0951
0.0936	0.0931	0.0931	0.0936
0.0851	0.0860	0.0860	0.0851
0.0836	0.0836	0.0836	0.0836
0.0830	0.0812	0.0812	0.0830
0.0738	0.0740	0.0740	0.0738
0.0736	0.0736	0.0736	0.0736
0.0736	0.0736	0.0736	0.0736
0.0721	0.0725	0.0725	0.0721
0.0650	0.0648	0.0648	0.0650
0.0636	0.0636	0.0636	0.0636
0.0636	0.0636	0.0636	0.0636
0.0636	0.0636	0.0636	0.0636
0.0636	0.0636	0.0636	0.0636
0.0636	0.0636	0.0636	0.0636
0.0634	0.0634	0.0634	0.0634
0.0630	0.0624	0.0624	0.0630
0.0608	0.0605	0.0605	0.0608
0.0561	0.0558	0.0558	0.0561
0.0546	0.0546	0.0546	0.0546
0.0538	0.0545	0.0545	0.0538
0.0537	0.0537	0.0537	0.0537
0.0536	0.0536	0.0536	0.0536
0.0536	0.0536	0.0536	0.0536
0.0536	0.0536	0.0536	0.0536
0.0536	0.0536	0.0536	0.0536
0.0536	0.0536	0.0536	0.0536
0.0536	0.0536	0.0536	0.0536
0.0536	0.0536	0.0536	0.0536
0.0536	0.0536	0.0536	0.0536
0.0536	0.0537	0.0537	0.0536
0.0536	0.0536	0.0536	0.0536
0.0536	0.0536	0.0536	0.0536
0.0536	0.0536	0.0536	0.0536
0.0536	0.0537	0.0537	0.0536
0.0536	0.0536	0.0536	0.0536
0.0536	0.0536	0.0536	0.0536
0.0536	0.0536	0.0536	0.0536
0.0536	0.0536	0.0536	0.0536
0.0537	0.0535	0.0535	0.0537
0.0536	0.0536	0.0536	0.0536
0.0536	0.0536	0.0536	0.0536
0.0536	0.0536	0.0536	0.0536
0.0536	0.0536	0.0536	0.0536
0.0536	0.0536	0.0536	0.0536
0.0536	0.0536	0.0536	0.0536
0.0536	0.0536	0.0536	0.0536
0.0536	0.0536	0.0536	0.0536
0.0537	0.0535	0.0535	0.0537
0.0536	0.0536	0.0536	0.0536
0.0536	0.0536	0.0536	0.0536
0.0536	0.0536	0.0536	0.0536
0.0535	0.0537	0.0537	0.0535
0.0536	0.0536	0.0536	0.0536
0.0536	0.0536	0.0536	0.0536
0.0537	0.0535	0.0535	0.0537
0.0536	0.0536	0.0536	0.0536
0.0536	0.0536	0.0536	0.0536
0.0536	0.0536	0.0536	0.0536
0.0537	0.0535	0.0535	0.0537
0.0536	0.0536	0.0536	0.0536
0.0536	0.0536	0.0536	0.0536
0.0536	0.0536	0.0536	0.0536
0.0536	0.0536	0.0536	0.0536
0.0536	0.0536	0.0536	0.0536
0.0536	0.0536	0.0536	0.0536
0.0536	0.0536	0.0536	0.0536
0.0537	0.0535	0.0535	0.0537
