6.3374	6.2803	6.2760	6.2198
4.9721	4.9463	4.9436	4.9182
4.3273	4.3085	4.3075	4.2874
3.8177	3.8037	3.8026	3.7879
3.3767	3.3662	3.3653	3.3544
2.9891	2.9805	2.9798	2.9718
2.6463	2.6400	2.6396	2.6337
2.3441	2.3397	2.3395	2.3345
2.0771	2.0739	2.0736	2.0697
1.8413	1.8384	1.8383	1.8362
1.6332	1.6309	1.6308	1.6292
1.4489	1.4475	1.4474	1.4463
1.2867	1.2854	1.2854	1.2844
1.1429	1.1425	1.1425	1.1411
1.0162	1.0157	1.0157	1.0151
0.9040	0.9038	0.9038	0.9033
0.8054	0.8051	0.8051	0.8049
0.7184	0.7176	0.7176	0.7175
0.6408	0.6400	0.6400	0.6407
0.5721	0.5724	0.5724	0.5720
0.5118	0.5116	0.5116	0.5118
0.4583	0.4587	0.4587	0.4581
0.4119	0.4115	0.4115	0.4116
0.3697	0.3698	0.3698	0.3697
0.3333	0.3333	0.3333	0.3332
0.3008	0.3006	0.3006	0.3007
0.2724	0.2720	0.2720	0.2723
0.2465	0.2462	0.2462	0.2463
0.2241	0.2240	0.2240	0.2241
0.2041	0.2042	0.2042	0.2041
0.1871	0.1873	0.1873	0.1871
0.1706	0.1707	0.1707	0.1705
0.1578	0.1578	0.1578	0.1578
0.1458	0.1459	0.1459	0.1458
0.1349	0.1348	0.1348	0.1349
0.1250	0.1247	0.1247	0.1250
0.1169	0.1167	0.1167	0.1169
0.1100	0.1102	0.1102	0.1100
0.1036	0.1036	0.1036	0.1036
0.0965	0.0959	0.0959	0.0965
0.0936	0.0936	0.0936	0.0936
0.0861	0.0867	0.0867	0.0861
0.0836	0.0836	0.0836	0.0836
0.0827	0.0828	0.0828	0.0827
0.0746	0.0744	0.0744	0.0746
0.0736	0.0736	0.0736	0.0736
0.0736	0.0736	0.0736	0.0736
0.0730	0.0730	0.0730	0.0730
0.0660	0.0656	0.0656	0.0660
0.0638	0.0636	0.0636	0.0638
0.0636	0.0636	0.0636	0.0636
0.0636	0.0636	0.0636	0.0636
0.0636	0.0636	0.0636	0.0636
0.0635	0.0637	0.0637	0.0635
0.0635	0.0636	0.0636	0.0635
0.0623	0.0629	0.0629	0.0623
0.0614	0.0615	0.0615	0.0614
0.0559	0.0574	0.0574	0.0559
0.0549	0.0545	0.0545	0.0549
0.0540	0.0536	0.0536	0.0540
0.0536	0.0539	0.0539	0.0536
0.0536	0.0536	0.0536	0.0536
0.0539	0.0533	0.0533	0.0539
0.0537	0.0536	0.0536	0.0537
0.0536	0.0536	0.0536	0.0536
0.0536	0.0536	0.0536	0.0536
0.0536	0.0536	0.0536	0.0536
0.0536	0.0536	0.0536	0.0536
0.0536	0.0536	0.0536	0.0536
0.0536	0.0536	0.0536	0.0536
0.0537	0.0535	0.0535	0.0537
0.0536	0.0536	0.0536	0.0536
0.0536	0.0536	0.0536	0.0536
0.0536	0.0536	0.0536	0.0536
0.0535	0.0537	0.0537	0.0535
0.0536	0.0536	0.0536	0.0536
0.0536	0.0536	0.0536	0.0536
0.0536	0.0536	0.0536	0.0536
0.0536	0.0536	0.0536	0.0536
0.0536	0.0536	0.0536	0.0536
0.0536	0.0536	0.0536	0.0536
0.0536	0.0536	0.0536	0.0536
0.0536	0.0536	0.0536	0.0536
0.0536	0.0536	0.0536	0.0536
0.0536	0.0536	0.0536	0.0536
0.0536	0.0536	0.0536	0.0536
0.0536	0.0536	0.0536	0.0536
0.0536	0.0536	0.0536	0.0536
0.0536	0.0536	0.0536	0.0536
0.0536	0.0536	0.0536	0.0536
0.0536	0.0536	0.0536	0.0536
0.0536	0.0536	0.0536	0.0536
0.0536	0.0536	0.0536	0.0536
0.0536	0.0536	0.0536	0.0536
0.0536	0.0536	0.0536	0.0536
0.0536	0.0536	0.0536	0.0536
0.0537	0.0535	0.0535	0.0537
0.0536	0.0536	0.0536	0.0536
0.0536	0.0536	0.0536	0.0536
0.0536	0.0536	0.0536	0.0536
