3.8433	3.7564	3.9081	3.8362
3.0275	2.9907	3.0605	3.0238
2.6398	2.6132	2.6643	2.6372
2.3329	2.3128	2.3509	2.3308
2.0669	2.0516	2.0806	2.0654
1.8324	1.8211	1.8429	1.8312
1.6258	1.6170	1.6334	1.6246
1.4428	1.4361	1.4485	1.4426
1.2811	1.2764	1.2860	1.2811
1.1382	1.1352	1.1415	1.1381
1.0124	1.0094	1.0149	1.0119
0.9007	0.8988	0.9026	0.9006
0.8022	0.8006	0.8037	0.8020
0.7151	0.7140	0.7164	0.7150
0.6384	0.6374	0.6390	0.6384
0.5705	0.5696	0.5711	0.5705
0.5102	0.5096	0.5107	0.5102
0.4570	0.4568	0.4574	0.4570
0.4100	0.4104	0.4108	0.4099
0.3686	0.3685	0.3687	0.3686
0.3320	0.3317	0.3319	0.3320
0.2997	0.2998	0.3001	0.2997
0.2716	0.2712	0.2714	0.2716
0.2453	0.2452	0.2454	0.2453
0.2233	0.2232	0.2232	0.2233
0.2036	0.2037	0.2037	0.2036
0.1873	0.1862	0.1862	0.1873
0.1701	0.1703	0.1704	0.1701
0.1573	0.1573	0.1573	0.1573
0.1456	0.1451	0.1451	0.1456
0.1346	0.1347	0.1348	0.1346
0.1245	0.1244	0.1244	0.1245
0.1162	0.1160	0.1160	0.1162
0.1098	0.1096	0.1097	0.1098
0.1036	0.1036	0.1036	0.1036
0.0958	0.0964	0.0964	0.0958
0.0936	0.0936	0.0936	0.0936
0.0859	0.0866	0.0866	0.0859
0.0836	0.0836	0.0836	0.0836
0.0827	0.0827	0.0827	0.0827
0.0744	0.0742	0.0742	0.0744
0.0738	0.0735	0.0735	0.0738
0.0736	0.0735	0.0735	0.0736
0.0732	0.0726	0.0726	0.0732
0.0662	0.0653	0.0653	0.0662
0.0636	0.0636	0.0636	0.0636
0.0636	0.0636	0.0636	0.0636
0.0636	0.0636	0.0636	0.0636
0.0636	0.0636	0.0636	0.0636
0.0636	0.0636	0.0636	0.0636
0.0636	0.0634	0.0634	0.0636
0.0627	0.0632	0.0632	0.0627
0.0608	0.0613	0.0613	0.0608
0.0556	0.0568	0.0568	0.0556
0.0545	0.0546	0.0546	0.0545
0.0537	0.0540	0.0540	0.0537
0.0536	0.0536	0.0536	0.0536
0.0536	0.0537	0.0537	0.0536
0.0536	0.0536	0.0536	0.0536
0.0536	0.0536	0.0536	0.0536
0.0536	0.0536	0.0536	0.0536
0.0536	0.0536	0.0536	0.0536
0.0536	0.0536	0.0536	0.0536
0.0536	0.0536	0.0536	0.0536
0.0537	0.0537	0.0537	0.0537
0.0536	0.0536	0.0536	0.0536
0.0536	0.0536	0.0536	0.0536
0.0535	0.0537	0.0537	0.0535
0.0536	0.0536	0.0536	0.0536
0.0536	0.0536	0.0536	0.0536
0.0536	0.0536	0.0536	0.0536
0.0536	0.0536	0.0536	0.0536
0.0536	0.0536	0.0536	0.0536
0.0536	0.0536	0.0536	0.0536
0.0536	0.0536	0.0536	0.0536
0.0537	0.0536	0.0536	0.0537
0.0536	0.0536	0.0536	0.0536
0.0536	0.0536	0.0536	0.0536
0.0536	0.0536	0.0536	0.0536
0.0536	0.0536	0.0536	0.0536
0.0536	0.0536	0.0536	0.0536
0.0536	0.0536	0.0536	0.0536
0.0536	0.0536	0.0536	0.0536
0.0536	0.0536	0.0536	0.0536
0.0536	0.0536	0.0536	0.0536
0.0536	0.0536	0.0536	0.0536
0.0536	0.0536	0.0536	0.0536
0.0536	0.0536	0.0536	0.0536
0.0536	0.0536	0.0536	0.0536
0.0536	0.0536	0.0536	0.0536
0.0536	0.0536	0.0536	0.0536
0.0536	0.0536	0.0536	0.0536
0.0536	0.0536	0.0536	0.0536
0.0536	0.0536	0.0536	0.0536
0.0536	0.0536	0.0536	0.0536
0.0536	0.0536	0.0536	0.0536
0.0536	0.0536	0.0536	0.0536
0.0536	0.0536	0.0536	0.0536
0.0536	0.0536	0.0536	0.0536
0.0537	0.0535	0.0535	0.0537
