1.5377	1.6422	1.4485	1.5377
1.2225	1.2673	1.1784	1.2225
1.0704	1.1031	1.0382	1.0704
0.9501	0.9741	0.9252	0.9501
0.8456	0.8636	0.8268	0.8456
0.7534	0.7669	0.7396	0.7534
0.6717	0.6818	0.6609	0.6717
0.5998	0.6075	0.5920	0.5998
0.5365	0.5420	0.5307	0.5365
0.4801	0.4850	0.4760	0.4801
0.4307	0.4332	0.4270	0.4307
0.3867	0.3893	0.3845	0.3867
0.3480	0.3497	0.3464	0.3480
0.3138	0.3156	0.3122	0.3138
0.2835	0.2845	0.2824	0.2835
0.2566	0.2574	0.2557	0.2566
0.2331	0.2340	0.2330	0.2331
0.2122	0.2128	0.2117	0.2122
0.1940	0.1939	0.1934	0.1940
0.1778	0.1777	0.1777	0.1778
0.1632	0.1633	0.1627	0.1632
0.1501	0.1500	0.1499	0.1501
0.1390	0.1392	0.1388	0.1390
0.1291	0.1297	0.1292	0.1291
0.1207	0.1207	0.1205	0.1207
0.1135	0.1134	0.1134	0.1135
0.1044	0.1048	0.1046	0.1044
0.1004	0.1006	0.1006	0.1004
0.0936	0.0936	0.0936	0.0936
0.0907	0.0907	0.0906	0.0907
0.0836	0.0837	0.0837	0.0836
0.0839	0.0832	0.0832	0.0839
0.0785	0.0782	0.0782	0.0785
0.0736	0.0736	0.0736	0.0736
0.0736	0.0736	0.0736	0.0736
0.0737	0.0733	0.0733	0.0737
0.0692	0.0695	0.0695	0.0692
0.0640	0.0636	0.0636	0.0640
0.0636	0.0636	0.0636	0.0636
0.0636	0.0636	0.0636	0.0636
0.0636	0.0636	0.0636	0.0636
0.0634	0.0637	0.0637	0.0634
0.0636	0.0636	0.0636	0.0636
0.0631	0.0631	0.0631	0.0631
0.0624	0.0625	0.0625	0.0624
0.0586	0.0583	0.0583	0.0586
0.0553	0.0546	0.0546	0.0553
0.0545	0.0543	0.0543	0.0545
0.0541	0.0541	0.0541	0.0541
0.0538	0.0536	0.0536	0.0538
0.0536	0.0536	0.0536	0.0536
0.0536	0.0536	0.0536	0.0536
0.0536	0.0536	0.0536	0.0536
0.0537	0.0535	0.0535	0.0537
0.0536	0.0536	0.0536	0.0536
0.0536	0.0536	0.0536	0.0536
0.0538	0.0535	0.0535	0.0538
0.0536	0.0536	0.0536	0.0536
0.0535	0.0537	0.0537	0.0535
0.0536	0.0536	0.0536	0.0536
0.0536	0.0536	0.0536	0.0536
0.0536	0.0536	0.0536	0.0536
0.0536	0.0536	0.0536	0.0536
0.0536	0.0536	0.0536	0.0536
0.0536	0.0536	0.0536	0.0536
0.0536	0.0536	0.0536	0.0536
0.0536	0.0536	0.0536	0.0536
0.0536	0.0536	0.0536	0.0536
0.0536	0.0536	0.0536	0.0536
0.0535	0.0537	0.0537	0.0535
0.0536	0.0536	0.0536	0.0536
0.0536	0.0536	0.0536	0.0536
0.0536	0.0536	0.0536	0.0536
0.0536	0.0536	0.0536	0.0536
0.0536	0.0536	0.0536	0.0536
0.0536	0.0536	0.0536	0.0536
0.0536	0.0536	0.0536	0.0536
0.0535	0.0537	0.0537	0.0535
0.0544	0.0528	0.0528	0.0544
0.0536	0.0536	0.0536	0.0536
0.0536	0.0536	0.0536	0.0536
0.0535	0.0537	0.0537	0.0535
0.0536	0.0536	0.0536	0.0536
0.0536	0.0536	0.0536	0.0536
0.0536	0.0536	0.0536	0.0536
0.0536	0.0536	0.0536	0.0536
0.0536	0.0536	0.0536	0.0536
0.0536	0.0536	0.0536	0.0536
0.0535	0.0537	0.0537	0.0535
0.0536	0.0536	0.0536	0.0536
0.0536	0.0536	0.0536	0.0536
0.0536	0.0536	0.0536	0.0536
0.0536	0.0536	0.0536	0.0536
0.0536	0.0536	0.0536	0.0536
0.0537	0.0535	0.0535	0.0537
0.0536	0.0536	0.0536	0.0536
0.0536	0.0536	0.0536	0.0536
0.0536	0.0536	0.0536	0.0536
0.0536	0.0536	0.0536	0.0536
0.0536	0.0536	0.0536	0.0536
