4.0519	4.0456	4.0456	4.0817
3.1916	3.1990	3.1990	3.2058
2.7835	2.7890	2.7890	2.7939
2.4606	2.4645	2.4645	2.4681
2.1804	2.1834	2.1834	2.1861
1.9335	1.9355	1.9355	1.9375
1.7152	1.7167	1.7167	1.7183
1.5223	1.5234	1.5234	1.5242
1.3517	1.3521	1.3521	1.3532
1.2010	1.2014	1.2014	1.2020
1.0675	1.0679	1.0679	1.0686
0.9495	0.9500	0.9500	0.9500
0.8452	0.8461	0.8461	0.8462
0.7536	0.7536	0.7536	0.7539
0.6717	0.6721	0.6721	0.6722
0.6005	0.6002	0.6002	0.6006
0.5366	0.5366	0.5366	0.5369
0.4804	0.4808	0.4808	0.4804
0.4334	0.4289	0.4289	0.4335
0.3869	0.3870	0.3870	0.3871
0.3482	0.3480	0.3480	0.3482
0.3143	0.3143	0.3143	0.3143
0.2836	0.2837	0.2837	0.2836
0.2567	0.2565	0.2565	0.2568
0.2332	0.2336	0.2336	0.2332
0.2122	0.2123	0.2123	0.2122
0.1939	0.1942	0.1942	0.1939
0.1780	0.1775	0.1775	0.1780
0.1631	0.1632	0.1632	0.1631
0.1501	0.1502	0.1502	0.1501
0.1389	0.1393	0.1393	0.1389
0.1292	0.1292	0.1292	0.1292
0.1210	0.1207	0.1207	0.1210
0.1134	0.1135	0.1135	0.1134
0.1048	0.1044	0.1044	0.1048
0.1002	0.1008	0.1008	0.1002
0.0936	0.0936	0.0936	0.0936
0.0915	0.0909	0.0909	0.0915
0.0836	0.0837	0.0837	0.0836
0.0836	0.0836	0.0836	0.0836
0.0781	0.0778	0.0778	0.0781
0.0736	0.0736	0.0736	0.0736
0.0736	0.0736	0.0736	0.0736
0.0735	0.0734	0.0734	0.0735
0.0692	0.0689	0.0689	0.0692
0.0641	0.0637	0.0637	0.0641
0.0636	0.0636	0.0636	0.0636
0.0636	0.0636	0.0636	0.0636
0.0638	0.0634	0.0634	0.0638
0.0636	0.0636	0.0636	0.0636
0.0636	0.0636	0.0636	0.0636
0.0634	0.0632	0.0632	0.0634
0.0621	0.0626	0.0626	0.0621
0.0585	0.0588	0.0588	0.0585
0.0548	0.0559	0.0559	0.0548
0.0542	0.0541	0.0541	0.0542
0.0539	0.0536	0.0536	0.0539
0.0537	0.0537	0.0537	0.0537
0.0536	0.0536	0.0536	0.0536
0.0536	0.0536	0.0536	0.0536
0.0536	0.0536	0.0536	0.0536
0.0535	0.0537	0.0537	0.0535
0.0536	0.0536	0.0536	0.0536
0.0535	0.0537	0.0537	0.0535
0.0536	0.0536	0.0536	0.0536
0.0536	0.0536	0.0536	0.0536
0.0536	0.0536	0.0536	0.0536
0.0536	0.0536	0.0536	0.0536
0.0536	0.0536	0.0536	0.0536
0.0535	0.0537	0.0537	0.0535
0.0536	0.0536	0.0536	0.0536
0.0536	0.0536	0.0536	0.0536
0.0536	0.0536	0.0536	0.0536
0.0540	0.0532	0.0532	0.0540
0.0536	0.0536	0.0536	0.0536
0.0536	0.0536	0.0536	0.0536
0.0536	0.0536	0.0536	0.0536
0.0536	0.0536	0.0536	0.0536
0.0535	0.0537	0.0537	0.0535
0.0536	0.0536	0.0536	0.0536
0.0536	0.0536	0.0536	0.0536
0.0536	0.0536	0.0536	0.0536
0.0536	0.0536	0.0536	0.0536
0.0536	0.0536	0.0536	0.0536
0.0536	0.0536	0.0536	0.0536
0.0536	0.0536	0.0536	0.0536
0.0536	0.0536	0.0536	0.0536
0.0546	0.0526	0.0526	0.0546
0.0536	0.0536	0.0536	0.0536
0.0536	0.0536	0.0536	0.0536
0.0536	0.0536	0.0536	0.0536
0.0536	0.0536	0.0536	0.0536
0.0536	0.0536	0.0536	0.0536
0.0536	0.0536	0.0536	0.0536
0.0536	0.0536	0.0536	0.0536
0.0535	0.0537	0.0537	0.0535
0.0536	0.0536	0.0536	0.0536
0.0536	0.0536	0.0536	0.0536
0.0536	0.0536	0.0536	0.0536
0.0536	0.0536	0.0536	0.0536
