2.3755	2.5346	2.3183	2.4673
1.8951	1.9656	1.8670	1.9371
1.6582	1.7099	1.6374	1.6891
1.4696	1.5088	1.4542	1.4933
1.3060	1.3352	1.2945	1.3239
1.1614	1.1836	1.1528	1.1749
1.0335	1.0502	1.0272	1.0433
0.9204	0.9327	0.9153	0.9280
0.8200	0.8293	0.8161	0.8259
0.7310	0.7381	0.7284	0.7353
0.6529	0.6580	0.6503	0.6562
0.5831	0.5872	0.5818	0.5854
0.5215	0.5253	0.5209	0.5233
0.4677	0.4697	0.4666	0.4690
0.4196	0.4213	0.4190	0.4207
0.3768	0.3784	0.3764	0.3777
0.3394	0.3401	0.3384	0.3398
0.3065	0.3070	0.3061	0.3070
0.2771	0.2773	0.2762	0.2773
0.2513	0.2519	0.2514	0.2515
0.2291	0.2275	0.2267	0.2291
0.2081	0.2081	0.2077	0.2083
0.1893	0.1896	0.1894	0.1893
0.1740	0.1743	0.1739	0.1741
0.1595	0.1597	0.1596	0.1595
0.1479	0.1476	0.1475	0.1479
0.1368	0.1371	0.1371	0.1368
0.1270	0.1273	0.1273	0.1270
0.1184	0.1183	0.1183	0.1184
0.1117	0.1121	0.1120	0.1117
0.1036	0.1036	0.1036	0.1036
0.0979	0.0986	0.0986	0.0979
0.0936	0.0936	0.0936	0.0936
0.0881	0.0888	0.0888	0.0883
0.0836	0.0836	0.0836	0.0836
0.0833	0.0834	0.0834	0.0833
0.0759	0.0756	0.0756	0.0759
0.0736	0.0736	0.0736	0.0736
0.0735	0.0736	0.0736	0.0735
0.0734	0.0730	0.0730	0.0734
0.0674	0.0668	0.0668	0.0674
0.0638	0.0637	0.0637	0.0638
0.0637	0.0635	0.0635	0.0637
0.0636	0.0636	0.0636	0.0636
0.0635	0.0636	0.0636	0.0635
0.0636	0.0636	0.0636	0.0636
0.0634	0.0636	0.0636	0.0634
0.0635	0.0628	0.0628	0.0635
0.0619	0.0618	0.0618	0.0619
0.0573	0.0574	0.0574	0.0573
0.0551	0.0547	0.0547	0.0551
0.0543	0.0541	0.0541	0.0543
0.0537	0.0537	0.0537	0.0537
0.0537	0.0536	0.0536	0.0537
0.0536	0.0536	0.0536	0.0536
0.0536	0.0536	0.0536	0.0536
0.0536	0.0536	0.0536	0.0536
0.0536	0.0536	0.0536	0.0536
0.0536	0.0536	0.0536	0.0536
0.0537	0.0536	0.0536	0.0537
0.0536	0.0536	0.0536	0.0536
0.0536	0.0536	0.0536	0.0536
0.0536	0.0536	0.0536	0.0536
0.0536	0.0536	0.0536	0.0536
0.0536	0.0536	0.0536	0.0536
0.0536	0.0536	0.0536	0.0536
0.0536	0.0536	0.0536	0.0536
0.0536	0.0536	0.0536	0.0536
0.0536	0.0536	0.0536	0.0536
0.0536	0.0536	0.0536	0.0536
0.0536	0.0536	0.0536	0.0536
0.0537	0.0535	0.0535	0.0537
0.0535	0.0537	0.0537	0.0535
0.0536	0.0536	0.0536	0.0536
0.0537	0.0535	0.0535	0.0537
0.0536	0.0536	0.0536	0.0536
0.0536	0.0536	0.0536	0.0536
0.0536	0.0536	0.0536	0.0536
0.0537	0.0536	0.0536	0.0537
0.0536	0.0536	0.0536	0.0536
0.0536	0.0536	0.0536	0.0536
0.0536	0.0536	0.0536	0.0536
0.0537	0.0535	0.0535	0.0537
0.0536	0.0536	0.0536	0.0536
0.0536	0.0536	0.0536	0.0536
0.0536	0.0536	0.0536	0.0536
0.0536	0.0536	0.0536	0.0536
0.0536	0.0536	0.0536	0.0536
0.0536	0.0536	0.0536	0.0536
0.0536	0.0536	0.0536	0.0536
0.0536	0.0536	0.0536	0.0536
0.0534	0.0538	0.0538	0.0534
0.0536	0.0536	0.0536	0.0536
0.0537	0.0535	0.0535	0.0537
0.0536	0.0536	0.0536	0.0536
0.0536	0.0536	0.0536	0.0536
0.0536	0.0536	0.0536	0.0536
0.0525	0.0547	0.0547	0.0525
0.0536	0.0536	0.0536	0.0536
0.0537	0.0535	0.0535	0.0537
