2.7586	2.9456	2.6775	2.8501
2.1967	2.2795	2.1567	2.2388
1.9208	1.9808	1.8913	1.9513
1.7013	1.7466	1.6786	1.7245
1.5103	1.5448	1.4940	1.5279
1.3423	1.3674	1.3296	1.3552
1.1930	1.2123	1.1839	1.2028
1.0614	1.0756	1.0539	1.0688
0.9447	0.9557	0.9392	0.9503
0.8417	0.8498	0.8370	0.8456
0.7501	0.7561	0.7465	0.7532
0.6688	0.6738	0.6671	0.6715
0.5974	0.6015	0.5961	0.5995
0.5349	0.5374	0.5336	0.5359
0.4786	0.4809	0.4780	0.4797
0.4295	0.4309	0.4285	0.4306
0.3857	0.3866	0.3853	0.3862
0.3474	0.3479	0.3470	0.3478
0.3131	0.3138	0.3126	0.3137
0.2831	0.2833	0.2826	0.2832
0.2558	0.2563	0.2555	0.2561
0.2326	0.2333	0.2330	0.2329
0.2116	0.2122	0.2117	0.2119
0.1936	0.1937	0.1935	0.1936
0.1777	0.1776	0.1775	0.1777
0.1624	0.1629	0.1628	0.1625
0.1503	0.1497	0.1497	0.1503
0.1390	0.1389	0.1388	0.1390
0.1290	0.1292	0.1292	0.1290
0.1205	0.1208	0.1207	0.1205
0.1134	0.1132	0.1132	0.1134
0.1043	0.1045	0.1044	0.1043
0.1006	0.1002	0.1002	0.1006
0.0936	0.0936	0.0936	0.0936
0.0911	0.0905	0.0905	0.0911
0.0837	0.0836	0.0836	0.0837
0.0834	0.0836	0.0836	0.0834
0.0785	0.0773	0.0773	0.0785
0.0736	0.0736	0.0736	0.0736
0.0736	0.0736	0.0736	0.0736
0.0734	0.0735	0.0735	0.0734
0.0693	0.0688	0.0688	0.0693
0.0637	0.0640	0.0640	0.0637
0.0636	0.0636	0.0636	0.0636
0.0636	0.0636	0.0636	0.0636
0.0636	0.0636	0.0636	0.0636
0.0636	0.0636	0.0636	0.0636
0.0636	0.0635	0.0635	0.0636
0.0634	0.0627	0.0627	0.0634
0.0624	0.0617	0.0617	0.0624
0.0590	0.0582	0.0582	0.0590
0.0549	0.0556	0.0556	0.0549
0.0543	0.0543	0.0543	0.0543
0.0539	0.0538	0.0538	0.0539
0.0536	0.0537	0.0537	0.0536
0.0536	0.0536	0.0536	0.0536
0.0536	0.0536	0.0536	0.0536
0.0536	0.0537	0.0537	0.0536
0.0536	0.0536	0.0536	0.0536
0.0536	0.0536	0.0536	0.0536
0.0536	0.0536	0.0536	0.0536
0.0536	0.0536	0.0536	0.0536
0.0536	0.0536	0.0536	0.0536
0.0536	0.0536	0.0536	0.0536
0.0536	0.0536	0.0536	0.0536
0.0536	0.0536	0.0536	0.0536
0.0536	0.0536	0.0536	0.0536
0.0536	0.0536	0.0536	0.0536
0.0536	0.0536	0.0536	0.0536
0.0536	0.0536	0.0536	0.0536
0.0536	0.0536	0.0536	0.0536
0.0536	0.0536	0.0536	0.0536
0.0536	0.0536	0.0536	0.0536
0.0536	0.0536	0.0536	0.0536
0.0536	0.0536	0.0536	0.0536
0.0536	0.0536	0.0536	0.0536
0.0536	0.0536	0.0536	0.0536
0.0536	0.0536	0.0536	0.0536
0.0536	0.0536	0.0536	0.0536
0.0536	0.0536	0.0536	0.0536
0.0536	0.0536	0.0536	0.0536
0.0536	0.0536	0.0536	0.0536
0.0537	0.0535	0.0535	0.0537
0.0536	0.0536	0.0536	0.0536
0.0536	0.0536	0.0536	0.0536
0.0537	0.0535	0.0535	0.0537
0.0536	0.0536	0.0536	0.0536
0.0536	0.0536	0.0536	0.0536
0.0536	0.0536	0.0536	0.0536
0.0536	0.0536	0.0536	0.0536
0.0536	0.0536	0.0536	0.0536
0.0535	0.0537	0.0537	0.0535
0.0535	0.0537	0.0537	0.0535
0.0538	0.0534	0.0534	0.0538
0.0536	0.0536	0.0536	0.0536
0.0536	0.0536	0.0536	0.0536
0.0534	0.0538	0.0538	0.0534
0.0536	0.0536	0.0536	0.0536
0.0536	0.0536	0.0536	0.0536
0.0536	0.0536	0.0536	0.0536
