2.4585	2.6213	2.4325	2.5908
1.9659	2.0397	1.9526	2.0269
1.7211	1.7753	1.7111	1.7653
1.5260	1.5666	1.5188	1.5597
1.3566	1.3872	1.3510	1.3818
1.2066	1.2295	1.2024	1.2252
1.0738	1.0914	1.0709	1.0881
0.9559	0.9691	0.9537	0.9669
0.8519	0.8619	0.8505	0.8598
0.7594	0.7669	0.7583	0.7655
0.6778	0.6834	0.6768	0.6819
0.6056	0.6098	0.6048	0.6089
0.5416	0.5447	0.5413	0.5442
0.4852	0.4875	0.4848	0.4870
0.4348	0.4367	0.4345	0.4365
0.3907	0.3921	0.3911	0.3917
0.3516	0.3526	0.3514	0.3524
0.3172	0.3180	0.3167	0.3177
0.2864	0.2870	0.2863	0.2868
0.2598	0.2604	0.2597	0.2600
0.2352	0.2354	0.2352	0.2356
0.2147	0.2147	0.2142	0.2148
0.1961	0.1962	0.1957	0.1963
0.1789	0.1790	0.1789	0.1789
0.1653	0.1653	0.1651	0.1653
0.1510	0.1511	0.1510	0.1510
0.1401	0.1399	0.1398	0.1402
0.1302	0.1304	0.1302	0.1302
0.1218	0.1219	0.1217	0.1219
0.1135	0.1136	0.1136	0.1135
0.1051	0.1056	0.1055	0.1051
0.1018	0.1012	0.1012	0.1018
0.0936	0.0936	0.0936	0.0936
0.0919	0.0914	0.0914	0.0919
0.0836	0.0837	0.0837	0.0836
0.0836	0.0836	0.0836	0.0836
0.0786	0.0790	0.0790	0.0786
0.0736	0.0736	0.0736	0.0736
0.0736	0.0736	0.0736	0.0736
0.0735	0.0734	0.0734	0.0735
0.0709	0.0699	0.0699	0.0709
0.0646	0.0638	0.0638	0.0646
0.0636	0.0636	0.0636	0.0636
0.0636	0.0636	0.0636	0.0636
0.0636	0.0636	0.0636	0.0636
0.0636	0.0636	0.0636	0.0636
0.0636	0.0635	0.0635	0.0636
0.0633	0.0634	0.0634	0.0633
0.0620	0.0627	0.0627	0.0620
0.0597	0.0584	0.0584	0.0597
0.0554	0.0550	0.0550	0.0554
0.0541	0.0543	0.0543	0.0541
0.0537	0.0537	0.0537	0.0537
0.0536	0.0536	0.0536	0.0536
0.0536	0.0536	0.0536	0.0536
0.0536	0.0536	0.0536	0.0536
0.0536	0.0536	0.0536	0.0536
0.0536	0.0536	0.0536	0.0536
0.0536	0.0536	0.0536	0.0536
0.0536	0.0536	0.0536	0.0536
0.0536	0.0536	0.0536	0.0536
0.0536	0.0536	0.0536	0.0536
0.0536	0.0536	0.0536	0.0536
0.0536	0.0536	0.0536	0.0536
0.0536	0.0537	0.0537	0.0536
0.0536	0.0536	0.0536	0.0536
0.0536	0.0536	0.0536	0.0536
0.0536	0.0536	0.0536	0.0536
0.0536	0.0536	0.0536	0.0536
0.0536	0.0536	0.0536	0.0536
0.0536	0.0536	0.0536	0.0536
0.0536	0.0536	0.0536	0.0536
0.0536	0.0536	0.0536	0.0536
0.0536	0.0536	0.0536	0.0536
0.0536	0.0536	0.0536	0.0536
0.0536	0.0536	0.0536	0.0536
0.0536	0.0536	0.0536	0.0536
0.0536	0.0536	0.0536	0.0536
0.0536	0.0536	0.0536	0.0536
0.0536	0.0536	0.0536	0.0536
0.0536	0.0536	0.0536	0.0536
0.0536	0.0536	0.0536	0.0536
0.0536	0.0536	0.0536	0.0536
0.0536	0.0536	0.0536	0.0536
0.0536	0.0536	0.0536	0.0536
0.0536	0.0536	0.0536	0.0536
0.0536	0.0536	0.0536	0.0536
0.0536	0.0536	0.0536	0.0536
0.0537	0.0535	0.0535	0.0537
0.0536	0.0536	0.0536	0.0536
0.0536	0.0536	0.0536	0.0536
0.0536	0.0536	0.0536	0.0536
0.0536	0.0536	0.0536	0.0536
0.0536	0.0536	0.0536	0.0536
0.0536	0.0536	0.0536	0.0536
0.0536	0.0536	0.0536	0.0536
0.0536	0.0536	0.0536	0.0536
0.0536	0.0536	0.0536	0.0536
0.0536	0.0536	0.0536	0.0536
0.0538	0.0534	0.0534	0.0538
