3.3497	3.4724	3.4252	3.5433
2.6762	2.7321	2.7099	2.7646
2.3404	2.3808	2.3650	2.4059
2.0733	2.1039	2.0923	2.1228
1.8410	1.8640	1.8553	1.8781
1.6357	1.6529	1.6463	1.6634
1.4538	1.4665	1.4615	1.4746
1.2917	1.3019	1.2984	1.3075
1.1491	1.1564	1.1536	1.1611
1.0225	1.0281	1.0261	1.0310
0.9105	0.9144	0.9129	0.9170
0.8108	0.8147	0.8131	0.8162
0.7232	0.7256	0.7250	0.7273
0.6457	0.6475	0.6468	0.6487
0.5770	0.5786	0.5776	0.5796
0.5168	0.5171	0.5168	0.5179
0.4627	0.4635	0.4631	0.4639
0.4152	0.4151	0.4150	0.4159
0.3734	0.3735	0.3732	0.3743
0.3362	0.3369	0.3367	0.3369
0.3031	0.3035	0.3034	0.3036
0.2741	0.2742	0.2740	0.2742
0.2488	0.2487	0.2485	0.2489
0.2260	0.2262	0.2262	0.2261
0.2063	0.2061	0.2061	0.2064
0.1884	0.1884	0.1884	0.1884
0.1724	0.1724	0.1724	0.1726
0.1588	0.1588	0.1588	0.1588
0.1465	0.1469	0.1469	0.1465
0.1358	0.1360	0.1360	0.1358
0.1257	0.1259	0.1259	0.1257
0.1176	0.1172	0.1171	0.1176
0.1110	0.1105	0.1105	0.1110
0.1036	0.1036	0.1036	0.1036
0.0967	0.0977	0.0977	0.0967
0.0936	0.0936	0.0936	0.0936
0.0876	0.0875	0.0875	0.0876
0.0836	0.0836	0.0836	0.0836
0.0833	0.0833	0.0833	0.0833
0.0750	0.0750	0.0750	0.0750
0.0736	0.0736	0.0736	0.0736
0.0736	0.0736	0.0736	0.0736
0.0730	0.0729	0.0729	0.0730
0.0663	0.0669	0.0669	0.0663
0.0637	0.0637	0.0637	0.0637
0.0636	0.0636	0.0636	0.0636
0.0636	0.0636	0.0636	0.0636
0.0636	0.0636	0.0636	0.0636
0.0636	0.0636	0.0636	0.0636
0.0636	0.0636	0.0636	0.0636
0.0632	0.0621	0.0621	0.0632
0.0616	0.0615	0.0615	0.0616
0.0570	0.0569	0.0569	0.0570
0.0545	0.0553	0.0553	0.0545
0.0540	0.0547	0.0547	0.0540
0.0537	0.0536	0.0536	0.0537
0.0536	0.0537	0.0537	0.0536
0.0536	0.0536	0.0536	0.0536
0.0536	0.0536	0.0536	0.0536
0.0536	0.0536	0.0536	0.0536
0.0536	0.0536	0.0536	0.0536
0.0535	0.0537	0.0537	0.0535
0.0536	0.0536	0.0536	0.0536
0.0535	0.0537	0.0537	0.0535
0.0538	0.0535	0.0535	0.0538
0.0536	0.0536	0.0536	0.0536
0.0537	0.0536	0.0536	0.0537
0.0536	0.0536	0.0536	0.0536
0.0536	0.0536	0.0536	0.0536
0.0536	0.0536	0.0536	0.0536
0.0536	0.0536	0.0536	0.0536
0.0536	0.0536	0.0536	0.0536
0.0536	0.0536	0.0536	0.0536
0.0536	0.0536	0.0536	0.0536
0.0536	0.0536	0.0536	0.0536
0.0536	0.0536	0.0536	0.0536
0.0536	0.0536	0.0536	0.0536
0.0536	0.0536	0.0536	0.0536
0.0536	0.0536	0.0536	0.0536
0.0535	0.0537	0.0537	0.0535
0.0536	0.0536	0.0536	0.0536
0.0536	0.0536	0.0536	0.0536
0.0536	0.0536	0.0536	0.0536
0.0536	0.0536	0.0536	0.0536
0.0536	0.0536	0.0536	0.0536
0.0536	0.0536	0.0536	0.0536
0.0536	0.0536	0.0536	0.0536
0.0536	0.0536	0.0536	0.0536
0.0536	0.0536	0.0536	0.0536
0.0535	0.0537	0.0537	0.0535
0.0535	0.0537	0.0537	0.0535
0.0536	0.0536	0.0536	0.0536
0.0536	0.0536	0.0536	0.0536
0.0536	0.0536	0.0536	0.0536
0.0536	0.0536	0.0536	0.0536
0.0536	0.0536	0.0536	0.0536
0.0538	0.0534	0.0534	0.0538
0.0536	0.0536	0.0536	0.0536
0.0536	0.0536	0.0536	0.0536
0.0536	0.0536	0.0536	0.0536
