4.3643	4.2268	4.2887	4.1435
3.4066	3.3417	3.3700	3.3050
2.9628	2.9153	2.9360	2.8886
2.6130	2.5772	2.5928	2.5572
2.3107	2.2836	2.2954	2.2684
2.0451	2.0250	2.0338	2.0140
1.8114	1.7961	1.8031	1.7877
1.6060	1.5942	1.5990	1.5878
1.4242	1.4152	1.4194	1.4102
1.2639	1.2574	1.2604	1.2540
1.1224	1.1176	1.1195	1.1149
0.9976	0.9944	0.9953	0.9916
0.8873	0.8846	0.8859	0.8830
0.7902	0.7884	0.7890	0.7870
0.7044	0.7030	0.7038	0.7016
0.6283	0.6272	0.6278	0.6268
0.5615	0.5607	0.5608	0.5601
0.5021	0.5019	0.5023	0.5009
0.4503	0.4497	0.4497	0.4495
0.4039	0.4031	0.4033	0.4035
0.3634	0.3629	0.3629	0.3625
0.3273	0.3268	0.3269	0.3271
0.2952	0.2952	0.2952	0.2951
0.2670	0.2670	0.2670	0.2668
0.2426	0.2424	0.2424	0.2425
0.2204	0.2204	0.2204	0.2203
0.2010	0.2007	0.2007	0.2008
0.1843	0.1839	0.1841	0.1842
0.1686	0.1686	0.1686	0.1686
0.1557	0.1561	0.1561	0.1555
0.1436	0.1431	0.1431	0.1436
0.1330	0.1332	0.1332	0.1329
0.1235	0.1238	0.1238	0.1235
0.1148	0.1150	0.1150	0.1148
0.1082	0.1082	0.1082	0.1082
0.1031	0.1038	0.1038	0.1031
0.0948	0.0947	0.0947	0.0948
0.0937	0.0933	0.0933	0.0937
0.0851	0.0848	0.0848	0.0851
0.0833	0.0839	0.0839	0.0833
0.0818	0.0819	0.0819	0.0818
0.0742	0.0740	0.0740	0.0742
0.0739	0.0734	0.0734	0.0739
0.0736	0.0736	0.0736	0.0736
0.0717	0.0726	0.0726	0.0717
0.0652	0.0646	0.0646	0.0652
0.0637	0.0636	0.0636	0.0637
0.0636	0.0636	0.0636	0.0636
0.0636	0.0636	0.0636	0.0636
0.0636	0.0636	0.0636	0.0636
0.0634	0.0637	0.0637	0.0634
0.0635	0.0634	0.0634	0.0635
0.0629	0.0626	0.0626	0.0629
0.0608	0.0602	0.0602	0.0608
0.0558	0.0557	0.0557	0.0558
0.0553	0.0547	0.0547	0.0553
0.0538	0.0538	0.0538	0.0538
0.0537	0.0536	0.0536	0.0537
0.0537	0.0536	0.0536	0.0537
0.0536	0.0536	0.0536	0.0536
0.0537	0.0535	0.0535	0.0537
0.0536	0.0536	0.0536	0.0536
0.0536	0.0536	0.0536	0.0536
0.0536	0.0536	0.0536	0.0536
0.0536	0.0536	0.0536	0.0536
0.0536	0.0536	0.0536	0.0536
0.0535	0.0537	0.0537	0.0535
0.0536	0.0536	0.0536	0.0536
0.0536	0.0536	0.0536	0.0536
0.0536	0.0536	0.0536	0.0536
0.0536	0.0536	0.0536	0.0536
0.0536	0.0536	0.0536	0.0536
0.0536	0.0536	0.0536	0.0536
0.0536	0.0536	0.0536	0.0536
0.0536	0.0536	0.0536	0.0536
0.0536	0.0536	0.0536	0.0536
0.0536	0.0536	0.0536	0.0536
0.0536	0.0536	0.0536	0.0536
0.0536	0.0536	0.0536	0.0536
0.0536	0.0536	0.0536	0.0536
0.0536	0.0536	0.0536	0.0536
0.0536	0.0536	0.0536	0.0536
0.0536	0.0536	0.0536	0.0536
0.0536	0.0536	0.0536	0.0536
0.0536	0.0536	0.0536	0.0536
0.0536	0.0536	0.0536	0.0536
0.0536	0.0536	0.0536	0.0536
0.0536	0.0536	0.0536	0.0536
0.0536	0.0536	0.0536	0.0536
0.0536	0.0536	0.0536	0.0536
0.0536	0.0536	0.0536	0.0536
0.0536	0.0536	0.0536	0.0536
0.0536	0.0536	0.0536	0.0536
0.0536	0.0536	0.0536	0.0536
0.0536	0.0536	0.0536	0.0536
0.0536	0.0536	0.0536	0.0536
0.0536	0.0536	0.0536	0.0536
0.0536	0.0536	0.0536	0.0536
0.0536	0.0536	0.0536	0.0536
0.0536	0.0536	0.0536	0.0536
