2.7614	2.6791	2.9471	2.8511
2.1991	2.1573	2.2804	2.2403
1.9221	1.8921	1.9824	1.9522
1.7025	1.6798	1.7478	1.7251
1.5118	1.4947	1.5457	1.5288
1.3431	1.3301	1.3685	1.3561
1.1941	1.1843	1.2133	1.2040
1.0620	1.0547	1.0766	1.0694
0.9451	0.9400	0.9561	0.9504
0.8421	0.8379	0.8500	0.8459
0.7506	0.7471	0.7562	0.7535
0.6696	0.6673	0.6743	0.6717
0.5982	0.5969	0.6018	0.6000
0.5351	0.5336	0.5375	0.5365
0.4790	0.4782	0.4809	0.4800
0.4300	0.4288	0.4316	0.4304
0.3859	0.3856	0.3867	0.3864
0.3477	0.3471	0.3484	0.3479
0.3131	0.3129	0.3141	0.3136
0.2831	0.2829	0.2835	0.2833
0.2563	0.2558	0.2563	0.2564
0.2327	0.2326	0.2330	0.2331
0.2118	0.2120	0.2121	0.2118
0.1938	0.1935	0.1938	0.1938
0.1778	0.1778	0.1778	0.1778
0.1623	0.1630	0.1630	0.1623
0.1499	0.1498	0.1499	0.1499
0.1390	0.1389	0.1389	0.1391
0.1291	0.1293	0.1294	0.1291
0.1205	0.1209	0.1209	0.1205
0.1135	0.1131	0.1131	0.1135
0.1038	0.1046	0.1046	0.1039
0.1003	0.1000	0.1001	0.1003
0.0936	0.0936	0.0936	0.0936
0.0911	0.0905	0.0905	0.0911
0.0837	0.0837	0.0837	0.0837
0.0836	0.0836	0.0836	0.0836
0.0773	0.0783	0.0783	0.0773
0.0736	0.0736	0.0736	0.0736
0.0736	0.0736	0.0736	0.0736
0.0734	0.0735	0.0735	0.0734
0.0691	0.0695	0.0695	0.0691
0.0636	0.0636	0.0636	0.0636
0.0636	0.0636	0.0636	0.0636
0.0636	0.0636	0.0636	0.0636
0.0637	0.0635	0.0635	0.0637
0.0636	0.0636	0.0636	0.0636
0.0635	0.0636	0.0636	0.0635
0.0631	0.0635	0.0635	0.0631
0.0620	0.0619	0.0619	0.0620
0.0581	0.0585	0.0585	0.0581
0.0554	0.0549	0.0549	0.0554
0.0540	0.0541	0.0541	0.0540
0.0539	0.0539	0.0539	0.0539
0.0536	0.0537	0.0537	0.0536
0.0537	0.0537	0.0537	0.0537
0.0536	0.0537	0.0537	0.0536
0.0536	0.0536	0.0536	0.0536
0.0536	0.0536	0.0536	0.0536
0.0536	0.0536	0.0536	0.0536
0.0536	0.0536	0.0536	0.0536
0.0536	0.0536	0.0536	0.0536
0.0536	0.0536	0.0536	0.0536
0.0536	0.0536	0.0536	0.0536
0.0536	0.0536	0.0536	0.0536
0.0536	0.0536	0.0536	0.0536
0.0536	0.0536	0.0536	0.0536
0.0536	0.0536	0.0536	0.0536
0.0536	0.0536	0.0536	0.0536
0.0535	0.0537	0.0537	0.0535
0.0536	0.0536	0.0536	0.0536
0.0536	0.0536	0.0536	0.0536
0.0536	0.0536	0.0536	0.0536
0.0536	0.0536	0.0536	0.0536
0.0537	0.0535	0.0535	0.0537
0.0536	0.0536	0.0536	0.0536
0.0536	0.0536	0.0536	0.0536
0.0536	0.0536	0.0536	0.0536
0.0536	0.0536	0.0536	0.0536
0.0536	0.0536	0.0536	0.0536
0.0536	0.0536	0.0536	0.0536
0.0537	0.0535	0.0535	0.0537
0.0536	0.0536	0.0536	0.0536
0.0536	0.0536	0.0536	0.0536
0.0536	0.0536	0.0536	0.0536
0.0536	0.0536	0.0536	0.0536
0.0536	0.0536	0.0536	0.0536
0.0536	0.0536	0.0536	0.0536
0.0536	0.0536	0.0536	0.0536
0.0536	0.0536	0.0536	0.0536
0.0536	0.0536	0.0536	0.0536
0.0536	0.0536	0.0536	0.0536
0.0536	0.0536	0.0536	0.0536
0.0536	0.0536	0.0536	0.0536
0.0536	0.0536	0.0536	0.0536
0.0536	0.0536	0.0536	0.0536
0.0536	0.0536	0.0536	0.0536
0.0536	0.0536	0.0536	0.0536
0.0536	0.0536	0.0536	0.0536
0.0536	0.0536	0.0536	0.0536
