2.3279	2.1815	2.2626	2.1257
1.8054	1.7413	1.7781	1.7131
1.5713	1.5238	1.5506	1.5030
1.3863	1.3511	1.3715	1.3356
1.2278	1.2011	1.2159	1.1895
1.0887	1.0685	1.0802	1.0598
0.9663	0.9516	0.9599	0.9445
0.8589	0.8473	0.8537	0.8428
0.7641	0.7552	0.7603	0.7520
0.6805	0.6742	0.6778	0.6713
0.6069	0.6025	0.6050	0.6001
0.5424	0.5391	0.5408	0.5373
0.4857	0.4823	0.4842	0.4810
0.4343	0.4329	0.4339	0.4316
0.3904	0.3884	0.3894	0.3884
0.3505	0.3494	0.3505	0.3492
0.3167	0.3155	0.3158	0.3156
0.2854	0.2846	0.2851	0.2846
0.2584	0.2577	0.2582	0.2578
0.2347	0.2341	0.2343	0.2343
0.2135	0.2135	0.2136	0.2132
0.1951	0.1952	0.1953	0.1946
0.1783	0.1782	0.1782	0.1780
0.1644	0.1638	0.1638	0.1639
0.1507	0.1506	0.1506	0.1504
0.1396	0.1396	0.1396	0.1396
0.1301	0.1296	0.1296	0.1301
0.1213	0.1220	0.1220	0.1212
0.1135	0.1136	0.1136	0.1135
0.1047	0.1050	0.1050	0.1047
0.1014	0.1005	0.1005	0.1014
0.0936	0.0937	0.0937	0.0936
0.0915	0.0913	0.0913	0.0915
0.0837	0.0837	0.0837	0.0837
0.0836	0.0836	0.0836	0.0836
0.0790	0.0786	0.0786	0.0790
0.0736	0.0736	0.0736	0.0736
0.0736	0.0736	0.0736	0.0736
0.0735	0.0735	0.0735	0.0735
0.0690	0.0702	0.0702	0.0690
0.0640	0.0640	0.0640	0.0640
0.0636	0.0636	0.0636	0.0636
0.0636	0.0636	0.0636	0.0636
0.0636	0.0636	0.0636	0.0636
0.0636	0.0636	0.0636	0.0636
0.0636	0.0636	0.0636	0.0636
0.0635	0.0631	0.0631	0.0635
0.0622	0.0618	0.0618	0.0622
0.0594	0.0584	0.0584	0.0594
0.0554	0.0546	0.0546	0.0554
0.0543	0.0545	0.0545	0.0543
0.0539	0.0538	0.0538	0.0539
0.0536	0.0536	0.0536	0.0536
0.0536	0.0536	0.0536	0.0536
0.0536	0.0536	0.0536	0.0536
0.0536	0.0536	0.0536	0.0536
0.0536	0.0536	0.0536	0.0536
0.0537	0.0536	0.0536	0.0537
0.0536	0.0537	0.0537	0.0536
0.0536	0.0536	0.0536	0.0536
0.0536	0.0536	0.0536	0.0536
0.0536	0.0537	0.0537	0.0536
0.0539	0.0533	0.0533	0.0539
0.0536	0.0536	0.0536	0.0536
0.0536	0.0536	0.0536	0.0536
0.0536	0.0536	0.0536	0.0536
0.0536	0.0536	0.0536	0.0536
0.0536	0.0536	0.0536	0.0536
0.0537	0.0535	0.0535	0.0537
0.0536	0.0536	0.0536	0.0536
0.0537	0.0535	0.0535	0.0537
0.0536	0.0536	0.0536	0.0536
0.0536	0.0536	0.0536	0.0536
0.0542	0.0530	0.0530	0.0542
0.0536	0.0536	0.0536	0.0536
0.0537	0.0535	0.0535	0.0537
0.0536	0.0536	0.0536	0.0536
0.0536	0.0536	0.0536	0.0536
0.0536	0.0536	0.0536	0.0536
0.0536	0.0536	0.0536	0.0536
0.0536	0.0536	0.0536	0.0536
0.0536	0.0536	0.0536	0.0536
0.0536	0.0536	0.0536	0.0536
0.0530	0.0542	0.0542	0.0530
0.0536	0.0536	0.0536	0.0536
0.0536	0.0536	0.0536	0.0536
0.0536	0.0536	0.0536	0.0536
0.0536	0.0536	0.0536	0.0536
0.0535	0.0537	0.0537	0.0535
0.0536	0.0536	0.0536	0.0536
0.0537	0.0535	0.0535	0.0537
0.0536	0.0536	0.0536	0.0536
0.0536	0.0536	0.0536	0.0536
0.0536	0.0536	0.0536	0.0536
0.0536	0.0536	0.0536	0.0536
0.0536	0.0536	0.0536	0.0536
0.0536	0.0536	0.0536	0.0536
0.0536	0.0536	0.0536	0.0536
0.0536	0.0536	0.0536	0.0536
0.0536	0.0536	0.0536	0.0536
