2.1241	1.9922	2.0963	1.9691
1.6539	1.5947	1.6431	1.5832
1.4406	1.3975	1.4325	1.3887
1.2728	1.2403	1.2665	1.2337
1.1283	1.1034	1.1230	1.0987
1.0014	0.9822	0.9977	0.9789
0.8900	0.8756	0.8869	0.8727
0.7912	0.7805	0.7888	0.7788
0.7045	0.6966	0.7031	0.6952
0.6282	0.6225	0.6271	0.6214
0.5611	0.5563	0.5601	0.5561
0.5017	0.4981	0.5005	0.4980
0.4492	0.4470	0.4491	0.4465
0.4029	0.4014	0.4028	0.4007
0.3625	0.3608	0.3619	0.3601
0.3265	0.3254	0.3265	0.3254
0.2946	0.2939	0.2946	0.2937
0.2663	0.2655	0.2663	0.2656
0.2416	0.2418	0.2420	0.2410
0.2201	0.2194	0.2196	0.2196
0.1998	0.2001	0.2003	0.1993
0.1831	0.1829	0.1831	0.1829
0.1682	0.1681	0.1681	0.1682
0.1552	0.1552	0.1555	0.1552
0.1431	0.1429	0.1432	0.1430
0.1328	0.1326	0.1330	0.1328
0.1235	0.1238	0.1238	0.1235
0.1142	0.1149	0.1149	0.1142
0.1076	0.1074	0.1075	0.1076
0.1034	0.1030	0.1030	0.1034
0.0942	0.0940	0.0940	0.0942
0.0935	0.0935	0.0935	0.0935
0.0846	0.0851	0.0851	0.0846
0.0837	0.0835	0.0835	0.0837
0.0814	0.0812	0.0812	0.0814
0.0739	0.0739	0.0739	0.0739
0.0736	0.0736	0.0736	0.0736
0.0736	0.0736	0.0736	0.0736
0.0715	0.0723	0.0723	0.0714
0.0642	0.0651	0.0651	0.0642
0.0636	0.0637	0.0637	0.0636
0.0636	0.0636	0.0636	0.0636
0.0636	0.0636	0.0636	0.0636
0.0636	0.0636	0.0636	0.0636
0.0636	0.0636	0.0636	0.0636
0.0633	0.0634	0.0634	0.0633
0.0624	0.0618	0.0618	0.0624
0.0597	0.0607	0.0607	0.0597
0.0558	0.0559	0.0559	0.0558
0.0547	0.0548	0.0548	0.0547
0.0539	0.0538	0.0538	0.0539
0.0535	0.0541	0.0541	0.0535
0.0536	0.0536	0.0536	0.0536
0.0536	0.0536	0.0536	0.0536
0.0538	0.0535	0.0535	0.0538
0.0536	0.0536	0.0536	0.0536
0.0537	0.0535	0.0535	0.0537
0.0536	0.0536	0.0536	0.0536
0.0537	0.0535	0.0535	0.0537
0.0537	0.0536	0.0536	0.0537
0.0536	0.0536	0.0536	0.0536
0.0541	0.0531	0.0531	0.0541
0.0536	0.0536	0.0536	0.0536
0.0536	0.0536	0.0536	0.0536
0.0537	0.0535	0.0535	0.0537
0.0535	0.0537	0.0537	0.0535
0.0536	0.0536	0.0536	0.0536
0.0536	0.0536	0.0536	0.0536
0.0536	0.0536	0.0536	0.0536
0.0535	0.0537	0.0537	0.0535
0.0536	0.0536	0.0536	0.0536
0.0535	0.0537	0.0537	0.0535
0.0536	0.0536	0.0536	0.0536
0.0536	0.0536	0.0536	0.0536
0.0536	0.0536	0.0536	0.0536
0.0536	0.0536	0.0536	0.0536
0.0536	0.0536	0.0536	0.0536
0.0536	0.0536	0.0536	0.0536
0.0536	0.0536	0.0536	0.0536
0.0536	0.0536	0.0536	0.0536
0.0536	0.0536	0.0536	0.0536
0.0536	0.0536	0.0536	0.0536
0.0536	0.0536	0.0536	0.0536
0.0536	0.0536	0.0536	0.0536
0.0537	0.0535	0.0535	0.0537
0.0536	0.0536	0.0536	0.0536
0.0536	0.0536	0.0536	0.0536
0.0536	0.0536	0.0536	0.0536
0.0536	0.0536	0.0536	0.0536
0.0537	0.0535	0.0535	0.0537
0.0536	0.0536	0.0536	0.0536
0.0536	0.0536	0.0536	0.0536
0.0536	0.0536	0.0536	0.0536
0.0536	0.0536	0.0536	0.0536
0.0536	0.0536	0.0536	0.0536
0.0536	0.0536	0.0536	0.0536
0.0536	0.0536	0.0536	0.0536
0.0539	0.0533	0.0533	0.0539
0.0536	0.0536	0.0536	0.0536
0.0536	0.0536	0.0536	0.0536
