0.9509	1.0142	0.8970	0.9509
0.7603	0.7874	0.7336	0.7603
0.6681	0.6879	0.6483	0.6681
0.5954	0.6099	0.5810	0.5954
0.5320	0.5435	0.5207	0.5320
0.4761	0.4853	0.4680	0.4761
0.4272	0.4338	0.4211	0.4272
0.3836	0.3887	0.3791	0.3836
0.3456	0.3489	0.3417	0.3456
0.3115	0.3144	0.3087	0.3115
0.2819	0.2833	0.2793	0.2819
0.2547	0.2563	0.2536	0.2547
0.2317	0.2330	0.2307	0.2317
0.2109	0.2116	0.2097	0.2109
0.1925	0.1932	0.1916	0.1925
0.1773	0.1776	0.1765	0.1773
0.1618	0.1619	0.1608	0.1618
0.1494	0.1496	0.1493	0.1494
0.1383	0.1383	0.1381	0.1383
0.1283	0.1289	0.1285	0.1283
0.1208	0.1202	0.1198	0.1208
0.1131	0.1133	0.1133	0.1131
0.1041	0.1038	0.1037	0.1041
0.0997	0.0997	0.0997	0.0997
0.0935	0.0937	0.0937	0.0935
0.0897	0.0907	0.0905	0.0897
0.0836	0.0836	0.0836	0.0836
0.0835	0.0836	0.0836	0.0835
0.0777	0.0768	0.0767	0.0777
0.0737	0.0736	0.0736	0.0737
0.0736	0.0736	0.0736	0.0736
0.0734	0.0734	0.0734	0.0734
0.0682	0.0689	0.0687	0.0682
0.0638	0.0638	0.0638	0.0638
0.0636	0.0636	0.0636	0.0636
0.0637	0.0635	0.0635	0.0637
0.0636	0.0636	0.0636	0.0636
0.0636	0.0636	0.0636	0.0636
0.0636	0.0636	0.0636	0.0636
0.0627	0.0635	0.0635	0.0627
0.0623	0.0616	0.0616	0.0623
0.0584	0.0578	0.0578	0.0584
0.0555	0.0551	0.0551	0.0555
0.0540	0.0543	0.0543	0.0540
0.0540	0.0537	0.0537	0.0540
0.0536	0.0536	0.0536	0.0536
0.0536	0.0537	0.0537	0.0536
0.0536	0.0536	0.0536	0.0536
0.0536	0.0536	0.0536	0.0536
0.0535	0.0537	0.0537	0.0535
0.0535	0.0537	0.0537	0.0535
0.0536	0.0536	0.0536	0.0536
0.0500	0.0572	0.0572	0.0500
0.0536	0.0536	0.0536	0.0536
0.0536	0.0536	0.0536	0.0536
0.0537	0.0535	0.0535	0.0537
0.0536	0.0536	0.0536	0.0536
0.0536	0.0536	0.0536	0.0536
0.0536	0.0536	0.0536	0.0536
0.0537	0.0535	0.0535	0.0537
0.0536	0.0536	0.0536	0.0536
0.0539	0.0533	0.0533	0.0539
0.0536	0.0536	0.0536	0.0536
0.0536	0.0536	0.0536	0.0536
0.0536	0.0536	0.0536	0.0536
0.0536	0.0536	0.0536	0.0536
0.0536	0.0536	0.0536	0.0536
0.0535	0.0537	0.0537	0.0535
0.0536	0.0536	0.0536	0.0536
0.0536	0.0536	0.0536	0.0536
0.0536	0.0536	0.0536	0.0536
0.0536	0.0536	0.0536	0.0536
0.0536	0.0536	0.0536	0.0536
0.0536	0.0536	0.0536	0.0536
0.0536	0.0536	0.0536	0.0536
0.0537	0.0535	0.0535	0.0537
0.0536	0.0536	0.0536	0.0536
0.0536	0.0536	0.0536	0.0536
0.0544	0.0528	0.0528	0.0544
0.0536	0.0536	0.0536	0.0536
0.0536	0.0536	0.0536	0.0536
0.0536	0.0536	0.0536	0.0536
0.0536	0.0536	0.0536	0.0536
0.0536	0.0536	0.0536	0.0536
0.0536	0.0536	0.0536	0.0536
0.0536	0.0536	0.0536	0.0536
0.0536	0.0536	0.0536	0.0536
0.0536	0.0536	0.0536	0.0536
0.0536	0.0536	0.0536	0.0536
0.0536	0.0536	0.0536	0.0536
0.0536	0.0536	0.0536	0.0536
0.0536	0.0536	0.0536	0.0536
0.0536	0.0536	0.0536	0.0536
0.0536	0.0536	0.0536	0.0536
0.0536	0.0536	0.0536	0.0536
0.0536	0.0536	0.0536	0.0536
0.0536	0.0536	0.0536	0.0536
0.0536	0.0536	0.0536	0.0536
0.0536	0.0536	0.0536	0.0536
0.0536	0.0536	0.0536	0.0536
