2.3704	2.2232	2.3358	2.1931
1.8440	1.7773	1.8297	1.7629
1.6053	1.5562	1.5943	1.5457
1.4176	1.3807	1.4090	1.3729
1.2552	1.2282	1.2491	1.2219
1.1135	1.0929	1.1090	1.0882
0.9883	0.9726	0.9852	0.9698
0.8786	0.8667	0.8758	0.8639
0.7815	0.7729	0.7797	0.7709
0.6959	0.6898	0.6950	0.6880
0.6212	0.6158	0.6200	0.6149
0.5545	0.5508	0.5537	0.5500
0.4963	0.4934	0.4954	0.4923
0.4443	0.4422	0.4437	0.4416
0.3988	0.3970	0.3985	0.3963
0.3585	0.3577	0.3585	0.3571
0.3225	0.3220	0.3227	0.3213
0.2914	0.2909	0.2913	0.2907
0.2637	0.2630	0.2632	0.2632
0.2393	0.2395	0.2397	0.2388
0.2175	0.2174	0.2176	0.2173
0.1987	0.1984	0.1985	0.1986
0.1811	0.1810	0.1814	0.1810
0.1674	0.1671	0.1673	0.1674
0.1538	0.1533	0.1535	0.1536
0.1418	0.1415	0.1415	0.1417
0.1320	0.1316	0.1317	0.1320
0.1230	0.1231	0.1232	0.1230
0.1138	0.1137	0.1137	0.1138
0.1067	0.1067	0.1068	0.1067
0.1027	0.1030	0.1030	0.1027
0.0940	0.0938	0.0938	0.0940
0.0929	0.0929	0.0929	0.0929
0.0842	0.0841	0.0841	0.0842
0.0836	0.0836	0.0836	0.0836
0.0803	0.0810	0.0810	0.0803
0.0737	0.0736	0.0736	0.0737
0.0736	0.0736	0.0736	0.0736
0.0734	0.0736	0.0736	0.0734
0.0712	0.0708	0.0708	0.0712
0.0642	0.0644	0.0644	0.0642
0.0636	0.0636	0.0636	0.0636
0.0636	0.0636	0.0636	0.0636
0.0636	0.0636	0.0636	0.0636
0.0636	0.0636	0.0636	0.0636
0.0646	0.0625	0.0625	0.0646
0.0632	0.0635	0.0635	0.0632
0.0621	0.0629	0.0629	0.0621
0.0603	0.0593	0.0593	0.0603
0.0554	0.0560	0.0560	0.0554
0.0542	0.0542	0.0542	0.0542
0.0540	0.0538	0.0538	0.0540
0.0537	0.0537	0.0537	0.0537
0.0536	0.0536	0.0536	0.0536
0.0536	0.0536	0.0536	0.0536
0.0536	0.0536	0.0536	0.0536
0.0535	0.0537	0.0537	0.0535
0.0537	0.0536	0.0536	0.0537
0.0536	0.0536	0.0536	0.0536
0.0536	0.0536	0.0536	0.0536
0.0535	0.0537	0.0537	0.0535
0.0536	0.0536	0.0536	0.0536
0.0536	0.0536	0.0536	0.0536
0.0536	0.0536	0.0536	0.0536
0.0536	0.0536	0.0536	0.0536
0.0536	0.0536	0.0536	0.0536
0.0537	0.0535	0.0535	0.0537
0.0536	0.0536	0.0536	0.0536
0.0536	0.0536	0.0536	0.0536
0.0536	0.0536	0.0536	0.0536
0.0536	0.0536	0.0536	0.0536
0.0536	0.0536	0.0536	0.0536
0.0536	0.0536	0.0536	0.0536
0.0536	0.0536	0.0536	0.0536
0.0537	0.0535	0.0535	0.0537
0.0536	0.0536	0.0536	0.0536
0.0536	0.0536	0.0536	0.0536
0.0536	0.0536	0.0536	0.0536
0.0536	0.0536	0.0536	0.0536
0.0537	0.0535	0.0535	0.0537
0.0536	0.0536	0.0536	0.0536
0.0536	0.0536	0.0536	0.0536
0.0536	0.0536	0.0536	0.0536
0.0536	0.0536	0.0536	0.0536
0.0536	0.0536	0.0536	0.0536
0.0536	0.0536	0.0536	0.0536
0.0536	0.0536	0.0536	0.0536
0.0536	0.0536	0.0536	0.0536
0.0536	0.0536	0.0536	0.0536
0.0536	0.0536	0.0536	0.0536
0.0536	0.0536	0.0536	0.0536
0.0536	0.0536	0.0536	0.0536
0.0536	0.0536	0.0536	0.0536
0.0536	0.0536	0.0536	0.0536
0.0536	0.0536	0.0536	0.0536
0.0536	0.0536	0.0536	0.0536
0.0536	0.0536	0.0536	0.0536
0.0536	0.0536	0.0536	0.0536
0.0536	0.0536	0.0536	0.0536
0.0536	0.0536	0.0536	0.0536
