4.7165	4.6156	4.5223	4.4216
3.6697	3.6233	3.5808	3.5343
3.1891	3.1550	3.1239	3.0900
2.8110	2.7850	2.7622	2.7365
2.4843	2.4653	2.4475	2.4282
2.1976	2.1829	2.1701	2.1555
1.9458	1.9349	1.9247	1.9138
1.7235	1.7152	1.7079	1.7001
1.5279	1.5219	1.5159	1.5099
1.3553	1.3508	1.3462	1.3418
1.2027	1.1994	1.1964	1.1928
1.0685	1.0664	1.0640	1.0613
0.9502	0.9483	0.9464	0.9443
0.8457	0.8440	0.8429	0.8412
0.7534	0.7518	0.7509	0.7501
0.6717	0.6705	0.6697	0.6693
0.5999	0.5990	0.5983	0.5979
0.5358	0.5356	0.5354	0.5346
0.4797	0.4792	0.4791	0.4790
0.4303	0.4297	0.4294	0.4294
0.3862	0.3859	0.3857	0.3856
0.3475	0.3477	0.3475	0.3474
0.3132	0.3133	0.3133	0.3126
0.2833	0.2831	0.2831	0.2830
0.2562	0.2560	0.2560	0.2560
0.2326	0.2328	0.2328	0.2325
0.2120	0.2119	0.2118	0.2119
0.1935	0.1936	0.1936	0.1935
0.1779	0.1775	0.1775	0.1778
0.1625	0.1628	0.1628	0.1625
0.1502	0.1499	0.1499	0.1501
0.1389	0.1387	0.1387	0.1388
0.1292	0.1288	0.1288	0.1291
0.1209	0.1205	0.1205	0.1209
0.1134	0.1136	0.1136	0.1134
0.1043	0.1040	0.1040	0.1043
0.1003	0.1004	0.1004	0.1003
0.0937	0.0935	0.0935	0.0937
0.0902	0.0908	0.0908	0.0902
0.0836	0.0836	0.0836	0.0836
0.0835	0.0837	0.0837	0.0835
0.0778	0.0783	0.0783	0.0778
0.0736	0.0736	0.0736	0.0736
0.0737	0.0735	0.0735	0.0737
0.0734	0.0736	0.0736	0.0734
0.0695	0.0695	0.0695	0.0695
0.0639	0.0639	0.0639	0.0639
0.0636	0.0636	0.0636	0.0636
0.0636	0.0636	0.0636	0.0636
0.0636	0.0636	0.0636	0.0636
0.0635	0.0637	0.0637	0.0635
0.0635	0.0636	0.0636	0.0635
0.0631	0.0630	0.0630	0.0631
0.0618	0.0619	0.0619	0.0618
0.0577	0.0585	0.0585	0.0577
0.0547	0.0551	0.0551	0.0547
0.0541	0.0540	0.0540	0.0541
0.0540	0.0537	0.0537	0.0540
0.0537	0.0536	0.0536	0.0537
0.0531	0.0541	0.0541	0.0531
0.0536	0.0536	0.0536	0.0536
0.0536	0.0536	0.0536	0.0536
0.0540	0.0532	0.0532	0.0540
0.0536	0.0536	0.0536	0.0536
0.0536	0.0536	0.0536	0.0536
0.0536	0.0536	0.0536	0.0536
0.0536	0.0536	0.0536	0.0536
0.0536	0.0536	0.0536	0.0536
0.0535	0.0537	0.0537	0.0535
0.0536	0.0536	0.0536	0.0536
0.0536	0.0536	0.0536	0.0536
0.0537	0.0535	0.0535	0.0537
0.0536	0.0536	0.0536	0.0536
0.0536	0.0536	0.0536	0.0536
0.0536	0.0536	0.0536	0.0536
0.0539	0.0533	0.0533	0.0539
0.0536	0.0536	0.0536	0.0536
0.0536	0.0536	0.0536	0.0536
0.0536	0.0536	0.0536	0.0536
0.0536	0.0536	0.0536	0.0536
0.0536	0.0536	0.0536	0.0536
0.0536	0.0536	0.0536	0.0536
0.0536	0.0536	0.0536	0.0536
0.0536	0.0536	0.0536	0.0536
0.0536	0.0536	0.0536	0.0536
0.0538	0.0534	0.0534	0.0538
0.0536	0.0536	0.0536	0.0536
0.0536	0.0536	0.0536	0.0536
0.0536	0.0536	0.0536	0.0536
0.0536	0.0536	0.0536	0.0536
0.0536	0.0536	0.0536	0.0536
0.0536	0.0536	0.0536	0.0536
0.0536	0.0536	0.0536	0.0536
0.0536	0.0536	0.0536	0.0536
0.0536	0.0536	0.0536	0.0536
0.0536	0.0536	0.0536	0.0536
0.0536	0.0536	0.0536	0.0536
0.0537	0.0535	0.0535	0.0537
0.0536	0.0536	0.0536	0.0536
0.0536	0.0536	0.0536	0.0536
