5.1865	5.0805	5.0375	4.9233
4.0454	3.9952	3.9759	3.9246
3.5174	3.4797	3.4656	3.4286
3.1007	3.0729	3.0621	3.0341
2.7407	2.7199	2.7116	2.6907
2.4250	2.4089	2.4030	2.3872
2.1467	2.1351	2.1301	2.1183
1.9014	1.8924	1.8892	1.8800
1.6848	1.6783	1.6755	1.6691
1.4946	1.4896	1.4873	1.4824
1.3260	1.3217	1.3205	1.3167
1.1774	1.1747	1.1736	1.1708
1.0462	1.0442	1.0433	1.0411
0.9308	0.9290	0.9284	0.9266
0.8282	0.8272	0.8267	0.8252
0.7380	0.7374	0.7369	0.7356
0.6579	0.6577	0.6577	0.6568
0.5883	0.5871	0.5870	0.5866
0.5258	0.5254	0.5253	0.5246
0.4704	0.4701	0.4700	0.4698
0.4220	0.4223	0.4222	0.4215
0.3792	0.3793	0.3790	0.3790
0.3411	0.3414	0.3412	0.3407
0.3080	0.3075	0.3075	0.3078
0.2785	0.2783	0.2783	0.2781
0.2524	0.2522	0.2522	0.2523
0.2292	0.2292	0.2292	0.2292
0.2087	0.2082	0.2082	0.2087
0.1902	0.1902	0.1902	0.1902
0.1752	0.1751	0.1751	0.1752
0.1601	0.1601	0.1601	0.1601
0.1481	0.1481	0.1481	0.1481
0.1372	0.1372	0.1372	0.1372
0.1271	0.1274	0.1274	0.1271
0.1193	0.1186	0.1186	0.1193
0.1125	0.1122	0.1122	0.1125
0.1038	0.1036	0.1036	0.1038
0.0983	0.0990	0.0990	0.0983
0.0936	0.0936	0.0936	0.0936
0.0892	0.0891	0.0891	0.0892
0.0836	0.0836	0.0836	0.0836
0.0834	0.0833	0.0833	0.0834
0.0766	0.0762	0.0762	0.0766
0.0736	0.0736	0.0736	0.0736
0.0736	0.0736	0.0736	0.0736
0.0729	0.0734	0.0734	0.0729
0.0679	0.0674	0.0674	0.0679
0.0636	0.0640	0.0640	0.0636
0.0636	0.0636	0.0636	0.0636
0.0636	0.0636	0.0636	0.0636
0.0636	0.0635	0.0635	0.0636
0.0636	0.0636	0.0636	0.0636
0.0636	0.0636	0.0636	0.0636
0.0632	0.0630	0.0630	0.0632
0.0610	0.0619	0.0619	0.0610
0.0572	0.0579	0.0579	0.0572
0.0547	0.0552	0.0552	0.0547
0.0540	0.0543	0.0543	0.0540
0.0538	0.0540	0.0540	0.0538
0.0536	0.0537	0.0537	0.0536
0.0536	0.0536	0.0536	0.0536
0.0536	0.0536	0.0536	0.0536
0.0537	0.0536	0.0536	0.0537
0.0537	0.0536	0.0536	0.0537
0.0536	0.0536	0.0536	0.0536
0.0536	0.0537	0.0537	0.0536
0.0536	0.0536	0.0536	0.0536
0.0536	0.0536	0.0536	0.0536
0.0536	0.0536	0.0536	0.0536
0.0536	0.0536	0.0536	0.0536
0.0536	0.0536	0.0536	0.0536
0.0536	0.0536	0.0536	0.0536
0.0535	0.0538	0.0538	0.0535
0.0536	0.0536	0.0536	0.0536
0.0536	0.0536	0.0536	0.0536
0.0536	0.0536	0.0536	0.0536
0.0536	0.0536	0.0536	0.0536
0.0536	0.0536	0.0536	0.0536
0.0536	0.0536	0.0536	0.0536
0.0536	0.0536	0.0536	0.0536
0.0537	0.0535	0.0535	0.0537
0.0536	0.0536	0.0536	0.0536
0.0536	0.0536	0.0536	0.0536
0.0536	0.0536	0.0536	0.0536
0.0538	0.0534	0.0534	0.0538
0.0536	0.0536	0.0536	0.0536
0.0536	0.0536	0.0536	0.0536
0.0536	0.0536	0.0536	0.0536
0.0537	0.0535	0.0535	0.0537
0.0536	0.0536	0.0536	0.0536
0.0535	0.0537	0.0537	0.0535
0.0536	0.0536	0.0536	0.0536
0.0536	0.0536	0.0536	0.0536
0.0536	0.0536	0.0536	0.0536
0.0536	0.0536	0.0536	0.0536
0.0536	0.0536	0.0536	0.0536
0.0536	0.0536	0.0536	0.0536
0.0536	0.0536	0.0536	0.0536
0.0536	0.0536	0.0536	0.0536
0.0535	0.0537	0.0537	0.0535
