3.8624	3.9388	3.9553	4.0151
3.0747	3.1058	3.1135	3.1445
2.6859	2.7087	2.7144	2.7374
2.3768	2.3941	2.3985	2.4154
2.1081	2.1215	2.1250	2.1374
1.8712	1.8809	1.8832	1.8935
1.6616	1.6687	1.6706	1.6775
1.4756	1.4810	1.4821	1.4880
1.3110	1.3153	1.3163	1.3200
1.1654	1.1690	1.1695	1.1722
1.0361	1.0396	1.0400	1.0414
0.9227	0.9245	0.9249	0.9268
0.8220	0.8229	0.8233	0.8248
0.7327	0.7334	0.7338	0.7349
0.6535	0.6545	0.6549	0.6556
0.5837	0.5847	0.5848	0.5857
0.5226	0.5228	0.5229	0.5234
0.4678	0.4683	0.4686	0.4689
0.4203	0.4203	0.4204	0.4208
0.3773	0.3779	0.3780	0.3780
0.3399	0.3396	0.3396	0.3403
0.3067	0.3067	0.3067	0.3067
0.2769	0.2768	0.2768	0.2772
0.2513	0.2516	0.2516	0.2514
0.2279	0.2282	0.2282	0.2282
0.2079	0.2081	0.2082	0.2079
0.1895	0.1896	0.1896	0.1895
0.1743	0.1742	0.1742	0.1744
0.1597	0.1596	0.1596	0.1597
0.1478	0.1480	0.1480	0.1478
0.1367	0.1369	0.1369	0.1367
0.1266	0.1268	0.1268	0.1267
0.1184	0.1183	0.1183	0.1185
0.1118	0.1118	0.1118	0.1118
0.1036	0.1036	0.1036	0.1036
0.0986	0.0982	0.0982	0.0986
0.0936	0.0936	0.0936	0.0936
0.0882	0.0882	0.0882	0.0882
0.0836	0.0836	0.0836	0.0836
0.0835	0.0834	0.0834	0.0835
0.0765	0.0757	0.0757	0.0765
0.0736	0.0736	0.0736	0.0736
0.0736	0.0736	0.0736	0.0736
0.0734	0.0732	0.0732	0.0734
0.0668	0.0676	0.0676	0.0668
0.0638	0.0638	0.0638	0.0638
0.0636	0.0636	0.0636	0.0636
0.0636	0.0636	0.0636	0.0636
0.0636	0.0636	0.0636	0.0636
0.0637	0.0635	0.0635	0.0637
0.0635	0.0635	0.0635	0.0635
0.0635	0.0630	0.0630	0.0635
0.0626	0.0622	0.0622	0.0626
0.0579	0.0573	0.0573	0.0579
0.0549	0.0546	0.0546	0.0549
0.0537	0.0545	0.0545	0.0537
0.0537	0.0536	0.0536	0.0537
0.0536	0.0536	0.0536	0.0536
0.0537	0.0536	0.0536	0.0537
0.0536	0.0536	0.0536	0.0536
0.0536	0.0536	0.0536	0.0536
0.0536	0.0536	0.0536	0.0536
0.0537	0.0536	0.0536	0.0537
0.0536	0.0536	0.0536	0.0536
0.0536	0.0536	0.0536	0.0536
0.0536	0.0536	0.0536	0.0536
0.0536	0.0536	0.0536	0.0536
0.0536	0.0536	0.0536	0.0536
0.0536	0.0536	0.0536	0.0536
0.0536	0.0536	0.0536	0.0536
0.0536	0.0536	0.0536	0.0536
0.0536	0.0536	0.0536	0.0536
0.0536	0.0536	0.0536	0.0536
0.0536	0.0536	0.0536	0.0536
0.0536	0.0536	0.0536	0.0536
0.0536	0.0536	0.0536	0.0536
0.0536	0.0536	0.0536	0.0536
0.0536	0.0536	0.0536	0.0536
0.0536	0.0536	0.0536	0.0536
0.0536	0.0536	0.0536	0.0536
0.0536	0.0536	0.0536	0.0536
0.0536	0.0536	0.0536	0.0536
0.0537	0.0535	0.0535	0.0537
0.0536	0.0536	0.0536	0.0536
0.0536	0.0536	0.0536	0.0536
0.0536	0.0536	0.0536	0.0536
0.0536	0.0536	0.0536	0.0536
0.0536	0.0536	0.0536	0.0536
0.0536	0.0536	0.0536	0.0536
0.0536	0.0536	0.0536	0.0536
0.0536	0.0536	0.0536	0.0536
0.0536	0.0536	0.0536	0.0536
0.0536	0.0536	0.0536	0.0536
0.0536	0.0536	0.0536	0.0536
0.0536	0.0536	0.0536	0.0536
0.0536	0.0536	0.0536	0.0536
0.0538	0.0534	0.0534	0.0538
0.0536	0.0536	0.0536	0.0536
0.0536	0.0536	0.0536	0.0536
0.0536	0.0536	0.0536	0.0536
