1.9439	1.8192	1.8192	1.7132
1.4975	1.4444	1.4444	1.3918
1.3021	1.2633	1.2633	1.2246
1.1490	1.1198	1.1198	1.0908
1.0174	0.9957	0.9957	0.9736
0.9025	0.8860	0.8860	0.8694
0.8017	0.7890	0.7890	0.7770
0.7130	0.7034	0.7034	0.6945
0.6353	0.6281	0.6281	0.6215
0.5663	0.5615	0.5615	0.5557
0.5062	0.5024	0.5024	0.4983
0.4531	0.4498	0.4498	0.4470
0.4060	0.4041	0.4041	0.4017
0.3647	0.3635	0.3635	0.3615
0.3281	0.3275	0.3275	0.3264
0.2961	0.2954	0.2954	0.2944
0.2678	0.2671	0.2671	0.2661
0.2431	0.2424	0.2424	0.2420
0.2209	0.2206	0.2206	0.2203
0.2013	0.2006	0.2006	0.2007
0.1847	0.1836	0.1836	0.1840
0.1686	0.1689	0.1689	0.1685
0.1558	0.1564	0.1564	0.1555
0.1434	0.1437	0.1437	0.1432
0.1336	0.1330	0.1330	0.1336
0.1239	0.1237	0.1237	0.1238
0.1150	0.1151	0.1151	0.1150
0.1078	0.1085	0.1085	0.1078
0.1035	0.1034	0.1034	0.1035
0.0949	0.0945	0.0945	0.0948
0.0934	0.0934	0.0934	0.0934
0.0849	0.0850	0.0850	0.0849
0.0836	0.0836	0.0836	0.0836
0.0819	0.0820	0.0820	0.0818
0.0742	0.0737	0.0737	0.0742
0.0736	0.0736	0.0736	0.0736
0.0736	0.0736	0.0736	0.0736
0.0725	0.0720	0.0720	0.0725
0.0647	0.0654	0.0654	0.0647
0.0636	0.0636	0.0636	0.0636
0.0636	0.0636	0.0636	0.0636
0.0636	0.0636	0.0636	0.0636
0.0636	0.0636	0.0636	0.0636
0.0636	0.0636	0.0636	0.0636
0.0636	0.0633	0.0633	0.0636
0.0627	0.0628	0.0628	0.0627
0.0598	0.0608	0.0608	0.0598
0.0560	0.0565	0.0565	0.0560
0.0542	0.0544	0.0544	0.0542
0.0542	0.0541	0.0541	0.0542
0.0537	0.0537	0.0537	0.0537
0.0536	0.0537	0.0537	0.0536
0.0536	0.0536	0.0536	0.0536
0.0535	0.0538	0.0538	0.0535
0.0536	0.0537	0.0537	0.0536
0.0536	0.0536	0.0536	0.0536
0.0536	0.0536	0.0536	0.0536
0.0536	0.0536	0.0536	0.0536
0.0536	0.0536	0.0536	0.0536
0.0535	0.0537	0.0537	0.0535
0.0536	0.0536	0.0536	0.0536
0.0536	0.0536	0.0536	0.0536
0.0536	0.0536	0.0536	0.0536
0.0536	0.0536	0.0536	0.0536
0.0536	0.0536	0.0536	0.0536
0.0536	0.0536	0.0536	0.0536
0.0536	0.0536	0.0536	0.0536
0.0536	0.0536	0.0536	0.0536
0.0536	0.0536	0.0536	0.0536
0.0536	0.0536	0.0536	0.0536
0.0537	0.0535	0.0535	0.0537
0.0536	0.0536	0.0536	0.0536
0.0536	0.0536	0.0536	0.0536
0.0536	0.0536	0.0536	0.0536
0.0536	0.0536	0.0536	0.0536
0.0536	0.0536	0.0536	0.0536
0.0536	0.0536	0.0536	0.0536
0.0536	0.0536	0.0536	0.0536
0.0536	0.0536	0.0536	0.0536
0.0536	0.0536	0.0536	0.0536
0.0536	0.0536	0.0536	0.0536
0.0536	0.0536	0.0536	0.0536
0.0536	0.0536	0.0536	0.0536
0.0536	0.0536	0.0536	0.0536
0.0536	0.0536	0.0536	0.0536
0.0536	0.0536	0.0536	0.0536
0.0536	0.0536	0.0536	0.0536
0.0537	0.0535	0.0535	0.0537
0.0536	0.0536	0.0536	0.0536
0.0537	0.0535	0.0535	0.0537
0.0535	0.0537	0.0537	0.0535
0.0537	0.0535	0.0535	0.0537
0.0536	0.0536	0.0536	0.0536
0.0536	0.0536	0.0536	0.0536
0.0536	0.0536	0.0536	0.0536
0.0536	0.0536	0.0536	0.0536
0.0536	0.0536	0.0536	0.0536
0.0536	0.0536	0.0536	0.0536
0.0536	0.0536	0.0536	0.0536
0.0536	0.0536	0.0536	0.0536
