2.0073	1.9899	1.9899	1.9932
1.5823	1.5793	1.5793	1.5759
1.3832	1.3805	1.3805	1.3780
1.2249	1.2231	1.2231	1.2212
1.0883	1.0867	1.0867	1.0853
0.9674	0.9666	0.9666	0.9657
0.8609	0.8601	0.8601	0.8596
0.7670	0.7665	0.7665	0.7659
0.6846	0.6835	0.6835	0.6833
0.6111	0.6102	0.6102	0.6104
0.5461	0.5458	0.5458	0.5455
0.4887	0.4887	0.4887	0.4882
0.4380	0.4376	0.4376	0.4378
0.3932	0.3932	0.3932	0.3930
0.3535	0.3535	0.3535	0.3534
0.3189	0.3188	0.3188	0.3185
0.2881	0.2878	0.2878	0.2880
0.2610	0.2613	0.2613	0.2609
0.2364	0.2362	0.2362	0.2364
0.2152	0.2154	0.2154	0.2152
0.1965	0.1967	0.1967	0.1965
0.1795	0.1794	0.1794	0.1795
0.1660	0.1656	0.1656	0.1660
0.1516	0.1521	0.1521	0.1516
0.1407	0.1407	0.1407	0.1407
0.1309	0.1306	0.1306	0.1309
0.1225	0.1222	0.1222	0.1225
0.1137	0.1137	0.1137	0.1137
0.1062	0.1055	0.1055	0.1061
0.1021	0.1016	0.1016	0.1021
0.0937	0.0938	0.0938	0.0937
0.0922	0.0924	0.0924	0.0922
0.0837	0.0839	0.0839	0.0837
0.0836	0.0836	0.0836	0.0836
0.0794	0.0795	0.0795	0.0794
0.0737	0.0739	0.0739	0.0737
0.0736	0.0736	0.0736	0.0736
0.0736	0.0735	0.0735	0.0736
0.0708	0.0703	0.0703	0.0708
0.0637	0.0643	0.0643	0.0637
0.0637	0.0636	0.0636	0.0637
0.0635	0.0637	0.0637	0.0635
0.0636	0.0636	0.0636	0.0636
0.0636	0.0636	0.0636	0.0636
0.0636	0.0635	0.0635	0.0636
0.0636	0.0632	0.0632	0.0636
0.0620	0.0619	0.0619	0.0620
0.0585	0.0598	0.0598	0.0585
0.0550	0.0553	0.0553	0.0550
0.0539	0.0541	0.0541	0.0539
0.0538	0.0538	0.0538	0.0538
0.0537	0.0536	0.0536	0.0537
0.0538	0.0535	0.0535	0.0538
0.0536	0.0536	0.0536	0.0536
0.0535	0.0537	0.0537	0.0535
0.0536	0.0536	0.0536	0.0536
0.0536	0.0536	0.0536	0.0536
0.0537	0.0537	0.0537	0.0537
0.0536	0.0536	0.0536	0.0536
0.0536	0.0536	0.0536	0.0536
0.0537	0.0535	0.0535	0.0537
0.0536	0.0536	0.0536	0.0536
0.0536	0.0536	0.0536	0.0536
0.0536	0.0536	0.0536	0.0536
0.0536	0.0536	0.0536	0.0536
0.0535	0.0537	0.0537	0.0535
0.0536	0.0536	0.0536	0.0536
0.0536	0.0536	0.0536	0.0536
0.0536	0.0536	0.0536	0.0536
0.0536	0.0536	0.0536	0.0536
0.0536	0.0536	0.0536	0.0536
0.0536	0.0536	0.0536	0.0536
0.0536	0.0536	0.0536	0.0536
0.0536	0.0536	0.0536	0.0536
0.0536	0.0536	0.0536	0.0536
0.0536	0.0536	0.0536	0.0536
0.0536	0.0536	0.0536	0.0536
0.0536	0.0536	0.0536	0.0536
0.0534	0.0538	0.0538	0.0534
0.0536	0.0536	0.0536	0.0536
0.0534	0.0538	0.0538	0.0534
0.0536	0.0536	0.0536	0.0536
0.0536	0.0536	0.0536	0.0536
0.0535	0.0537	0.0537	0.0535
0.0535	0.0537	0.0537	0.0535
0.0536	0.0536	0.0536	0.0536
0.0536	0.0536	0.0536	0.0536
0.0536	0.0536	0.0536	0.0536
0.0536	0.0536	0.0536	0.0536
0.0536	0.0536	0.0536	0.0536
0.0536	0.0536	0.0536	0.0536
0.0536	0.0536	0.0536	0.0536
0.0536	0.0536	0.0536	0.0536
0.0536	0.0536	0.0536	0.0536
0.0536	0.0536	0.0536	0.0536
0.0536	0.0536	0.0536	0.0536
0.0536	0.0536	0.0536	0.0536
0.0536	0.0536	0.0536	0.0536
0.0536	0.0536	0.0536	0.0536
0.0535	0.0537	0.0537	0.0535
