2.3282	2.1862	2.3502	2.2041
1.8213	1.7555	1.8306	1.7641
1.5873	1.5390	1.5937	1.5455
1.4025	1.3666	1.4076	1.3710
1.2434	1.2158	1.2468	1.2196
1.1032	1.0828	1.1060	1.0854
0.9800	0.9644	0.9822	0.9667
0.8713	0.8599	0.8731	0.8612
0.7756	0.7666	0.7768	0.7683
0.6910	0.6848	0.6921	0.6854
0.6166	0.6118	0.6173	0.6126
0.5508	0.5468	0.5517	0.5481
0.4935	0.4893	0.4929	0.4911
0.4416	0.4395	0.4421	0.4399
0.3964	0.3947	0.3963	0.3949
0.3567	0.3551	0.3572	0.3556
0.3209	0.3202	0.3211	0.3202
0.2903	0.2890	0.2898	0.2896
0.2627	0.2623	0.2627	0.2624
0.2383	0.2377	0.2381	0.2376
0.2166	0.2164	0.2172	0.2164
0.1979	0.1981	0.1981	0.1976
0.1805	0.1801	0.1804	0.1799
0.1669	0.1665	0.1665	0.1668
0.1524	0.1528	0.1530	0.1523
0.1411	0.1412	0.1413	0.1411
0.1311	0.1310	0.1310	0.1311
0.1228	0.1226	0.1226	0.1227
0.1139	0.1137	0.1137	0.1139
0.1064	0.1061	0.1061	0.1064
0.1025	0.1026	0.1026	0.1025
0.0936	0.0939	0.0939	0.0936
0.0927	0.0930	0.0931	0.0927
0.0837	0.0844	0.0844	0.0836
0.0836	0.0836	0.0836	0.0836
0.0800	0.0800	0.0800	0.0800
0.0738	0.0736	0.0736	0.0738
0.0736	0.0736	0.0736	0.0736
0.0738	0.0732	0.0732	0.0738
0.0709	0.0711	0.0712	0.0709
0.0643	0.0646	0.0646	0.0643
0.0636	0.0636	0.0636	0.0636
0.0636	0.0636	0.0636	0.0636
0.0636	0.0636	0.0636	0.0636
0.0636	0.0636	0.0636	0.0636
0.0636	0.0636	0.0636	0.0636
0.0634	0.0634	0.0634	0.0634
0.0618	0.0621	0.0621	0.0618
0.0603	0.0591	0.0591	0.0603
0.0550	0.0556	0.0556	0.0550
0.0544	0.0543	0.0543	0.0544
0.0541	0.0539	0.0539	0.0541
0.0536	0.0539	0.0539	0.0536
0.0536	0.0536	0.0536	0.0536
0.0536	0.0536	0.0536	0.0536
0.0537	0.0536	0.0536	0.0537
0.0536	0.0536	0.0536	0.0536
0.0536	0.0536	0.0536	0.0536
0.0537	0.0536	0.0536	0.0537
0.0536	0.0536	0.0536	0.0536
0.0536	0.0536	0.0536	0.0536
0.0536	0.0536	0.0536	0.0536
0.0536	0.0536	0.0536	0.0536
0.0536	0.0536	0.0536	0.0536
0.0535	0.0537	0.0537	0.0535
0.0536	0.0536	0.0536	0.0536
0.0538	0.0534	0.0534	0.0538
0.0536	0.0536	0.0536	0.0536
0.0536	0.0536	0.0536	0.0536
0.0536	0.0536	0.0536	0.0536
0.0536	0.0536	0.0536	0.0536
0.0536	0.0536	0.0536	0.0536
0.0537	0.0535	0.0535	0.0537
0.0536	0.0536	0.0536	0.0536
0.0536	0.0536	0.0536	0.0536
0.0537	0.0535	0.0535	0.0537
0.0536	0.0536	0.0536	0.0536
0.0536	0.0536	0.0536	0.0536
0.0537	0.0535	0.0535	0.0537
0.0536	0.0536	0.0536	0.0536
0.0535	0.0537	0.0537	0.0535
0.0536	0.0536	0.0536	0.0536
0.0536	0.0536	0.0536	0.0536
0.0536	0.0536	0.0536	0.0536
0.0536	0.0536	0.0536	0.0536
0.0536	0.0536	0.0536	0.0536
0.0536	0.0536	0.0536	0.0536
0.0536	0.0536	0.0536	0.0536
0.0536	0.0536	0.0536	0.0536
0.0536	0.0536	0.0536	0.0536
0.0536	0.0536	0.0536	0.0536
0.0536	0.0536	0.0536	0.0536
0.0536	0.0536	0.0536	0.0536
0.0536	0.0536	0.0536	0.0536
0.0536	0.0536	0.0536	0.0536
0.0536	0.0536	0.0536	0.0536
0.0536	0.0536	0.0536	0.0536
0.0536	0.0536	0.0536	0.0536
0.0536	0.0536	0.0536	0.0536
0.0536	0.0536	0.0536	0.0536
