3.7627	3.8169	3.7470	3.7627
2.9757	2.9920	2.9598	2.9757
2.5951	2.6068	2.5833	2.5951
2.2937	2.3029	2.2846	2.2937
2.0325	2.0392	2.0254	2.0325
1.8021	1.8072	1.7973	1.8021
1.5992	1.6025	1.5949	1.5992
1.4192	1.4220	1.4161	1.4192
1.2605	1.2623	1.2583	1.2605
1.1204	1.1213	1.1186	1.1204
0.9960	0.9972	0.9951	0.9960
0.8864	0.8873	0.8854	0.8864
0.7893	0.7903	0.7889	0.7893
0.7040	0.7045	0.7035	0.7040
0.6283	0.6287	0.6276	0.6283
0.5614	0.5619	0.5613	0.5614
0.5024	0.5027	0.5024	0.5024
0.4504	0.4504	0.4502	0.4504
0.4041	0.4038	0.4035	0.4041
0.3636	0.3632	0.3632	0.3636
0.3277	0.3275	0.3274	0.3277
0.2959	0.2953	0.2951	0.2959
0.2676	0.2674	0.2674	0.2676
0.2428	0.2429	0.2429	0.2428
0.2203	0.2210	0.2210	0.2203
0.2011	0.2012	0.2012	0.2011
0.1839	0.1839	0.1839	0.1839
0.1688	0.1688	0.1688	0.1688
0.1559	0.1562	0.1562	0.1559
0.1433	0.1439	0.1439	0.1433
0.1329	0.1332	0.1332	0.1329
0.1237	0.1235	0.1235	0.1237
0.1148	0.1151	0.1151	0.1148
0.1082	0.1090	0.1090	0.1082
0.1035	0.1034	0.1034	0.1035
0.0947	0.0947	0.0947	0.0947
0.0935	0.0935	0.0935	0.0935
0.0852	0.0854	0.0854	0.0852
0.0837	0.0835	0.0835	0.0837
0.0818	0.0817	0.0817	0.0818
0.0740	0.0737	0.0737	0.0740
0.0736	0.0736	0.0736	0.0736
0.0732	0.0739	0.0739	0.0732
0.0724	0.0721	0.0721	0.0724
0.0650	0.0650	0.0650	0.0650
0.0636	0.0636	0.0636	0.0636
0.0636	0.0636	0.0636	0.0636
0.0635	0.0637	0.0637	0.0635
0.0637	0.0635	0.0635	0.0637
0.0636	0.0636	0.0636	0.0636
0.0636	0.0633	0.0633	0.0636
0.0628	0.0624	0.0624	0.0628
0.0602	0.0602	0.0602	0.0602
0.0558	0.0557	0.0557	0.0558
0.0545	0.0551	0.0551	0.0545
0.0544	0.0541	0.0541	0.0544
0.0538	0.0538	0.0538	0.0538
0.0536	0.0537	0.0537	0.0536
0.0535	0.0537	0.0537	0.0535
0.0536	0.0536	0.0536	0.0536
0.0536	0.0536	0.0536	0.0536
0.0536	0.0536	0.0536	0.0536
0.0536	0.0536	0.0536	0.0536
0.0536	0.0536	0.0536	0.0536
0.0536	0.0536	0.0536	0.0536
0.0536	0.0536	0.0536	0.0536
0.0536	0.0536	0.0536	0.0536
0.0536	0.0536	0.0536	0.0536
0.0536	0.0536	0.0536	0.0536
0.0536	0.0536	0.0536	0.0536
0.0535	0.0537	0.0537	0.0535
0.0532	0.0540	0.0540	0.0532
0.0536	0.0536	0.0536	0.0536
0.0536	0.0536	0.0536	0.0536
0.0536	0.0536	0.0536	0.0536
0.0536	0.0536	0.0536	0.0536
0.0536	0.0536	0.0536	0.0536
0.0536	0.0536	0.0536	0.0536
0.0536	0.0536	0.0536	0.0536
0.0536	0.0536	0.0536	0.0536
0.0536	0.0536	0.0536	0.0536
0.0536	0.0536	0.0536	0.0536
0.0536	0.0536	0.0536	0.0536
0.0536	0.0536	0.0536	0.0536
0.0536	0.0536	0.0536	0.0536
0.0536	0.0536	0.0536	0.0536
0.0536	0.0536	0.0536	0.0536
0.0536	0.0536	0.0536	0.0536
0.0536	0.0536	0.0536	0.0536
0.0536	0.0536	0.0536	0.0536
0.0535	0.0537	0.0537	0.0535
0.0537	0.0535	0.0535	0.0537
0.0536	0.0536	0.0536	0.0536
0.0536	0.0536	0.0536	0.0536
0.0536	0.0536	0.0536	0.0536
0.0536	0.0536	0.0536	0.0536
0.0536	0.0536	0.0536	0.0536
0.0536	0.0536	0.0536	0.0536
0.0536	0.0536	0.0536	0.0536
0.0536	0.0536	0.0536	0.0536
