5.2988	5.3246	5.2263	5.2917
4.1666	4.1874	4.1421	4.1628
3.6296	3.6451	3.6124	3.6273
3.2058	3.2171	3.1925	3.2040
2.8380	2.8465	2.8280	2.8364
2.5140	2.5206	2.5065	2.5126
2.2277	2.2326	2.2219	2.2269
1.9751	1.9788	1.9707	1.9744
1.7515	1.7541	1.7482	1.7509
1.5540	1.5561	1.5517	1.5537
1.3793	1.3810	1.3778	1.3793
1.2254	1.2263	1.2237	1.2253
1.0892	1.0901	1.0881	1.0889
0.9686	0.9691	0.9680	0.9685
0.8624	0.8625	0.8614	0.8623
0.7679	0.7685	0.7677	0.7679
0.6852	0.6853	0.6845	0.6852
0.6116	0.6116	0.6113	0.6116
0.5467	0.5468	0.5467	0.5467
0.4897	0.4896	0.4893	0.4897
0.4390	0.4388	0.4387	0.4390
0.3938	0.3939	0.3939	0.3938
0.3544	0.3544	0.3542	0.3544
0.3195	0.3191	0.3190	0.3195
0.2886	0.2885	0.2885	0.2886
0.2618	0.2615	0.2615	0.2618
0.2370	0.2369	0.2369	0.2370
0.2156	0.2157	0.2157	0.2156
0.1972	0.1972	0.1972	0.1972
0.1797	0.1797	0.1796	0.1797
0.1661	0.1660	0.1660	0.1661
0.1518	0.1517	0.1517	0.1518
0.1408	0.1407	0.1407	0.1408
0.1309	0.1307	0.1307	0.1309
0.1224	0.1225	0.1225	0.1224
0.1136	0.1135	0.1135	0.1136
0.1058	0.1063	0.1063	0.1058
0.1024	0.1019	0.1019	0.1024
0.0936	0.0938	0.0938	0.0936
0.0924	0.0924	0.0924	0.0924
0.0839	0.0841	0.0841	0.0839
0.0836	0.0836	0.0836	0.0836
0.0799	0.0804	0.0804	0.0799
0.0736	0.0737	0.0737	0.0736
0.0737	0.0735	0.0735	0.0737
0.0736	0.0735	0.0735	0.0736
0.0699	0.0715	0.0715	0.0699
0.0641	0.0642	0.0642	0.0641
0.0636	0.0636	0.0636	0.0636
0.0636	0.0636	0.0636	0.0636
0.0636	0.0636	0.0636	0.0636
0.0636	0.0636	0.0636	0.0636
0.0636	0.0636	0.0636	0.0636
0.0633	0.0633	0.0633	0.0633
0.0618	0.0629	0.0629	0.0618
0.0593	0.0594	0.0594	0.0593
0.0557	0.0562	0.0562	0.0557
0.0548	0.0544	0.0544	0.0548
0.0541	0.0541	0.0541	0.0541
0.0536	0.0537	0.0537	0.0536
0.0536	0.0536	0.0536	0.0536
0.0536	0.0536	0.0536	0.0536
0.0536	0.0536	0.0536	0.0536
0.0536	0.0536	0.0536	0.0536
0.0536	0.0536	0.0536	0.0536
0.0536	0.0536	0.0536	0.0536
0.0536	0.0536	0.0536	0.0536
0.0536	0.0536	0.0536	0.0536
0.0536	0.0536	0.0536	0.0536
0.0536	0.0536	0.0536	0.0536
0.0536	0.0536	0.0536	0.0536
0.0537	0.0536	0.0536	0.0537
0.0536	0.0536	0.0536	0.0536
0.0536	0.0536	0.0536	0.0536
0.0536	0.0536	0.0536	0.0536
0.0536	0.0536	0.0536	0.0536
0.0536	0.0536	0.0536	0.0536
0.0536	0.0536	0.0536	0.0536
0.0536	0.0536	0.0536	0.0536
0.0536	0.0536	0.0536	0.0536
0.0536	0.0536	0.0536	0.0536
0.0536	0.0536	0.0536	0.0536
0.0535	0.0537	0.0537	0.0535
0.0536	0.0536	0.0536	0.0536
0.0536	0.0536	0.0536	0.0536
0.0537	0.0535	0.0535	0.0537
0.0536	0.0536	0.0536	0.0536
0.0536	0.0536	0.0536	0.0536
0.0536	0.0536	0.0536	0.0536
0.0536	0.0536	0.0536	0.0536
0.0536	0.0536	0.0536	0.0536
0.0536	0.0536	0.0536	0.0536
0.0536	0.0536	0.0536	0.0536
0.0536	0.0536	0.0536	0.0536
0.0536	0.0536	0.0536	0.0536
0.0536	0.0536	0.0536	0.0536
0.0536	0.0536	0.0536	0.0536
0.0536	0.0536	0.0536	0.0536
0.0536	0.0536	0.0536	0.0536
0.0536	0.0536	0.0536	0.0536
