3.8531	3.7424	3.8271	3.7007
3.0173	2.9635	3.0021	2.9477
2.6264	2.5869	2.6150	2.5751
2.3184	2.2879	2.3095	2.2795
2.0516	2.0289	2.0453	2.0222
1.8171	1.8002	1.8124	1.7953
1.6107	1.5978	1.6065	1.5944
1.4284	1.4190	1.4259	1.4159
1.2678	1.2608	1.2658	1.2584
1.1259	1.1203	1.1242	1.1192
1.0006	0.9969	0.9995	0.9956
0.8903	0.8871	0.8896	0.8860
0.7928	0.7904	0.7920	0.7899
0.7066	0.7052	0.7063	0.7042
0.6305	0.6294	0.6301	0.6288
0.5633	0.5626	0.5632	0.5621
0.5039	0.5029	0.5037	0.5029
0.4519	0.4514	0.4516	0.4509
0.4049	0.4049	0.4052	0.4044
0.3645	0.3639	0.3640	0.3641
0.3280	0.3281	0.3282	0.3279
0.2963	0.2959	0.2964	0.2961
0.2684	0.2678	0.2678	0.2681
0.2434	0.2433	0.2433	0.2430
0.2211	0.2213	0.2213	0.2210
0.2012	0.2015	0.2015	0.2011
0.1845	0.1841	0.1841	0.1845
0.1687	0.1690	0.1691	0.1686
0.1561	0.1563	0.1563	0.1561
0.1439	0.1439	0.1439	0.1439
0.1334	0.1333	0.1333	0.1334
0.1239	0.1238	0.1238	0.1239
0.1148	0.1154	0.1155	0.1148
0.1088	0.1083	0.1083	0.1087
0.1035	0.1034	0.1034	0.1035
0.0950	0.0951	0.0951	0.0950
0.0936	0.0934	0.0934	0.0936
0.0855	0.0855	0.0855	0.0855
0.0836	0.0836	0.0836	0.0836
0.0822	0.0823	0.0823	0.0822
0.0740	0.0739	0.0739	0.0740
0.0736	0.0736	0.0736	0.0736
0.0736	0.0736	0.0736	0.0736
0.0730	0.0721	0.0721	0.0730
0.0645	0.0652	0.0652	0.0645
0.0637	0.0636	0.0636	0.0637
0.0636	0.0636	0.0636	0.0636
0.0636	0.0636	0.0636	0.0636
0.0636	0.0636	0.0636	0.0636
0.0637	0.0635	0.0635	0.0637
0.0636	0.0636	0.0636	0.0636
0.0620	0.0624	0.0624	0.0620
0.0605	0.0606	0.0606	0.0605
0.0559	0.0562	0.0562	0.0559
0.0551	0.0545	0.0545	0.0551
0.0539	0.0539	0.0539	0.0539
0.0536	0.0538	0.0538	0.0536
0.0537	0.0536	0.0536	0.0537
0.0536	0.0536	0.0536	0.0536
0.0536	0.0536	0.0536	0.0536
0.0536	0.0536	0.0536	0.0536
0.0536	0.0536	0.0536	0.0536
0.0536	0.0537	0.0537	0.0536
0.0536	0.0536	0.0536	0.0536
0.0536	0.0536	0.0536	0.0536
0.0536	0.0536	0.0536	0.0536
0.0537	0.0536	0.0536	0.0537
0.0536	0.0536	0.0536	0.0536
0.0536	0.0536	0.0536	0.0536
0.0536	0.0536	0.0536	0.0536
0.0536	0.0536	0.0536	0.0536
0.0536	0.0536	0.0536	0.0536
0.0536	0.0536	0.0536	0.0536
0.0536	0.0536	0.0536	0.0536
0.0536	0.0536	0.0536	0.0536
0.0536	0.0536	0.0536	0.0536
0.0536	0.0536	0.0536	0.0536
0.0536	0.0536	0.0536	0.0536
0.0536	0.0536	0.0536	0.0536
0.0537	0.0535	0.0535	0.0537
0.0536	0.0536	0.0536	0.0536
0.0536	0.0536	0.0536	0.0536
0.0536	0.0536	0.0536	0.0536
0.0536	0.0536	0.0536	0.0536
0.0536	0.0536	0.0536	0.0536
0.0536	0.0536	0.0536	0.0536
0.0536	0.0536	0.0536	0.0536
0.0536	0.0536	0.0536	0.0536
0.0536	0.0536	0.0536	0.0536
0.0536	0.0536	0.0536	0.0536
0.0536	0.0536	0.0536	0.0536
0.0536	0.0536	0.0536	0.0536
0.0536	0.0536	0.0536	0.0536
0.0536	0.0536	0.0536	0.0536
0.0536	0.0536	0.0536	0.0536
0.0535	0.0537	0.0537	0.0535
0.0536	0.0536	0.0536	0.0536
0.0536	0.0536	0.0536	0.0536
0.0536	0.0536	0.0536	0.0536
0.0536	0.0536	0.0536	0.0536
