4.1510	4.2877	4.2752	4.4099
3.3162	3.3787	3.3731	3.4353
2.8989	2.9450	2.9406	2.9861
2.5674	2.6018	2.5985	2.6329
2.2786	2.3041	2.3017	2.3279
2.0231	2.0423	2.0404	2.0595
1.7964	1.8107	1.8095	1.8242
1.5955	1.6067	1.6053	1.6162
1.4177	1.4256	1.4250	1.4334
1.2599	1.2661	1.2656	1.2717
1.1204	1.1248	1.1245	1.1291
0.9970	1.0003	1.0000	1.0036
0.8877	0.8904	0.8900	0.8929
0.7913	0.7930	0.7928	0.7952
0.7056	0.7071	0.7070	0.7083
0.6299	0.6309	0.6309	0.6323
0.5631	0.5640	0.5638	0.5645
0.5040	0.5050	0.5050	0.5053
0.4516	0.4524	0.4522	0.4527
0.4051	0.4054	0.4054	0.4059
0.3646	0.3646	0.3646	0.3649
0.3283	0.3287	0.3287	0.3287
0.2965	0.2966	0.2966	0.2968
0.2681	0.2688	0.2687	0.2684
0.2435	0.2432	0.2432	0.2436
0.2218	0.2210	0.2210	0.2218
0.2017	0.2018	0.2018	0.2017
0.1852	0.1846	0.1846	0.1855
0.1692	0.1689	0.1689	0.1692
0.1564	0.1564	0.1564	0.1564
0.1443	0.1444	0.1444	0.1443
0.1335	0.1338	0.1338	0.1335
0.1238	0.1239	0.1239	0.1238
0.1151	0.1154	0.1154	0.1151
0.1090	0.1090	0.1090	0.1091
0.1035	0.1036	0.1036	0.1035
0.0951	0.0945	0.0945	0.0951
0.0935	0.0935	0.0935	0.0935
0.0856	0.0853	0.0853	0.0856
0.0836	0.0836	0.0836	0.0836
0.0819	0.0817	0.0817	0.0819
0.0741	0.0739	0.0739	0.0741
0.0736	0.0736	0.0736	0.0736
0.0736	0.0736	0.0736	0.0736
0.0726	0.0721	0.0721	0.0726
0.0650	0.0646	0.0646	0.0650
0.0636	0.0637	0.0637	0.0636
0.0634	0.0638	0.0638	0.0634
0.0636	0.0636	0.0636	0.0636
0.0636	0.0636	0.0636	0.0636
0.0636	0.0635	0.0635	0.0636
0.0633	0.0634	0.0634	0.0633
0.0629	0.0633	0.0633	0.0629
0.0602	0.0605	0.0605	0.0602
0.0565	0.0562	0.0562	0.0565
0.0542	0.0547	0.0547	0.0542
0.0541	0.0538	0.0538	0.0541
0.0536	0.0537	0.0537	0.0536
0.0536	0.0536	0.0536	0.0536
0.0536	0.0536	0.0536	0.0536
0.0536	0.0536	0.0536	0.0536
0.0536	0.0536	0.0536	0.0536
0.0536	0.0536	0.0536	0.0536
0.0536	0.0536	0.0536	0.0536
0.0536	0.0536	0.0536	0.0536
0.0536	0.0536	0.0536	0.0536
0.0536	0.0536	0.0536	0.0536
0.0536	0.0536	0.0536	0.0536
0.0536	0.0536	0.0536	0.0536
0.0536	0.0536	0.0536	0.0536
0.0536	0.0536	0.0536	0.0536
0.0536	0.0536	0.0536	0.0536
0.0536	0.0536	0.0536	0.0536
0.0536	0.0536	0.0536	0.0536
0.0537	0.0535	0.0535	0.0537
0.0536	0.0536	0.0536	0.0536
0.0536	0.0536	0.0536	0.0536
0.0537	0.0535	0.0535	0.0537
0.0538	0.0534	0.0534	0.0538
0.0536	0.0536	0.0536	0.0536
0.0536	0.0536	0.0536	0.0536
0.0536	0.0536	0.0536	0.0536
0.0536	0.0536	0.0536	0.0536
0.0536	0.0536	0.0536	0.0536
0.0535	0.0537	0.0537	0.0535
0.0536	0.0536	0.0536	0.0536
0.0536	0.0536	0.0536	0.0536
0.0536	0.0536	0.0536	0.0536
0.0535	0.0537	0.0537	0.0535
0.0536	0.0536	0.0536	0.0536
0.0536	0.0536	0.0536	0.0536
0.0536	0.0536	0.0536	0.0536
0.0536	0.0536	0.0536	0.0536
0.0535	0.0537	0.0537	0.0535
0.0535	0.0537	0.0537	0.0535
0.0536	0.0536	0.0536	0.0536
0.0536	0.0536	0.0536	0.0536
0.0536	0.0536	0.0536	0.0536
0.0536	0.0536	0.0536	0.0536
0.0536	0.0536	0.0536	0.0536
