2.6022	2.7783	2.5167	2.6772
2.0714	2.1489	2.0289	2.1063
1.8110	1.8676	1.7796	1.8364
1.6043	1.6471	1.5804	1.6234
1.4247	1.4567	1.4068	1.4387
1.2658	1.2901	1.2529	1.2767
1.1257	1.1440	1.1157	1.1339
1.0015	1.0155	0.9944	1.0077
0.8918	0.9020	0.8859	0.8966
0.7946	0.8024	0.7902	0.7980
0.7086	0.7149	0.7056	0.7114
0.6325	0.6369	0.6302	0.6343
0.5651	0.5689	0.5634	0.5670
0.5065	0.5082	0.5046	0.5074
0.4533	0.4554	0.4528	0.4542
0.4067	0.4090	0.4060	0.4074
0.3659	0.3671	0.3654	0.3666
0.3296	0.3304	0.3293	0.3299
0.2979	0.2981	0.2974	0.2980
0.2701	0.2691	0.2683	0.2704
0.2442	0.2445	0.2440	0.2442
0.2222	0.2224	0.2220	0.2223
0.2023	0.2025	0.2021	0.2025
0.1855	0.1857	0.1856	0.1855
0.1696	0.1694	0.1693	0.1696
0.1568	0.1568	0.1567	0.1568
0.1447	0.1449	0.1449	0.1447
0.1337	0.1340	0.1340	0.1337
0.1240	0.1242	0.1242	0.1240
0.1158	0.1156	0.1155	0.1158
0.1092	0.1092	0.1090	0.1092
0.1036	0.1036	0.1035	0.1036
0.0955	0.0954	0.0954	0.0955
0.0934	0.0936	0.0936	0.0934
0.0855	0.0858	0.0858	0.0855
0.0836	0.0836	0.0836	0.0836
0.0828	0.0821	0.0821	0.0828
0.0740	0.0741	0.0741	0.0740
0.0737	0.0735	0.0735	0.0737
0.0736	0.0736	0.0736	0.0736
0.0725	0.0729	0.0729	0.0725
0.0648	0.0655	0.0655	0.0648
0.0636	0.0636	0.0636	0.0636
0.0636	0.0636	0.0636	0.0636
0.0636	0.0636	0.0636	0.0636
0.0636	0.0636	0.0636	0.0636
0.0636	0.0636	0.0636	0.0636
0.0635	0.0635	0.0635	0.0635
0.0628	0.0626	0.0626	0.0628
0.0610	0.0607	0.0607	0.0610
0.0568	0.0563	0.0563	0.0568
0.0551	0.0543	0.0543	0.0551
0.0539	0.0538	0.0538	0.0539
0.0536	0.0536	0.0536	0.0536
0.0536	0.0536	0.0536	0.0536
0.0536	0.0536	0.0536	0.0536
0.0536	0.0536	0.0536	0.0536
0.0536	0.0536	0.0536	0.0536
0.0536	0.0536	0.0536	0.0536
0.0536	0.0536	0.0536	0.0536
0.0536	0.0536	0.0536	0.0536
0.0536	0.0536	0.0536	0.0536
0.0537	0.0535	0.0535	0.0537
0.0536	0.0536	0.0536	0.0536
0.0536	0.0536	0.0536	0.0536
0.0536	0.0536	0.0536	0.0536
0.0536	0.0536	0.0536	0.0536
0.0533	0.0539	0.0539	0.0533
0.0542	0.0530	0.0530	0.0542
0.0536	0.0536	0.0536	0.0536
0.0536	0.0536	0.0536	0.0536
0.0536	0.0536	0.0536	0.0536
0.0536	0.0536	0.0536	0.0536
0.0537	0.0535	0.0535	0.0537
0.0536	0.0536	0.0536	0.0536
0.0536	0.0536	0.0536	0.0536
0.0536	0.0536	0.0536	0.0536
0.0536	0.0536	0.0536	0.0536
0.0536	0.0536	0.0536	0.0536
0.0536	0.0536	0.0536	0.0536
0.0536	0.0536	0.0536	0.0536
0.0536	0.0536	0.0536	0.0536
0.0536	0.0536	0.0536	0.0536
0.0536	0.0536	0.0536	0.0536
0.0536	0.0536	0.0536	0.0536
0.0536	0.0536	0.0536	0.0536
0.0535	0.0537	0.0537	0.0535
0.0536	0.0536	0.0536	0.0536
0.0536	0.0536	0.0536	0.0536
0.0536	0.0536	0.0536	0.0536
0.0536	0.0536	0.0536	0.0536
0.0536	0.0536	0.0536	0.0536
0.0536	0.0536	0.0536	0.0536
0.0536	0.0536	0.0536	0.0536
0.0536	0.0536	0.0536	0.0536
0.0536	0.0536	0.0536	0.0536
0.0536	0.0536	0.0536	0.0536
0.0536	0.0536	0.0536	0.0536
0.0536	0.0536	0.0536	0.0536
0.0536	0.0536	0.0536	0.0536
