2.8277	3.0154	2.8079	2.9920
2.2611	2.3463	2.2516	2.3365
1.9785	2.0411	1.9713	2.0341
1.7540	1.8008	1.7486	1.7955
1.5581	1.5933	1.5543	1.5893
1.3849	1.4118	1.3824	1.4084
1.2318	1.2521	1.2297	1.2496
1.0959	1.1109	1.0942	1.1094
0.9757	0.9870	0.9745	0.9855
0.8694	0.8776	0.8682	0.8763
0.7746	0.7813	0.7741	0.7805
0.6913	0.6963	0.6909	0.6955
0.6180	0.6207	0.6171	0.6209
0.5520	0.5547	0.5517	0.5546
0.4944	0.4967	0.4941	0.4963
0.4428	0.4446	0.4428	0.4446
0.3981	0.3994	0.3979	0.3992
0.3582	0.3586	0.3578	0.3588
0.3228	0.3231	0.3223	0.3232
0.2915	0.2918	0.2915	0.2920
0.2639	0.2639	0.2636	0.2641
0.2396	0.2398	0.2396	0.2398
0.2181	0.2182	0.2178	0.2182
0.1986	0.1988	0.1987	0.1986
0.1813	0.1818	0.1818	0.1815
0.1671	0.1672	0.1671	0.1672
0.1539	0.1544	0.1541	0.1539
0.1420	0.1420	0.1420	0.1421
0.1320	0.1324	0.1323	0.1320
0.1234	0.1233	0.1233	0.1234
0.1138	0.1138	0.1138	0.1138
0.1070	0.1068	0.1067	0.1070
0.1034	0.1028	0.1028	0.1034
0.0942	0.0939	0.0939	0.0942
0.0927	0.0932	0.0932	0.0927
0.0843	0.0838	0.0838	0.0844
0.0836	0.0836	0.0836	0.0836
0.0808	0.0805	0.0805	0.0808
0.0738	0.0738	0.0738	0.0738
0.0736	0.0736	0.0736	0.0736
0.0736	0.0735	0.0735	0.0736
0.0710	0.0712	0.0712	0.0710
0.0646	0.0644	0.0644	0.0646
0.0636	0.0636	0.0636	0.0636
0.0636	0.0636	0.0636	0.0636
0.0636	0.0636	0.0636	0.0636
0.0636	0.0636	0.0636	0.0636
0.0636	0.0636	0.0636	0.0636
0.0634	0.0635	0.0635	0.0634
0.0623	0.0624	0.0624	0.0623
0.0592	0.0598	0.0598	0.0592
0.0553	0.0553	0.0553	0.0553
0.0545	0.0541	0.0541	0.0545
0.0541	0.0539	0.0539	0.0541
0.0538	0.0537	0.0537	0.0538
0.0536	0.0536	0.0536	0.0536
0.0536	0.0536	0.0536	0.0536
0.0536	0.0536	0.0536	0.0536
0.0536	0.0536	0.0536	0.0536
0.0536	0.0536	0.0536	0.0536
0.0536	0.0536	0.0536	0.0536
0.0536	0.0536	0.0536	0.0536
0.0536	0.0536	0.0536	0.0536
0.0536	0.0536	0.0536	0.0536
0.0537	0.0536	0.0536	0.0537
0.0535	0.0537	0.0537	0.0535
0.0537	0.0535	0.0535	0.0537
0.0536	0.0536	0.0536	0.0536
0.0536	0.0536	0.0536	0.0536
0.0536	0.0536	0.0536	0.0536
0.0536	0.0536	0.0536	0.0536
0.0536	0.0536	0.0536	0.0536
0.0536	0.0536	0.0536	0.0536
0.0536	0.0536	0.0536	0.0536
0.0536	0.0536	0.0536	0.0536
0.0536	0.0536	0.0536	0.0536
0.0538	0.0534	0.0534	0.0538
0.0535	0.0537	0.0537	0.0535
0.0536	0.0536	0.0536	0.0536
0.0536	0.0536	0.0536	0.0536
0.0536	0.0536	0.0536	0.0536
0.0536	0.0536	0.0536	0.0536
0.0536	0.0536	0.0536	0.0536
0.0536	0.0536	0.0536	0.0536
0.0536	0.0536	0.0536	0.0536
0.0537	0.0535	0.0535	0.0537
0.0536	0.0536	0.0536	0.0536
0.0536	0.0536	0.0536	0.0536
0.0535	0.0537	0.0537	0.0535
0.0536	0.0536	0.0536	0.0536
0.0536	0.0536	0.0536	0.0536
0.0536	0.0536	0.0536	0.0536
0.0536	0.0536	0.0536	0.0536
0.0536	0.0536	0.0536	0.0536
0.0536	0.0536	0.0536	0.0536
0.0536	0.0536	0.0536	0.0536
0.0536	0.0536	0.0536	0.0536
0.0536	0.0536	0.0536	0.0536
0.0536	0.0536	0.0536	0.0536
0.0536	0.0536	0.0536	0.0536
