5.2358	5.1909	5.1568	5.1161
4.1055	4.0863	4.0706	4.0506
3.5739	3.5591	3.5479	3.5335
3.1540	3.1428	3.1342	3.1233
2.7901	2.7822	2.7752	2.7670
2.4703	2.4645	2.4594	2.4527
2.1883	2.1833	2.1795	2.1750
1.9390	1.9354	1.9326	1.9295
1.7192	1.7166	1.7144	1.7117
1.5249	1.5231	1.5213	1.5196
1.3537	1.3520	1.3511	1.3496
1.2024	1.2008	1.1999	1.1990
1.0685	1.0675	1.0668	1.0657
0.9502	0.9494	0.9490	0.9486
0.8461	0.8457	0.8451	0.8448
0.7533	0.7534	0.7530	0.7527
0.6725	0.6717	0.6713	0.6715
0.6002	0.6001	0.5999	0.5997
0.5367	0.5362	0.5361	0.5362
0.4803	0.4804	0.4801	0.4799
0.4309	0.4306	0.4306	0.4307
0.3865	0.3872	0.3872	0.3864
0.3484	0.3480	0.3480	0.3483
0.3139	0.3140	0.3140	0.3138
0.2835	0.2836	0.2836	0.2834
0.2566	0.2563	0.2562	0.2566
0.2332	0.2330	0.2330	0.2331
0.2119	0.2127	0.2127	0.2119
0.1939	0.1935	0.1935	0.1939
0.1776	0.1779	0.1779	0.1776
0.1632	0.1627	0.1627	0.1632
0.1498	0.1503	0.1503	0.1498
0.1393	0.1388	0.1388	0.1393
0.1292	0.1291	0.1291	0.1292
0.1209	0.1209	0.1209	0.1209
0.1134	0.1136	0.1136	0.1134
0.1048	0.1038	0.1038	0.1048
0.1004	0.1000	0.1000	0.1004
0.0936	0.0936	0.0936	0.0936
0.0908	0.0908	0.0908	0.0908
0.0837	0.0837	0.0837	0.0837
0.0835	0.0836	0.0836	0.0835
0.0781	0.0777	0.0777	0.0781
0.0736	0.0736	0.0736	0.0736
0.0736	0.0736	0.0736	0.0736
0.0736	0.0732	0.0732	0.0736
0.0692	0.0698	0.0698	0.0692
0.0642	0.0640	0.0640	0.0642
0.0636	0.0636	0.0636	0.0636
0.0636	0.0636	0.0636	0.0636
0.0636	0.0636	0.0636	0.0636
0.0636	0.0636	0.0636	0.0636
0.0636	0.0636	0.0636	0.0636
0.0626	0.0631	0.0631	0.0626
0.0623	0.0623	0.0623	0.0623
0.0571	0.0587	0.0587	0.0571
0.0546	0.0553	0.0553	0.0546
0.0540	0.0540	0.0540	0.0540
0.0539	0.0538	0.0538	0.0539
0.0536	0.0536	0.0536	0.0536
0.0536	0.0536	0.0536	0.0536
0.0536	0.0536	0.0536	0.0536
0.0536	0.0536	0.0536	0.0536
0.0536	0.0536	0.0536	0.0536
0.0536	0.0536	0.0536	0.0536
0.0536	0.0536	0.0536	0.0536
0.0536	0.0536	0.0536	0.0536
0.0537	0.0535	0.0535	0.0537
0.0536	0.0537	0.0537	0.0536
0.0536	0.0536	0.0536	0.0536
0.0536	0.0536	0.0536	0.0536
0.0542	0.0530	0.0530	0.0542
0.0536	0.0536	0.0536	0.0536
0.0536	0.0536	0.0536	0.0536
0.0536	0.0536	0.0536	0.0536
0.0536	0.0536	0.0536	0.0536
0.0536	0.0536	0.0536	0.0536
0.0536	0.0536	0.0536	0.0536
0.0536	0.0536	0.0536	0.0536
0.0536	0.0536	0.0536	0.0536
0.0536	0.0536	0.0536	0.0536
0.0536	0.0536	0.0536	0.0536
0.0536	0.0536	0.0536	0.0536
0.0536	0.0536	0.0536	0.0536
0.0536	0.0536	0.0536	0.0536
0.0536	0.0536	0.0536	0.0536
0.0537	0.0535	0.0535	0.0537
0.0536	0.0536	0.0536	0.0536
0.0536	0.0536	0.0536	0.0536
0.0536	0.0536	0.0536	0.0536
0.0540	0.0532	0.0532	0.0540
0.0536	0.0536	0.0536	0.0536
0.0536	0.0536	0.0536	0.0536
0.0536	0.0536	0.0536	0.0536
0.0537	0.0535	0.0535	0.0537
0.0536	0.0536	0.0536	0.0536
0.0536	0.0536	0.0536	0.0536
0.0536	0.0536	0.0536	0.0536
0.0536	0.0536	0.0536	0.0536
0.0534	0.0538	0.0538	0.0534
