4.5672	4.7375	4.6314	4.7887
3.6393	3.7146	3.6654	3.7406
3.1790	3.2342	3.1983	3.2534
2.8133	2.8543	2.8276	2.8692
2.4949	2.5260	2.5059	2.5367
2.2136	2.2370	2.2216	2.2451
1.9644	1.9820	1.9709	1.9884
1.7441	1.7571	1.7487	1.7619
1.5484	1.5586	1.5522	1.5619
1.3759	1.3828	1.3784	1.3857
1.2227	1.2280	1.2243	1.2301
1.0874	1.0916	1.0883	1.0926
0.9674	0.9704	0.9681	0.9715
0.8612	0.8637	0.8622	0.8647
0.7675	0.7696	0.7682	0.7702
0.6850	0.6859	0.6852	0.6869
0.6116	0.6124	0.6120	0.6127
0.5467	0.5477	0.5472	0.5477
0.4893	0.4900	0.4893	0.4900
0.4395	0.4390	0.4388	0.4399
0.3942	0.3941	0.3938	0.3945
0.3548	0.3549	0.3547	0.3550
0.3192	0.3197	0.3197	0.3196
0.2887	0.2888	0.2886	0.2888
0.2617	0.2616	0.2616	0.2617
0.2370	0.2369	0.2369	0.2370
0.2159	0.2156	0.2156	0.2159
0.1975	0.1976	0.1976	0.1977
0.1798	0.1798	0.1798	0.1799
0.1663	0.1665	0.1665	0.1663
0.1521	0.1523	0.1523	0.1522
0.1405	0.1409	0.1409	0.1405
0.1308	0.1309	0.1309	0.1308
0.1227	0.1224	0.1224	0.1227
0.1136	0.1136	0.1136	0.1136
0.1054	0.1065	0.1063	0.1054
0.1026	0.1021	0.1021	0.1026
0.0940	0.0936	0.0936	0.0940
0.0917	0.0926	0.0926	0.0917
0.0839	0.0839	0.0839	0.0839
0.0835	0.0836	0.0836	0.0835
0.0793	0.0790	0.0790	0.0793
0.0736	0.0736	0.0736	0.0736
0.0736	0.0736	0.0736	0.0736
0.0736	0.0736	0.0736	0.0736
0.0704	0.0704	0.0704	0.0704
0.0640	0.0646	0.0646	0.0640
0.0636	0.0637	0.0637	0.0636
0.0636	0.0636	0.0636	0.0636
0.0636	0.0636	0.0636	0.0636
0.0636	0.0636	0.0636	0.0636
0.0633	0.0638	0.0638	0.0633
0.0633	0.0631	0.0631	0.0633
0.0619	0.0624	0.0624	0.0619
0.0593	0.0598	0.0598	0.0593
0.0551	0.0555	0.0555	0.0551
0.0544	0.0543	0.0543	0.0544
0.0537	0.0538	0.0538	0.0537
0.0536	0.0537	0.0537	0.0536
0.0536	0.0536	0.0536	0.0536
0.0536	0.0536	0.0536	0.0536
0.0537	0.0535	0.0535	0.0537
0.0536	0.0536	0.0536	0.0536
0.0536	0.0536	0.0536	0.0536
0.0536	0.0536	0.0536	0.0536
0.0536	0.0536	0.0536	0.0536
0.0535	0.0537	0.0537	0.0535
0.0535	0.0537	0.0537	0.0535
0.0536	0.0536	0.0536	0.0536
0.0536	0.0536	0.0536	0.0536
0.0536	0.0536	0.0536	0.0536
0.0536	0.0536	0.0536	0.0536
0.0536	0.0536	0.0536	0.0536
0.0536	0.0536	0.0536	0.0536
0.0536	0.0536	0.0536	0.0536
0.0536	0.0536	0.0536	0.0536
0.0536	0.0536	0.0536	0.0536
0.0536	0.0536	0.0536	0.0536
0.0536	0.0536	0.0536	0.0536
0.0536	0.0536	0.0536	0.0536
0.0536	0.0536	0.0536	0.0536
0.0535	0.0537	0.0537	0.0535
0.0534	0.0538	0.0538	0.0534
0.0536	0.0536	0.0536	0.0536
0.0536	0.0536	0.0536	0.0536
0.0536	0.0536	0.0536	0.0536
0.0536	0.0536	0.0536	0.0536
0.0536	0.0536	0.0536	0.0536
0.0536	0.0536	0.0536	0.0536
0.0536	0.0536	0.0536	0.0536
0.0536	0.0536	0.0536	0.0536
0.0539	0.0533	0.0533	0.0539
0.0536	0.0536	0.0536	0.0536
0.0536	0.0536	0.0536	0.0536
0.0535	0.0537	0.0537	0.0535
0.0536	0.0536	0.0536	0.0536
0.0536	0.0536	0.0536	0.0536
0.0536	0.0536	0.0536	0.0536
0.0535	0.0537	0.0537	0.0535
0.0536	0.0536	0.0536	0.0536
