2.6211	2.6801	2.6008	2.6741
2.0769	2.1073	2.0705	2.1013
1.8146	1.8372	1.8101	1.8327
1.6073	1.6241	1.6041	1.6203
1.4270	1.4393	1.4242	1.4370
1.2675	1.2776	1.2661	1.2751
1.1266	1.1344	1.1258	1.1327
1.0024	1.0077	1.0013	1.0066
0.8927	0.8964	0.8915	0.8958
0.7954	0.7982	0.7944	0.7976
0.7092	0.7113	0.7089	0.7107
0.6310	0.6369	0.6347	0.6325
0.5657	0.5668	0.5652	0.5670
0.5064	0.5073	0.5067	0.5067
0.4521	0.4558	0.4548	0.4528
0.4075	0.4073	0.4070	0.4080
0.3661	0.3665	0.3664	0.3663
0.3295	0.3302	0.3300	0.3297
0.2976	0.2978	0.2977	0.2979
0.2694	0.2698	0.2695	0.2696
0.2441	0.2443	0.2443	0.2441
0.2223	0.2223	0.2223	0.2223
0.2025	0.2025	0.2025	0.2025
0.1853	0.1856	0.1856	0.1853
0.1693	0.1696	0.1696	0.1693
0.1568	0.1569	0.1568	0.1569
0.1448	0.1448	0.1448	0.1449
0.1338	0.1337	0.1337	0.1339
0.1241	0.1239	0.1239	0.1241
0.1158	0.1159	0.1159	0.1158
0.1089	0.1091	0.1091	0.1090
0.1036	0.1035	0.1035	0.1036
0.0952	0.0956	0.0956	0.0952
0.0936	0.0936	0.0936	0.0936
0.0857	0.0859	0.0859	0.0857
0.0836	0.0836	0.0836	0.0836
0.0823	0.0823	0.0823	0.0823
0.0741	0.0742	0.0742	0.0741
0.0736	0.0736	0.0736	0.0736
0.0736	0.0736	0.0736	0.0736
0.0730	0.0731	0.0731	0.0730
0.0648	0.0653	0.0653	0.0648
0.0636	0.0636	0.0636	0.0636
0.0636	0.0636	0.0636	0.0636
0.0636	0.0636	0.0636	0.0636
0.0636	0.0636	0.0636	0.0636
0.0636	0.0636	0.0636	0.0636
0.0634	0.0635	0.0635	0.0634
0.0631	0.0623	0.0623	0.0631
0.0612	0.0602	0.0602	0.0612
0.0564	0.0561	0.0561	0.0564
0.0545	0.0544	0.0544	0.0545
0.0544	0.0539	0.0539	0.0544
0.0540	0.0537	0.0537	0.0540
0.0536	0.0536	0.0536	0.0536
0.0537	0.0536	0.0536	0.0537
0.0536	0.0536	0.0536	0.0536
0.0536	0.0536	0.0536	0.0536
0.0536	0.0536	0.0536	0.0536
0.0536	0.0536	0.0536	0.0536
0.0536	0.0536	0.0536	0.0536
0.0534	0.0538	0.0538	0.0534
0.0536	0.0536	0.0536	0.0536
0.0536	0.0536	0.0536	0.0536
0.0536	0.0536	0.0536	0.0536
0.0536	0.0536	0.0536	0.0536
0.0536	0.0536	0.0536	0.0536
0.0536	0.0536	0.0536	0.0536
0.0536	0.0536	0.0536	0.0536
0.0534	0.0538	0.0538	0.0534
0.0536	0.0536	0.0536	0.0536
0.0536	0.0536	0.0536	0.0536
0.0536	0.0536	0.0536	0.0536
0.0536	0.0536	0.0536	0.0536
0.0536	0.0536	0.0536	0.0536
0.0536	0.0536	0.0536	0.0536
0.0536	0.0536	0.0536	0.0536
0.0536	0.0536	0.0536	0.0536
0.0536	0.0536	0.0536	0.0536
0.0536	0.0536	0.0536	0.0536
0.0536	0.0536	0.0536	0.0536
0.0533	0.0539	0.0539	0.0533
0.0536	0.0536	0.0536	0.0536
0.0536	0.0536	0.0536	0.0536
0.0536	0.0536	0.0536	0.0536
0.0535	0.0537	0.0537	0.0535
0.0536	0.0536	0.0536	0.0536
0.0536	0.0536	0.0536	0.0536
0.0536	0.0536	0.0536	0.0536
0.0536	0.0536	0.0536	0.0536
0.0536	0.0536	0.0536	0.0536
0.0536	0.0536	0.0536	0.0536
0.0536	0.0536	0.0536	0.0536
0.0535	0.0537	0.0537	0.0535
0.0536	0.0536	0.0536	0.0536
0.0536	0.0536	0.0536	0.0536
0.0536	0.0536	0.0536	0.0536
0.0536	0.0536	0.0536	0.0536
0.0536	0.0536	0.0536	0.0536
0.0536	0.0536	0.0536	0.0536
