4.5769	4.6682	4.4666	4.5713
3.6046	3.6498	3.5571	3.6020
3.1418	3.1747	3.1064	3.1396
2.7756	2.8005	2.7494	2.7738
2.4578	2.4764	2.4379	2.4566
2.1779	2.1916	2.1630	2.1773
1.9308	1.9410	1.9196	1.9300
1.7125	1.7204	1.7041	1.7119
1.5195	1.5251	1.5131	1.5191
1.3490	1.3535	1.3443	1.3488
1.1985	1.2018	1.1946	1.1985
1.0649	1.0676	1.0628	1.0649
0.9475	0.9495	0.9457	0.9474
0.8437	0.8455	0.8423	0.8434
0.7519	0.7527	0.7506	0.7519
0.6704	0.6713	0.6697	0.6704
0.5989	0.5997	0.5982	0.5989
0.5358	0.5358	0.5349	0.5358
0.4794	0.4795	0.4789	0.4794
0.4298	0.4305	0.4297	0.4298
0.3861	0.3863	0.3858	0.3861
0.3475	0.3477	0.3476	0.3475
0.3134	0.3132	0.3130	0.3134
0.2829	0.2834	0.2833	0.2829
0.2558	0.2563	0.2561	0.2558
0.2332	0.2332	0.2330	0.2332
0.2122	0.2118	0.2117	0.2122
0.1938	0.1934	0.1933	0.1938
0.1778	0.1777	0.1777	0.1778
0.1628	0.1629	0.1629	0.1628
0.1499	0.1501	0.1501	0.1499
0.1392	0.1388	0.1388	0.1392
0.1292	0.1291	0.1290	0.1292
0.1206	0.1207	0.1207	0.1206
0.1133	0.1134	0.1134	0.1133
0.1042	0.1042	0.1042	0.1042
0.1003	0.1005	0.1005	0.1003
0.0936	0.0936	0.0936	0.0936
0.0906	0.0907	0.0907	0.0906
0.0837	0.0836	0.0836	0.0837
0.0836	0.0836	0.0836	0.0836
0.0783	0.0779	0.0779	0.0783
0.0737	0.0735	0.0735	0.0737
0.0736	0.0736	0.0736	0.0736
0.0737	0.0733	0.0733	0.0737
0.0690	0.0690	0.0690	0.0690
0.0640	0.0641	0.0641	0.0640
0.0636	0.0636	0.0636	0.0636
0.0636	0.0636	0.0636	0.0636
0.0636	0.0636	0.0636	0.0636
0.0636	0.0635	0.0635	0.0636
0.0636	0.0636	0.0636	0.0636
0.0634	0.0633	0.0633	0.0634
0.0614	0.0622	0.0622	0.0614
0.0583	0.0579	0.0579	0.0583
0.0557	0.0549	0.0549	0.0557
0.0542	0.0542	0.0542	0.0542
0.0538	0.0539	0.0539	0.0538
0.0537	0.0537	0.0537	0.0537
0.0536	0.0536	0.0536	0.0536
0.0536	0.0536	0.0536	0.0536
0.0537	0.0535	0.0535	0.0537
0.0537	0.0535	0.0535	0.0537
0.0536	0.0536	0.0536	0.0536
0.0536	0.0536	0.0536	0.0536
0.0536	0.0536	0.0536	0.0536
0.0536	0.0536	0.0536	0.0536
0.0536	0.0536	0.0536	0.0536
0.0536	0.0536	0.0536	0.0536
0.0536	0.0536	0.0536	0.0536
0.0538	0.0535	0.0535	0.0538
0.0536	0.0536	0.0536	0.0536
0.0537	0.0535	0.0535	0.0537
0.0536	0.0536	0.0536	0.0536
0.0536	0.0536	0.0536	0.0536
0.0537	0.0535	0.0535	0.0537
0.0536	0.0536	0.0536	0.0536
0.0536	0.0536	0.0536	0.0536
0.0536	0.0536	0.0536	0.0536
0.0536	0.0536	0.0536	0.0536
0.0536	0.0536	0.0536	0.0536
0.0536	0.0536	0.0536	0.0536
0.0536	0.0536	0.0536	0.0536
0.0536	0.0536	0.0536	0.0536
0.0536	0.0536	0.0536	0.0536
0.0536	0.0536	0.0536	0.0536
0.0536	0.0536	0.0536	0.0536
0.0536	0.0536	0.0536	0.0536
0.0536	0.0536	0.0536	0.0536
0.0536	0.0536	0.0536	0.0536
0.0536	0.0536	0.0536	0.0536
0.0536	0.0536	0.0536	0.0536
0.0536	0.0536	0.0536	0.0536
0.0536	0.0536	0.0536	0.0536
0.0536	0.0536	0.0536	0.0536
0.0536	0.0536	0.0536	0.0536
0.0536	0.0536	0.0536	0.0536
0.0536	0.0536	0.0536	0.0536
0.0536	0.0536	0.0536	0.0536
0.0536	0.0536	0.0536	0.0536
