1.7971	1.6934	1.9201	1.7971
1.4272	1.3755	1.4795	1.4272
1.2481	1.2099	1.2868	1.2481
1.1067	1.0782	1.1354	1.1067
0.9845	0.9623	1.0053	0.9845
0.8758	0.8589	0.8919	0.8758
0.7801	0.7676	0.7921	0.7801
0.6959	0.6867	0.7046	0.6959
0.6211	0.6140	0.6278	0.6211
0.5547	0.5496	0.5603	0.5547
0.4969	0.4929	0.5008	0.4969
0.4452	0.4423	0.4482	0.4452
0.3997	0.3975	0.4018	0.3997
0.3594	0.3577	0.3612	0.3594
0.3240	0.3224	0.3250	0.3240
0.2928	0.2915	0.2936	0.2928
0.2644	0.2639	0.2648	0.2644
0.2403	0.2402	0.2409	0.2403
0.2183	0.2183	0.2194	0.2183
0.1990	0.1987	0.1993	0.1990
0.1818	0.1815	0.1822	0.1818
0.1678	0.1674	0.1674	0.1678
0.1545	0.1543	0.1547	0.1545
0.1423	0.1421	0.1421	0.1423
0.1325	0.1320	0.1320	0.1325
0.1236	0.1234	0.1235	0.1236
0.1138	0.1139	0.1139	0.1138
0.1078	0.1068	0.1068	0.1078
0.1029	0.1032	0.1032	0.1029
0.0940	0.0939	0.0940	0.0940
0.0931	0.0932	0.0932	0.0931
0.0846	0.0843	0.0844	0.0846
0.0836	0.0836	0.0836	0.0836
0.0807	0.0812	0.0813	0.0807
0.0737	0.0737	0.0737	0.0737
0.0736	0.0736	0.0736	0.0736
0.0736	0.0736	0.0736	0.0736
0.0715	0.0720	0.0720	0.0715
0.0642	0.0642	0.0642	0.0642
0.0636	0.0636	0.0636	0.0636
0.0636	0.0636	0.0636	0.0636
0.0636	0.0636	0.0636	0.0636
0.0636	0.0636	0.0636	0.0636
0.0638	0.0634	0.0634	0.0638
0.0636	0.0633	0.0633	0.0636
0.0619	0.0629	0.0629	0.0619
0.0611	0.0594	0.0594	0.0611
0.0559	0.0552	0.0552	0.0559
0.0540	0.0539	0.0539	0.0540
0.0541	0.0539	0.0539	0.0541
0.0536	0.0537	0.0537	0.0536
0.0535	0.0537	0.0537	0.0535
0.0536	0.0536	0.0536	0.0536
0.0536	0.0537	0.0537	0.0536
0.0536	0.0536	0.0536	0.0536
0.0536	0.0536	0.0536	0.0536
0.0537	0.0536	0.0536	0.0537
0.0536	0.0536	0.0536	0.0536
0.0536	0.0536	0.0536	0.0536
0.0536	0.0536	0.0536	0.0536
0.0537	0.0536	0.0536	0.0537
0.0536	0.0536	0.0536	0.0536
0.0536	0.0536	0.0536	0.0536
0.0536	0.0536	0.0536	0.0536
0.0536	0.0536	0.0536	0.0536
0.0537	0.0535	0.0535	0.0537
0.0536	0.0536	0.0536	0.0536
0.0536	0.0536	0.0536	0.0536
0.0536	0.0536	0.0536	0.0536
0.0536	0.0536	0.0536	0.0536
0.0536	0.0536	0.0536	0.0536
0.0536	0.0536	0.0536	0.0536
0.0536	0.0536	0.0536	0.0536
0.0536	0.0536	0.0536	0.0536
0.0537	0.0536	0.0536	0.0537
0.0536	0.0536	0.0536	0.0536
0.0536	0.0536	0.0536	0.0536
0.0536	0.0536	0.0536	0.0536
0.0536	0.0536	0.0536	0.0536
0.0537	0.0535	0.0535	0.0537
0.0536	0.0536	0.0536	0.0536
0.0536	0.0536	0.0536	0.0536
0.0536	0.0536	0.0536	0.0536
0.0536	0.0536	0.0536	0.0536
0.0536	0.0536	0.0536	0.0536
0.0536	0.0536	0.0536	0.0536
0.0536	0.0536	0.0536	0.0536
0.0536	0.0536	0.0536	0.0536
0.0536	0.0536	0.0536	0.0536
0.0536	0.0536	0.0536	0.0536
0.0536	0.0536	0.0536	0.0536
0.0536	0.0536	0.0536	0.0536
0.0537	0.0535	0.0535	0.0537
0.0536	0.0536	0.0536	0.0536
0.0536	0.0536	0.0536	0.0536
0.0536	0.0536	0.0536	0.0536
0.0536	0.0536	0.0536	0.0536
0.0536	0.0536	0.0536	0.0536
0.0536	0.0536	0.0536	0.0536
0.0537	0.0535	0.0535	0.0537
