2.2369	2.3903	2.1055	2.2369
1.7736	1.8388	1.7082	1.7736
1.5494	1.5976	1.5016	1.5494
1.3721	1.4078	1.3361	1.3721
1.2179	1.2453	1.1907	1.2179
1.0828	1.1030	1.0624	1.0828
0.9630	0.9786	0.9475	0.9630
0.8570	0.8691	0.8458	0.8570
0.7639	0.7726	0.7552	0.7639
0.6809	0.6875	0.6752	0.6809
0.6083	0.6131	0.6037	0.6083
0.5438	0.5475	0.5402	0.5438
0.4870	0.4895	0.4841	0.4870
0.4362	0.4380	0.4344	0.4362
0.3921	0.3933	0.3905	0.3921
0.3522	0.3539	0.3511	0.3522
0.3179	0.3186	0.3173	0.3179
0.2871	0.2877	0.2860	0.2871
0.2603	0.2605	0.2594	0.2603
0.2357	0.2357	0.2351	0.2357
0.2148	0.2151	0.2146	0.2148
0.1961	0.1965	0.1962	0.1961
0.1792	0.1792	0.1790	0.1792
0.1653	0.1656	0.1651	0.1653
0.1510	0.1513	0.1512	0.1510
0.1401	0.1406	0.1402	0.1401
0.1304	0.1308	0.1306	0.1304
0.1220	0.1224	0.1222	0.1220
0.1136	0.1137	0.1136	0.1136
0.1055	0.1055	0.1053	0.1055
0.1017	0.1017	0.1017	0.1017
0.0937	0.0936	0.0936	0.0937
0.0920	0.0918	0.0918	0.0920
0.0838	0.0838	0.0838	0.0838
0.0836	0.0836	0.0836	0.0836
0.0788	0.0795	0.0795	0.0788
0.0736	0.0736	0.0736	0.0736
0.0736	0.0736	0.0736	0.0736
0.0736	0.0736	0.0736	0.0736
0.0705	0.0703	0.0703	0.0705
0.0640	0.0642	0.0642	0.0640
0.0636	0.0636	0.0636	0.0636
0.0636	0.0636	0.0636	0.0636
0.0636	0.0636	0.0636	0.0636
0.0636	0.0636	0.0636	0.0636
0.0635	0.0636	0.0636	0.0635
0.0633	0.0633	0.0633	0.0633
0.0624	0.0629	0.0629	0.0624
0.0599	0.0588	0.0588	0.0599
0.0551	0.0551	0.0551	0.0551
0.0540	0.0541	0.0541	0.0540
0.0541	0.0540	0.0540	0.0541
0.0536	0.0536	0.0536	0.0536
0.0536	0.0536	0.0536	0.0536
0.0536	0.0536	0.0536	0.0536
0.0536	0.0536	0.0536	0.0536
0.0536	0.0536	0.0536	0.0536
0.0537	0.0536	0.0536	0.0537
0.0536	0.0536	0.0536	0.0536
0.0536	0.0536	0.0536	0.0536
0.0536	0.0536	0.0536	0.0536
0.0536	0.0536	0.0536	0.0536
0.0536	0.0536	0.0536	0.0536
0.0536	0.0536	0.0536	0.0536
0.0536	0.0536	0.0536	0.0536
0.0536	0.0536	0.0536	0.0536
0.0537	0.0535	0.0535	0.0537
0.0536	0.0536	0.0536	0.0536
0.0536	0.0536	0.0536	0.0536
0.0539	0.0533	0.0533	0.0539
0.0536	0.0536	0.0536	0.0536
0.0536	0.0536	0.0536	0.0536
0.0536	0.0536	0.0536	0.0536
0.0536	0.0536	0.0536	0.0536
0.0536	0.0536	0.0536	0.0536
0.0536	0.0536	0.0536	0.0536
0.0536	0.0536	0.0536	0.0536
0.0536	0.0536	0.0536	0.0536
0.0536	0.0536	0.0536	0.0536
0.0537	0.0535	0.0535	0.0537
0.0536	0.0536	0.0536	0.0536
0.0536	0.0536	0.0536	0.0536
0.0536	0.0536	0.0536	0.0536
0.0537	0.0535	0.0535	0.0537
0.0535	0.0537	0.0537	0.0535
0.0535	0.0537	0.0537	0.0535
0.0536	0.0536	0.0536	0.0536
0.0536	0.0536	0.0536	0.0536
0.0536	0.0536	0.0536	0.0536
0.0536	0.0536	0.0536	0.0536
0.0536	0.0536	0.0536	0.0536
0.0536	0.0536	0.0536	0.0536
0.0537	0.0535	0.0535	0.0537
0.0536	0.0536	0.0536	0.0536
0.0536	0.0536	0.0536	0.0536
0.0535	0.0537	0.0537	0.0535
0.0536	0.0536	0.0536	0.0536
0.0536	0.0536	0.0536	0.0536
0.0536	0.0536	0.0536	0.0536
0.0536	0.0536	0.0536	0.0536
