3.9798	3.9669	4.1360	4.1374
3.1616	3.1593	3.2371	3.2336
2.7617	2.7591	2.8167	2.8148
2.4442	2.4426	2.4853	2.4838
2.1677	2.1666	2.1992	2.1976
1.9236	1.9229	1.9470	1.9463
1.7080	1.7072	1.7251	1.7248
1.5164	1.5158	1.5297	1.5296
1.3476	1.3464	1.3568	1.3571
1.1973	1.1972	1.2049	1.2049
1.0647	1.0647	1.0706	1.0706
0.9477	0.9477	0.9522	0.9519
0.8440	0.8435	0.8470	0.8474
0.7525	0.7520	0.7543	0.7547
0.6713	0.6710	0.6730	0.6728
0.5996	0.5997	0.6008	0.6012
0.5357	0.5362	0.5371	0.5367
0.4799	0.4802	0.4810	0.4805
0.4308	0.4305	0.4310	0.4316
0.3866	0.3865	0.3869	0.3871
0.3480	0.3480	0.3484	0.3483
0.3140	0.3137	0.3142	0.3145
0.2835	0.2834	0.2835	0.2837
0.2563	0.2568	0.2569	0.2566
0.2334	0.2329	0.2331	0.2334
0.2126	0.2127	0.2127	0.2126
0.1942	0.1934	0.1934	0.1944
0.1780	0.1778	0.1779	0.1780
0.1631	0.1629	0.1630	0.1633
0.1505	0.1502	0.1502	0.1505
0.1392	0.1393	0.1393	0.1393
0.1292	0.1293	0.1293	0.1293
0.1205	0.1207	0.1207	0.1205
0.1134	0.1136	0.1136	0.1135
0.1046	0.1042	0.1042	0.1046
0.1003	0.1009	0.1010	0.1003
0.0936	0.0936	0.0936	0.0936
0.0913	0.0910	0.0910	0.0914
0.0836	0.0839	0.0839	0.0836
0.0837	0.0834	0.0834	0.0837
0.0781	0.0784	0.0784	0.0782
0.0736	0.0736	0.0736	0.0736
0.0735	0.0736	0.0736	0.0735
0.0735	0.0735	0.0735	0.0735
0.0688	0.0695	0.0695	0.0688
0.0641	0.0643	0.0643	0.0641
0.0636	0.0636	0.0636	0.0636
0.0636	0.0636	0.0636	0.0636
0.0636	0.0636	0.0636	0.0636
0.0636	0.0636	0.0636	0.0636
0.0636	0.0636	0.0636	0.0636
0.0635	0.0630	0.0630	0.0635
0.0620	0.0624	0.0624	0.0620
0.0580	0.0587	0.0587	0.0580
0.0552	0.0554	0.0554	0.0552
0.0542	0.0542	0.0542	0.0542
0.0536	0.0538	0.0538	0.0536
0.0537	0.0536	0.0536	0.0537
0.0536	0.0536	0.0536	0.0536
0.0536	0.0536	0.0536	0.0536
0.0555	0.0518	0.0518	0.0555
0.0536	0.0536	0.0536	0.0536
0.0536	0.0536	0.0536	0.0536
0.0536	0.0536	0.0536	0.0536
0.0536	0.0536	0.0536	0.0536
0.0536	0.0536	0.0536	0.0536
0.0536	0.0536	0.0536	0.0536
0.0536	0.0536	0.0536	0.0536
0.0536	0.0536	0.0536	0.0536
0.0536	0.0536	0.0536	0.0536
0.0536	0.0536	0.0536	0.0536
0.0536	0.0536	0.0536	0.0536
0.0536	0.0536	0.0536	0.0536
0.0536	0.0536	0.0536	0.0536
0.0545	0.0527	0.0527	0.0545
0.0536	0.0536	0.0536	0.0536
0.0536	0.0536	0.0536	0.0536
0.0536	0.0536	0.0536	0.0536
0.0536	0.0536	0.0536	0.0536
0.0536	0.0536	0.0536	0.0536
0.0535	0.0537	0.0537	0.0535
0.0536	0.0536	0.0536	0.0536
0.0536	0.0536	0.0536	0.0536
0.0536	0.0536	0.0536	0.0536
0.0535	0.0537	0.0537	0.0535
0.0536	0.0536	0.0536	0.0536
0.0536	0.0536	0.0536	0.0536
0.0536	0.0536	0.0536	0.0536
0.0536	0.0536	0.0536	0.0536
0.0536	0.0536	0.0536	0.0536
0.0535	0.0537	0.0537	0.0535
0.0536	0.0536	0.0536	0.0536
0.0537	0.0535	0.0535	0.0537
0.0536	0.0536	0.0536	0.0536
0.0536	0.0536	0.0536	0.0536
0.0536	0.0536	0.0536	0.0536
0.0536	0.0536	0.0536	0.0536
0.0536	0.0536	0.0536	0.0536
0.0535	0.0537	0.0537	0.0535
0.0536	0.0536	0.0536	0.0536
