1.5456	1.4569	1.6510	1.5456
1.2291	1.1846	1.2737	1.2291
1.0758	1.0430	1.1086	1.0758
0.9548	0.9304	0.9791	0.9548
0.8497	0.8311	0.8679	0.8497
0.7572	0.7431	0.7708	0.7572
0.6755	0.6650	0.6858	0.6755
0.6031	0.5949	0.6110	0.6031
0.5387	0.5331	0.5448	0.5387
0.4827	0.4781	0.4870	0.4827
0.4330	0.4296	0.4357	0.4330
0.3890	0.3860	0.3914	0.3890
0.3493	0.3475	0.3516	0.3493
0.3155	0.3142	0.3169	0.3155
0.2848	0.2839	0.2858	0.2848
0.2581	0.2569	0.2587	0.2581
0.2342	0.2337	0.2347	0.2342
0.2128	0.2126	0.2137	0.2128
0.1949	0.1941	0.1949	0.1949
0.1782	0.1785	0.1785	0.1782
0.1635	0.1634	0.1643	0.1635
0.1505	0.1503	0.1506	0.1505
0.1398	0.1392	0.1395	0.1398
0.1295	0.1296	0.1297	0.1295
0.1210	0.1210	0.1213	0.1210
0.1134	0.1136	0.1136	0.1134
0.1047	0.1047	0.1049	0.1047
0.1007	0.1010	0.1010	0.1007
0.0936	0.0936	0.0936	0.0936
0.0916	0.0913	0.0913	0.0916
0.0837	0.0837	0.0837	0.0837
0.0836	0.0836	0.0836	0.0836
0.0784	0.0788	0.0789	0.0784
0.0736	0.0736	0.0736	0.0736
0.0736	0.0736	0.0736	0.0736
0.0736	0.0735	0.0735	0.0736
0.0700	0.0701	0.0701	0.0700
0.0638	0.0639	0.0640	0.0638
0.0637	0.0635	0.0635	0.0637
0.0636	0.0636	0.0636	0.0636
0.0636	0.0636	0.0636	0.0636
0.0636	0.0636	0.0636	0.0636
0.0637	0.0635	0.0635	0.0637
0.0636	0.0630	0.0630	0.0636
0.0623	0.0618	0.0618	0.0623
0.0593	0.0584	0.0584	0.0593
0.0551	0.0549	0.0549	0.0551
0.0543	0.0541	0.0541	0.0543
0.0542	0.0538	0.0538	0.0542
0.0536	0.0537	0.0537	0.0536
0.0536	0.0536	0.0536	0.0536
0.0536	0.0536	0.0536	0.0536
0.0536	0.0536	0.0536	0.0536
0.0536	0.0536	0.0536	0.0536
0.0537	0.0535	0.0535	0.0537
0.0536	0.0536	0.0536	0.0536
0.0536	0.0536	0.0536	0.0536
0.0536	0.0536	0.0536	0.0536
0.0536	0.0536	0.0536	0.0536
0.0536	0.0536	0.0536	0.0536
0.0536	0.0536	0.0536	0.0536
0.0536	0.0536	0.0536	0.0536
0.0536	0.0536	0.0536	0.0536
0.0536	0.0536	0.0536	0.0536
0.0536	0.0536	0.0536	0.0536
0.0536	0.0536	0.0536	0.0536
0.0536	0.0536	0.0536	0.0536
0.0536	0.0536	0.0536	0.0536
0.0536	0.0536	0.0536	0.0536
0.0536	0.0536	0.0536	0.0536
0.0533	0.0539	0.0539	0.0533
0.0536	0.0536	0.0536	0.0536
0.0536	0.0536	0.0536	0.0536
0.0538	0.0534	0.0534	0.0538
0.0537	0.0535	0.0535	0.0537
0.0537	0.0535	0.0535	0.0537
0.0502	0.0570	0.0570	0.0502
0.0536	0.0536	0.0536	0.0536
0.0536	0.0536	0.0536	0.0536
0.0536	0.0536	0.0536	0.0536
0.0536	0.0536	0.0536	0.0536
0.0536	0.0536	0.0536	0.0536
0.0537	0.0535	0.0535	0.0537
0.0536	0.0536	0.0536	0.0536
0.0535	0.0537	0.0537	0.0535
0.0536	0.0536	0.0536	0.0536
0.0536	0.0536	0.0536	0.0536
0.0535	0.0537	0.0537	0.0535
0.0536	0.0536	0.0536	0.0536
0.0535	0.0537	0.0537	0.0535
0.0536	0.0536	0.0536	0.0536
0.0536	0.0536	0.0536	0.0536
0.0536	0.0536	0.0536	0.0536
0.0536	0.0536	0.0536	0.0536
0.0536	0.0536	0.0536	0.0536
0.0536	0.0536	0.0536	0.0536
0.0536	0.0536	0.0536	0.0536
0.0535	0.0537	0.0537	0.0535
0.0536	0.0536	0.0536	0.0536
0.0536	0.0536	0.0536	0.0536
