1.8018	1.6967	1.9245	1.8018
1.4310	1.3787	1.4830	1.4310
1.2510	1.2133	1.2904	1.2510
1.1091	1.0806	1.1382	1.1091
0.9860	0.9646	1.0079	0.9860
0.8776	0.8614	0.8941	0.8776
0.7822	0.7695	0.7940	0.7822
0.6971	0.6881	0.7063	0.6971
0.6224	0.6151	0.6288	0.6224
0.5561	0.5509	0.5616	0.5561
0.4978	0.4937	0.5017	0.4978
0.4460	0.4432	0.4489	0.4460
0.4011	0.3980	0.4030	0.4011
0.3601	0.3584	0.3617	0.3601
0.3243	0.3239	0.3258	0.3243
0.2931	0.2920	0.2937	0.2931
0.2648	0.2643	0.2658	0.2648
0.2407	0.2405	0.2417	0.2407
0.2186	0.2188	0.2192	0.2186
0.1991	0.1994	0.1999	0.1991
0.1828	0.1825	0.1829	0.1828
0.1677	0.1679	0.1681	0.1677
0.1545	0.1547	0.1551	0.1545
0.1424	0.1425	0.1425	0.1424
0.1326	0.1324	0.1327	0.1326
0.1236	0.1232	0.1232	0.1236
0.1141	0.1141	0.1141	0.1141
0.1074	0.1081	0.1081	0.1074
0.1033	0.1032	0.1032	0.1033
0.0939	0.0944	0.0944	0.0939
0.0934	0.0930	0.0930	0.0934
0.0841	0.0844	0.0845	0.0841
0.0836	0.0836	0.0836	0.0836
0.0810	0.0811	0.0812	0.0810
0.0736	0.0741	0.0741	0.0736
0.0736	0.0736	0.0736	0.0736
0.0736	0.0735	0.0735	0.0736
0.0716	0.0718	0.0718	0.0716
0.0643	0.0648	0.0648	0.0643
0.0635	0.0637	0.0637	0.0635
0.0635	0.0637	0.0637	0.0635
0.0638	0.0634	0.0634	0.0638
0.0636	0.0636	0.0636	0.0636
0.0636	0.0636	0.0636	0.0636
0.0635	0.0634	0.0634	0.0635
0.0618	0.0628	0.0628	0.0618
0.0602	0.0604	0.0604	0.0602
0.0560	0.0552	0.0552	0.0560
0.0542	0.0547	0.0547	0.0542
0.0537	0.0538	0.0538	0.0537
0.0537	0.0536	0.0536	0.0537
0.0536	0.0536	0.0536	0.0536
0.0537	0.0535	0.0535	0.0537
0.0536	0.0536	0.0536	0.0536
0.0535	0.0537	0.0537	0.0535
0.0536	0.0536	0.0536	0.0536
0.0536	0.0536	0.0536	0.0536
0.0537	0.0536	0.0536	0.0537
0.0537	0.0535	0.0535	0.0537
0.0536	0.0536	0.0536	0.0536
0.0536	0.0536	0.0536	0.0536
0.0536	0.0536	0.0536	0.0536
0.0538	0.0534	0.0534	0.0538
0.0536	0.0536	0.0536	0.0536
0.0535	0.0537	0.0537	0.0535
0.0536	0.0536	0.0536	0.0536
0.0536	0.0536	0.0536	0.0536
0.0536	0.0536	0.0536	0.0536
0.0536	0.0536	0.0536	0.0536
0.0536	0.0536	0.0536	0.0536
0.0536	0.0536	0.0536	0.0536
0.0536	0.0536	0.0536	0.0536
0.0536	0.0536	0.0536	0.0536
0.0536	0.0536	0.0536	0.0536
0.0536	0.0536	0.0536	0.0536
0.0536	0.0536	0.0536	0.0536
0.0536	0.0536	0.0536	0.0536
0.0535	0.0537	0.0537	0.0535
0.0536	0.0536	0.0536	0.0536
0.0536	0.0536	0.0536	0.0536
0.0536	0.0536	0.0536	0.0536
0.0536	0.0536	0.0536	0.0536
0.0536	0.0536	0.0536	0.0536
0.0536	0.0536	0.0536	0.0536
0.0536	0.0536	0.0536	0.0536
0.0536	0.0536	0.0536	0.0536
0.0536	0.0536	0.0536	0.0536
0.0536	0.0536	0.0536	0.0536
0.0536	0.0536	0.0536	0.0536
0.0536	0.0536	0.0536	0.0536
0.0536	0.0536	0.0536	0.0536
0.0535	0.0537	0.0537	0.0535
0.0536	0.0536	0.0536	0.0536
0.0536	0.0536	0.0536	0.0536
0.0536	0.0536	0.0536	0.0536
0.0536	0.0536	0.0536	0.0536
0.0536	0.0536	0.0536	0.0536
0.0536	0.0536	0.0536	0.0536
0.0536	0.0536	0.0536	0.0536
0.0536	0.0536	0.0536	0.0536
