4.4141	4.5465	4.3077	4.4467
3.4847	3.5471	3.4374	3.4997
3.0381	3.0841	3.0037	3.0493
2.6848	2.7198	2.6592	2.6935
2.3786	2.4046	2.3589	2.3848
2.1084	2.1279	2.0941	2.1135
1.8701	1.8843	1.8588	1.8733
1.6591	1.6697	1.6505	1.6616
1.4726	1.4805	1.4658	1.4747
1.3077	1.3137	1.3029	1.3092
1.1616	1.1668	1.1582	1.1633
1.0335	1.0365	1.0309	1.0341
0.9193	0.9221	0.9172	0.9197
0.8186	0.8202	0.8170	0.8191
0.7298	0.7312	0.7285	0.7301
0.6509	0.6521	0.6500	0.6511
0.5818	0.5829	0.5811	0.5819
0.5199	0.5210	0.5199	0.5200
0.4658	0.4667	0.4656	0.4659
0.4180	0.4185	0.4176	0.4181
0.3753	0.3761	0.3755	0.3754
0.3383	0.3385	0.3380	0.3383
0.3050	0.3051	0.3050	0.3052
0.2757	0.2755	0.2752	0.2758
0.2505	0.2506	0.2505	0.2505
0.2271	0.2272	0.2270	0.2271
0.2075	0.2072	0.2070	0.2075
0.1889	0.1893	0.1893	0.1889
0.1732	0.1738	0.1738	0.1732
0.1592	0.1591	0.1591	0.1592
0.1474	0.1474	0.1474	0.1474
0.1361	0.1363	0.1363	0.1361
0.1265	0.1265	0.1265	0.1265
0.1178	0.1181	0.1181	0.1178
0.1117	0.1114	0.1114	0.1117
0.1036	0.1036	0.1036	0.1036
0.0978	0.0977	0.0977	0.0978
0.0936	0.0936	0.0936	0.0936
0.0880	0.0885	0.0885	0.0880
0.0837	0.0835	0.0835	0.0837
0.0834	0.0833	0.0833	0.0834
0.0754	0.0763	0.0763	0.0754
0.0736	0.0736	0.0736	0.0736
0.0736	0.0736	0.0736	0.0736
0.0727	0.0732	0.0732	0.0727
0.0671	0.0671	0.0671	0.0671
0.0637	0.0637	0.0637	0.0637
0.0636	0.0636	0.0636	0.0636
0.0636	0.0636	0.0636	0.0636
0.0636	0.0636	0.0636	0.0636
0.0636	0.0636	0.0636	0.0636
0.0634	0.0635	0.0635	0.0634
0.0629	0.0624	0.0624	0.0629
0.0618	0.0613	0.0613	0.0618
0.0574	0.0567	0.0567	0.0574
0.0542	0.0553	0.0553	0.0542
0.0538	0.0541	0.0541	0.0538
0.0540	0.0535	0.0535	0.0540
0.0536	0.0536	0.0536	0.0536
0.0536	0.0536	0.0536	0.0536
0.0536	0.0536	0.0536	0.0536
0.0536	0.0536	0.0536	0.0536
0.0536	0.0536	0.0536	0.0536
0.0536	0.0536	0.0536	0.0536
0.0536	0.0537	0.0537	0.0536
0.0536	0.0536	0.0536	0.0536
0.0536	0.0536	0.0536	0.0536
0.0535	0.0537	0.0537	0.0535
0.0536	0.0536	0.0536	0.0536
0.0536	0.0536	0.0536	0.0536
0.0536	0.0536	0.0536	0.0536
0.0536	0.0537	0.0537	0.0536
0.0536	0.0536	0.0536	0.0536
0.0536	0.0536	0.0536	0.0536
0.0535	0.0538	0.0538	0.0535
0.0536	0.0536	0.0536	0.0536
0.0536	0.0536	0.0536	0.0536
0.0536	0.0536	0.0536	0.0536
0.0535	0.0537	0.0537	0.0535
0.0536	0.0536	0.0536	0.0536
0.0536	0.0536	0.0536	0.0536
0.0536	0.0536	0.0536	0.0536
0.0536	0.0536	0.0536	0.0536
0.0536	0.0536	0.0536	0.0536
0.0536	0.0536	0.0536	0.0536
0.0536	0.0536	0.0536	0.0536
0.0536	0.0536	0.0536	0.0536
0.0536	0.0536	0.0536	0.0536
0.0536	0.0536	0.0536	0.0536
0.0536	0.0536	0.0536	0.0536
0.0536	0.0536	0.0536	0.0536
0.0536	0.0536	0.0536	0.0536
0.0536	0.0536	0.0536	0.0536
0.0536	0.0536	0.0536	0.0536
0.0536	0.0536	0.0536	0.0536
0.0536	0.0536	0.0536	0.0536
0.0536	0.0536	0.0536	0.0536
0.0536	0.0536	0.0536	0.0536
0.0536	0.0536	0.0536	0.0536
0.0536	0.0536	0.0536	0.0536
