1.5163	1.4197	1.4197	1.3376
1.1711	1.1300	1.1300	1.0894
1.0198	0.9899	0.9899	0.9600
0.9016	0.8785	0.8785	0.8561
0.7994	0.7820	0.7820	0.7653
0.7105	0.6975	0.6975	0.6847
0.6324	0.6227	0.6227	0.6133
0.5636	0.5564	0.5564	0.5493
0.5036	0.4982	0.4982	0.4926
0.4505	0.4464	0.4464	0.4424
0.4037	0.4012	0.4012	0.3979
0.3629	0.3603	0.3603	0.3580
0.3265	0.3250	0.3250	0.3228
0.2945	0.2929	0.2929	0.2918
0.2661	0.2648	0.2648	0.2643
0.2415	0.2415	0.2415	0.2400
0.2198	0.2189	0.2189	0.2182
0.1997	0.1997	0.1997	0.1992
0.1830	0.1824	0.1824	0.1822
0.1679	0.1680	0.1680	0.1676
0.1548	0.1549	0.1549	0.1545
0.1426	0.1425	0.1425	0.1422
0.1326	0.1326	0.1326	0.1324
0.1236	0.1233	0.1233	0.1236
0.1138	0.1147	0.1147	0.1137
0.1072	0.1078	0.1078	0.1071
0.1032	0.1032	0.1032	0.1031
0.0950	0.0939	0.0939	0.0948
0.0934	0.0932	0.0932	0.0934
0.0843	0.0846	0.0846	0.0841
0.0836	0.0836	0.0836	0.0836
0.0814	0.0814	0.0814	0.0814
0.0736	0.0740	0.0740	0.0736
0.0736	0.0736	0.0736	0.0736
0.0736	0.0736	0.0736	0.0736
0.0716	0.0722	0.0722	0.0716
0.0645	0.0646	0.0646	0.0645
0.0636	0.0636	0.0636	0.0636
0.0636	0.0636	0.0636	0.0636
0.0636	0.0636	0.0636	0.0636
0.0636	0.0635	0.0635	0.0636
0.0636	0.0636	0.0636	0.0636
0.0631	0.0633	0.0633	0.0631
0.0617	0.0627	0.0627	0.0617
0.0602	0.0594	0.0594	0.0602
0.0554	0.0563	0.0563	0.0554
0.0548	0.0545	0.0545	0.0548
0.0540	0.0537	0.0537	0.0540
0.0536	0.0537	0.0537	0.0536
0.0536	0.0537	0.0537	0.0536
0.0537	0.0537	0.0537	0.0537
0.0536	0.0536	0.0536	0.0536
0.0536	0.0536	0.0536	0.0536
0.0536	0.0536	0.0536	0.0536
0.0537	0.0535	0.0535	0.0537
0.0536	0.0536	0.0536	0.0536
0.0535	0.0537	0.0537	0.0535
0.0536	0.0536	0.0536	0.0536
0.0536	0.0536	0.0536	0.0536
0.0536	0.0536	0.0536	0.0536
0.0536	0.0536	0.0536	0.0536
0.0536	0.0536	0.0536	0.0536
0.0536	0.0536	0.0536	0.0536
0.0536	0.0536	0.0536	0.0536
0.0550	0.0522	0.0522	0.0550
0.0536	0.0536	0.0536	0.0536
0.0536	0.0536	0.0536	0.0536
0.0536	0.0536	0.0536	0.0536
0.0532	0.0540	0.0540	0.0532
0.0536	0.0536	0.0536	0.0536
0.0536	0.0536	0.0536	0.0536
0.0536	0.0536	0.0536	0.0536
0.0536	0.0536	0.0536	0.0536
0.0536	0.0536	0.0536	0.0536
0.0536	0.0536	0.0536	0.0536
0.0533	0.0539	0.0539	0.0533
0.0536	0.0536	0.0536	0.0536
0.0536	0.0536	0.0536	0.0536
0.0536	0.0536	0.0536	0.0536
0.0536	0.0536	0.0536	0.0536
0.0536	0.0536	0.0536	0.0536
0.0536	0.0536	0.0536	0.0536
0.0537	0.0535	0.0535	0.0537
0.0536	0.0536	0.0536	0.0536
0.0536	0.0536	0.0536	0.0536
0.0536	0.0536	0.0536	0.0536
0.0536	0.0536	0.0536	0.0536
0.0536	0.0536	0.0536	0.0536
0.0536	0.0536	0.0536	0.0536
0.0536	0.0536	0.0536	0.0536
0.0536	0.0536	0.0536	0.0536
0.0536	0.0536	0.0536	0.0536
0.0536	0.0536	0.0536	0.0536
0.0534	0.0538	0.0538	0.0534
0.0538	0.0534	0.0534	0.0538
0.0536	0.0536	0.0536	0.0536
0.0535	0.0537	0.0537	0.0535
0.0537	0.0535	0.0535	0.0537
0.0536	0.0536	0.0536	0.0536
0.0536	0.0536	0.0536	0.0536
