1.5669	1.4723	1.5662	1.4708
1.2273	1.1836	1.2265	1.1831
1.0714	1.0392	1.0712	1.0387
0.9484	0.9247	0.9484	0.9242
0.8423	0.8246	0.8423	0.8241
0.7494	0.7356	0.7494	0.7356
0.6670	0.6576	0.6680	0.6569
0.5957	0.5876	0.5950	0.5878
0.5318	0.5266	0.5319	0.5262
0.4765	0.4714	0.4759	0.4716
0.4267	0.4236	0.4266	0.4233
0.3831	0.3805	0.3832	0.3806
0.3450	0.3427	0.3443	0.3429
0.3106	0.3092	0.3105	0.3089
0.2808	0.2798	0.2809	0.2793
0.2540	0.2533	0.2540	0.2534
0.2312	0.2302	0.2310	0.2303
0.2102	0.2095	0.2097	0.2099
0.1913	0.1915	0.1916	0.1912
0.1761	0.1765	0.1767	0.1757
0.1610	0.1606	0.1607	0.1608
0.1489	0.1488	0.1489	0.1488
0.1377	0.1381	0.1381	0.1375
0.1279	0.1281	0.1281	0.1279
0.1196	0.1192	0.1193	0.1196
0.1128	0.1130	0.1132	0.1126
0.1039	0.1039	0.1039	0.1039
0.0996	0.0993	0.0993	0.0996
0.0936	0.0936	0.0936	0.0936
0.0900	0.0888	0.0889	0.0899
0.0836	0.0836	0.0836	0.0836
0.0836	0.0834	0.0834	0.0836
0.0771	0.0765	0.0766	0.0770
0.0736	0.0736	0.0736	0.0736
0.0737	0.0735	0.0735	0.0737
0.0733	0.0732	0.0732	0.0733
0.0675	0.0679	0.0679	0.0675
0.0637	0.0640	0.0640	0.0637
0.0636	0.0636	0.0636	0.0636
0.0636	0.0636	0.0636	0.0636
0.0637	0.0635	0.0635	0.0637
0.0636	0.0636	0.0636	0.0636
0.0635	0.0636	0.0636	0.0635
0.0634	0.0631	0.0631	0.0634
0.0625	0.0624	0.0624	0.0625
0.0575	0.0576	0.0577	0.0575
0.0550	0.0552	0.0552	0.0550
0.0542	0.0542	0.0542	0.0542
0.0539	0.0538	0.0538	0.0539
0.0536	0.0536	0.0536	0.0536
0.0536	0.0536	0.0536	0.0536
0.0536	0.0536	0.0536	0.0536
0.0536	0.0536	0.0536	0.0536
0.0536	0.0536	0.0536	0.0536
0.0536	0.0536	0.0536	0.0536
0.0532	0.0540	0.0540	0.0532
0.0536	0.0536	0.0536	0.0536
0.0536	0.0536	0.0536	0.0536
0.0536	0.0536	0.0536	0.0536
0.0536	0.0536	0.0536	0.0536
0.0536	0.0536	0.0536	0.0536
0.0536	0.0536	0.0536	0.0536
0.0536	0.0536	0.0536	0.0536
0.0536	0.0536	0.0536	0.0536
0.0536	0.0536	0.0536	0.0536
0.0536	0.0536	0.0536	0.0536
0.0536	0.0536	0.0536	0.0536
0.0536	0.0536	0.0536	0.0536
0.0536	0.0536	0.0536	0.0536
0.0536	0.0536	0.0536	0.0536
0.0536	0.0536	0.0536	0.0536
0.0536	0.0536	0.0536	0.0536
0.0536	0.0536	0.0536	0.0536
0.0536	0.0536	0.0536	0.0536
0.0536	0.0536	0.0536	0.0536
0.0536	0.0536	0.0536	0.0536
0.0536	0.0536	0.0536	0.0536
0.0535	0.0537	0.0537	0.0535
0.0536	0.0536	0.0536	0.0536
0.0536	0.0536	0.0536	0.0536
0.0536	0.0536	0.0536	0.0536
0.0536	0.0536	0.0536	0.0536
0.0536	0.0536	0.0536	0.0536
0.0536	0.0536	0.0536	0.0536
0.0536	0.0536	0.0536	0.0536
0.0536	0.0536	0.0536	0.0536
0.0535	0.0537	0.0537	0.0535
0.0535	0.0537	0.0537	0.0535
0.0536	0.0536	0.0536	0.0536
0.0536	0.0536	0.0536	0.0536
0.0538	0.0534	0.0534	0.0538
0.0536	0.0536	0.0536	0.0536
0.0531	0.0541	0.0541	0.0531
0.0536	0.0536	0.0536	0.0536
0.0536	0.0536	0.0536	0.0536
0.0537	0.0535	0.0535	0.0537
0.0536	0.0536	0.0536	0.0536
0.0536	0.0536	0.0536	0.0536
0.0536	0.0536	0.0536	0.0536
0.0536	0.0536	0.0536	0.0536
