4.5102	4.4154	4.5018	4.4036
3.5386	3.4951	3.5342	3.4903
3.0815	3.0489	3.0779	3.0456
2.7202	2.6958	2.7170	2.6936
2.4073	2.3891	2.4053	2.3868
2.1322	2.1181	2.1305	2.1164
1.8896	1.8788	1.8882	1.8783
1.6750	1.6673	1.6744	1.6667
1.4861	1.4798	1.4854	1.4795
1.3187	1.3145	1.3182	1.3144
1.1715	1.1682	1.1714	1.1674
1.0415	1.0390	1.0409	1.0384
0.9262	0.9244	0.9260	0.9243
0.8244	0.8235	0.8247	0.8233
0.7347	0.7337	0.7348	0.7339
0.6557	0.6550	0.6556	0.6552
0.5852	0.5851	0.5858	0.5848
0.5236	0.5232	0.5236	0.5233
0.4688	0.4686	0.4689	0.4685
0.4209	0.4206	0.4208	0.4208
0.3779	0.3777	0.3779	0.3778
0.3400	0.3399	0.3399	0.3397
0.3068	0.3066	0.3068	0.3068
0.2769	0.2770	0.2770	0.2769
0.2519	0.2517	0.2519	0.2519
0.2284	0.2285	0.2285	0.2283
0.2082	0.2084	0.2084	0.2082
0.1894	0.1896	0.1896	0.1894
0.1749	0.1742	0.1742	0.1746
0.1596	0.1595	0.1595	0.1596
0.1478	0.1479	0.1479	0.1477
0.1369	0.1366	0.1367	0.1369
0.1268	0.1273	0.1273	0.1268
0.1186	0.1183	0.1183	0.1186
0.1117	0.1118	0.1118	0.1117
0.1036	0.1036	0.1036	0.1036
0.0982	0.0981	0.0981	0.0982
0.0936	0.0936	0.0936	0.0936
0.0889	0.0887	0.0887	0.0889
0.0836	0.0836	0.0836	0.0836
0.0835	0.0834	0.0834	0.0835
0.0754	0.0759	0.0759	0.0754
0.0736	0.0736	0.0736	0.0736
0.0736	0.0736	0.0736	0.0736
0.0732	0.0733	0.0733	0.0732
0.0672	0.0672	0.0672	0.0672
0.0637	0.0637	0.0637	0.0637
0.0636	0.0636	0.0636	0.0636
0.0636	0.0636	0.0636	0.0636
0.0636	0.0636	0.0636	0.0636
0.0636	0.0636	0.0636	0.0636
0.0636	0.0636	0.0636	0.0636
0.0632	0.0628	0.0628	0.0632
0.0620	0.0615	0.0615	0.0620
0.0569	0.0575	0.0575	0.0569
0.0550	0.0541	0.0541	0.0550
0.0541	0.0545	0.0545	0.0541
0.0538	0.0539	0.0539	0.0538
0.0536	0.0536	0.0536	0.0536
0.0536	0.0536	0.0536	0.0536
0.0537	0.0536	0.0536	0.0537
0.0536	0.0536	0.0536	0.0536
0.0530	0.0543	0.0543	0.0530
0.0536	0.0536	0.0536	0.0536
0.0536	0.0536	0.0536	0.0536
0.0536	0.0536	0.0536	0.0536
0.0536	0.0536	0.0536	0.0536
0.0536	0.0536	0.0536	0.0536
0.0536	0.0536	0.0536	0.0536
0.0535	0.0537	0.0537	0.0535
0.0538	0.0534	0.0534	0.0538
0.0536	0.0536	0.0536	0.0536
0.0536	0.0536	0.0536	0.0536
0.0536	0.0536	0.0536	0.0536
0.0536	0.0536	0.0536	0.0536
0.0536	0.0536	0.0536	0.0536
0.0536	0.0536	0.0536	0.0536
0.0536	0.0536	0.0536	0.0536
0.0536	0.0536	0.0536	0.0536
0.0537	0.0535	0.0535	0.0537
0.0536	0.0536	0.0536	0.0536
0.0536	0.0536	0.0536	0.0536
0.0536	0.0536	0.0536	0.0536
0.0536	0.0536	0.0536	0.0536
0.0536	0.0536	0.0536	0.0536
0.0536	0.0536	0.0536	0.0536
0.0536	0.0536	0.0536	0.0536
0.0536	0.0536	0.0536	0.0536
0.0536	0.0536	0.0536	0.0536
0.0536	0.0536	0.0536	0.0536
0.0536	0.0536	0.0536	0.0536
0.0536	0.0536	0.0536	0.0536
0.0536	0.0536	0.0536	0.0536
0.0536	0.0536	0.0536	0.0536
0.0536	0.0536	0.0536	0.0536
0.0536	0.0536	0.0536	0.0536
0.0536	0.0536	0.0536	0.0536
0.0536	0.0536	0.0536	0.0536
0.0536	0.0536	0.0536	0.0536
0.0537	0.0535	0.0535	0.0537
