1.0353	0.9714	0.9714	0.9159
0.8039	0.7761	0.7761	0.7489
0.7023	0.6822	0.6822	0.6619
0.6228	0.6075	0.6075	0.5927
0.5542	0.5430	0.5430	0.5315
0.4948	0.4860	0.4860	0.4776
0.4422	0.4356	0.4356	0.4292
0.3960	0.3913	0.3913	0.3863
0.3560	0.3521	0.3521	0.3486
0.3200	0.3176	0.3176	0.3151
0.2883	0.2865	0.2865	0.2843
0.2616	0.2598	0.2598	0.2578
0.2368	0.2350	0.2350	0.2343
0.2153	0.2142	0.2142	0.2139
0.1966	0.1962	0.1962	0.1953
0.1793	0.1790	0.1790	0.1786
0.1657	0.1649	0.1649	0.1644
0.1518	0.1513	0.1513	0.1510
0.1403	0.1400	0.1400	0.1402
0.1306	0.1305	0.1305	0.1299
0.1218	0.1214	0.1214	0.1217
0.1136	0.1136	0.1136	0.1136
0.1054	0.1053	0.1053	0.1052
0.1016	0.1019	0.1019	0.1015
0.0936	0.0937	0.0937	0.0936
0.0920	0.0918	0.0918	0.0919
0.0838	0.0837	0.0837	0.0838
0.0836	0.0836	0.0836	0.0836
0.0791	0.0784	0.0784	0.0790
0.0736	0.0736	0.0736	0.0736
0.0737	0.0734	0.0734	0.0737
0.0735	0.0735	0.0735	0.0735
0.0704	0.0701	0.0701	0.0704
0.0641	0.0640	0.0640	0.0641
0.0636	0.0637	0.0637	0.0636
0.0636	0.0636	0.0636	0.0636
0.0636	0.0636	0.0636	0.0636
0.0636	0.0636	0.0636	0.0636
0.0636	0.0636	0.0636	0.0636
0.0630	0.0635	0.0635	0.0630
0.0616	0.0629	0.0629	0.0616
0.0588	0.0594	0.0594	0.0588
0.0556	0.0553	0.0553	0.0556
0.0540	0.0543	0.0543	0.0540
0.0537	0.0538	0.0538	0.0537
0.0536	0.0536	0.0536	0.0536
0.0534	0.0539	0.0539	0.0534
0.0536	0.0536	0.0536	0.0536
0.0536	0.0536	0.0536	0.0536
0.0536	0.0536	0.0536	0.0536
0.0535	0.0537	0.0537	0.0535
0.0536	0.0536	0.0536	0.0536
0.0536	0.0536	0.0536	0.0536
0.0536	0.0536	0.0536	0.0536
0.0536	0.0536	0.0536	0.0536
0.0536	0.0536	0.0536	0.0536
0.0536	0.0536	0.0536	0.0536
0.0536	0.0536	0.0536	0.0536
0.0536	0.0536	0.0536	0.0536
0.0537	0.0536	0.0536	0.0537
0.0536	0.0536	0.0536	0.0536
0.0536	0.0536	0.0536	0.0536
0.0539	0.0533	0.0533	0.0539
0.0536	0.0536	0.0536	0.0536
0.0536	0.0536	0.0536	0.0536
0.0536	0.0536	0.0536	0.0536
0.0536	0.0536	0.0536	0.0536
0.0537	0.0535	0.0535	0.0537
0.0536	0.0536	0.0536	0.0536
0.0536	0.0536	0.0536	0.0536
0.0536	0.0536	0.0536	0.0536
0.0536	0.0536	0.0536	0.0536
0.0536	0.0536	0.0536	0.0536
0.0536	0.0536	0.0536	0.0536
0.0536	0.0536	0.0536	0.0536
0.0536	0.0536	0.0536	0.0536
0.0536	0.0536	0.0536	0.0536
0.0536	0.0536	0.0536	0.0536
0.0536	0.0536	0.0536	0.0536
0.0533	0.0539	0.0539	0.0533
0.0536	0.0536	0.0536	0.0536
0.0534	0.0538	0.0538	0.0534
0.0536	0.0536	0.0536	0.0536
0.0536	0.0536	0.0536	0.0536
0.0536	0.0536	0.0536	0.0536
0.0536	0.0536	0.0536	0.0536
0.0538	0.0534	0.0534	0.0538
0.0536	0.0536	0.0536	0.0536
0.0528	0.0544	0.0544	0.0528
0.0536	0.0536	0.0536	0.0536
0.0536	0.0536	0.0536	0.0536
0.0536	0.0536	0.0536	0.0536
0.0536	0.0536	0.0536	0.0536
0.0536	0.0536	0.0536	0.0536
0.0536	0.0536	0.0536	0.0536
0.0536	0.0536	0.0536	0.0536
0.0536	0.0536	0.0536	0.0536
0.0536	0.0536	0.0536	0.0536
0.0536	0.0536	0.0536	0.0536
0.0536	0.0536	0.0536	0.0536
