0.9427	0.8848	0.8848	0.8347
0.7331	0.7083	0.7083	0.6833
0.6409	0.6228	0.6228	0.6047
0.5691	0.5554	0.5554	0.5418
0.5068	0.4971	0.4971	0.4864
0.4531	0.4451	0.4451	0.4376
0.4045	0.4004	0.4004	0.3931
0.3639	0.3593	0.3593	0.3554
0.3278	0.3241	0.3241	0.3204
0.2953	0.2925	0.2925	0.2900
0.2666	0.2642	0.2642	0.2628
0.2419	0.2408	0.2408	0.2387
0.2196	0.2186	0.2186	0.2173
0.1997	0.1993	0.1993	0.1986
0.1826	0.1822	0.1822	0.1811
0.1682	0.1676	0.1676	0.1673
0.1551	0.1544	0.1544	0.1538
0.1426	0.1421	0.1421	0.1422
0.1327	0.1319	0.1319	0.1327
0.1235	0.1233	0.1233	0.1232
0.1144	0.1139	0.1139	0.1140
0.1078	0.1072	0.1072	0.1072
0.1031	0.1032	0.1032	0.1030
0.0940	0.0942	0.0942	0.0938
0.0932	0.0931	0.0931	0.0931
0.0843	0.0843	0.0843	0.0842
0.0836	0.0836	0.0836	0.0836
0.0807	0.0809	0.0809	0.0806
0.0740	0.0740	0.0740	0.0740
0.0736	0.0735	0.0735	0.0736
0.0737	0.0734	0.0734	0.0737
0.0722	0.0715	0.0715	0.0721
0.0642	0.0642	0.0642	0.0642
0.0636	0.0636	0.0636	0.0636
0.0636	0.0636	0.0636	0.0636
0.0636	0.0636	0.0636	0.0636
0.0636	0.0636	0.0636	0.0636
0.0679	0.0593	0.0593	0.0679
0.0634	0.0631	0.0631	0.0634
0.0627	0.0624	0.0624	0.0627
0.0600	0.0601	0.0601	0.0600
0.0562	0.0553	0.0553	0.0562
0.0544	0.0545	0.0545	0.0544
0.0541	0.0540	0.0540	0.0541
0.0537	0.0536	0.0536	0.0537
0.0536	0.0536	0.0536	0.0536
0.0536	0.0536	0.0536	0.0536
0.0536	0.0536	0.0536	0.0536
0.0536	0.0536	0.0536	0.0536
0.0536	0.0536	0.0536	0.0536
0.0537	0.0535	0.0535	0.0537
0.0536	0.0536	0.0536	0.0536
0.0536	0.0536	0.0536	0.0536
0.0536	0.0536	0.0536	0.0536
0.0536	0.0536	0.0536	0.0536
0.0536	0.0536	0.0536	0.0536
0.0536	0.0536	0.0536	0.0536
0.0536	0.0536	0.0536	0.0536
0.0536	0.0536	0.0536	0.0536
0.0536	0.0536	0.0536	0.0536
0.0536	0.0536	0.0536	0.0536
0.0536	0.0536	0.0536	0.0536
0.0536	0.0536	0.0536	0.0536
0.0536	0.0536	0.0536	0.0536
0.0536	0.0536	0.0536	0.0536
0.0536	0.0536	0.0536	0.0536
0.0536	0.0536	0.0536	0.0536
0.0536	0.0536	0.0536	0.0536
0.0537	0.0535	0.0535	0.0537
0.0536	0.0536	0.0536	0.0536
0.0536	0.0536	0.0536	0.0536
0.0536	0.0536	0.0536	0.0536
0.0536	0.0536	0.0536	0.0536
0.0536	0.0536	0.0536	0.0536
0.0536	0.0536	0.0536	0.0536
0.0536	0.0536	0.0536	0.0536
0.0536	0.0536	0.0536	0.0536
0.0536	0.0536	0.0536	0.0536
0.0537	0.0535	0.0535	0.0537
0.0535	0.0537	0.0537	0.0535
0.0536	0.0536	0.0536	0.0536
0.0536	0.0536	0.0536	0.0536
0.0536	0.0536	0.0536	0.0536
0.0536	0.0536	0.0536	0.0536
0.0536	0.0536	0.0536	0.0536
0.0536	0.0536	0.0536	0.0536
0.0536	0.0536	0.0536	0.0536
0.0536	0.0536	0.0536	0.0536
0.0536	0.0536	0.0536	0.0536
0.0536	0.0536	0.0536	0.0536
0.0536	0.0536	0.0536	0.0536
0.0534	0.0538	0.0538	0.0534
0.0536	0.0536	0.0536	0.0536
0.0536	0.0536	0.0536	0.0536
0.0535	0.0537	0.0537	0.0535
0.0536	0.0536	0.0536	0.0536
0.0536	0.0536	0.0536	0.0536
0.0536	0.0536	0.0536	0.0536
0.0536	0.0536	0.0536	0.0536
0.0536	0.0536	0.0536	0.0536
