4.2384	4.3467	4.1554	4.2763
3.3456	3.3986	3.3103	3.3633
2.9179	2.9568	2.8919	2.9302
2.5788	2.6081	2.5594	2.5887
2.2853	2.3069	2.2702	2.2923
2.0258	2.0424	2.0147	2.0316
1.7966	1.8093	1.7889	1.8009
1.5942	1.6040	1.5883	1.5976
1.4152	1.4231	1.4114	1.4172
1.2576	1.2632	1.2540	1.2591
1.1171	1.1213	1.1147	1.1188
0.9941	0.9970	0.9919	0.9949
0.8846	0.8866	0.8832	0.8852
0.7880	0.7897	0.7869	0.7885
0.7029	0.7036	0.7017	0.7035
0.6274	0.6280	0.6265	0.6276
0.5608	0.5611	0.5601	0.5609
0.5016	0.5019	0.5011	0.5019
0.4499	0.4497	0.4489	0.4499
0.4035	0.4036	0.4033	0.4036
0.3630	0.3630	0.3625	0.3630
0.3271	0.3274	0.3271	0.3271
0.2948	0.2952	0.2949	0.2948
0.2667	0.2672	0.2669	0.2667
0.2424	0.2422	0.2422	0.2424
0.2205	0.2205	0.2204	0.2205
0.2010	0.2004	0.2003	0.2011
0.1839	0.1839	0.1837	0.1839
0.1690	0.1682	0.1682	0.1690
0.1557	0.1561	0.1559	0.1557
0.1433	0.1433	0.1433	0.1434
0.1331	0.1330	0.1330	0.1332
0.1239	0.1238	0.1238	0.1239
0.1147	0.1148	0.1148	0.1147
0.1083	0.1082	0.1082	0.1083
0.1034	0.1032	0.1032	0.1034
0.0945	0.0946	0.0946	0.0945
0.0935	0.0935	0.0935	0.0935
0.0850	0.0848	0.0847	0.0850
0.0836	0.0836	0.0836	0.0836
0.0817	0.0824	0.0824	0.0817
0.0739	0.0740	0.0740	0.0739
0.0736	0.0736	0.0736	0.0736
0.0736	0.0736	0.0736	0.0736
0.0720	0.0721	0.0721	0.0720
0.0643	0.0652	0.0652	0.0643
0.0636	0.0636	0.0636	0.0636
0.0636	0.0636	0.0636	0.0636
0.0636	0.0636	0.0636	0.0636
0.0636	0.0636	0.0636	0.0636
0.0636	0.0636	0.0636	0.0636
0.0634	0.0632	0.0632	0.0634
0.0629	0.0625	0.0625	0.0629
0.0600	0.0610	0.0610	0.0600
0.0561	0.0553	0.0553	0.0561
0.0546	0.0544	0.0544	0.0546
0.0540	0.0539	0.0539	0.0540
0.0536	0.0537	0.0537	0.0536
0.0536	0.0536	0.0536	0.0536
0.0536	0.0536	0.0536	0.0536
0.0536	0.0537	0.0537	0.0536
0.0536	0.0536	0.0536	0.0536
0.0536	0.0536	0.0536	0.0536
0.0536	0.0536	0.0536	0.0536
0.0536	0.0536	0.0536	0.0536
0.0536	0.0536	0.0536	0.0536
0.0537	0.0535	0.0535	0.0537
0.0536	0.0536	0.0536	0.0536
0.0532	0.0540	0.0540	0.0532
0.0536	0.0536	0.0536	0.0536
0.0535	0.0537	0.0537	0.0535
0.0536	0.0536	0.0536	0.0536
0.0536	0.0536	0.0536	0.0536
0.0536	0.0536	0.0536	0.0536
0.0536	0.0536	0.0536	0.0536
0.0536	0.0536	0.0536	0.0536
0.0536	0.0536	0.0536	0.0536
0.0536	0.0536	0.0536	0.0536
0.0536	0.0536	0.0536	0.0536
0.0536	0.0536	0.0536	0.0536
0.0536	0.0536	0.0536	0.0536
0.0536	0.0536	0.0536	0.0536
0.0536	0.0536	0.0536	0.0536
0.0536	0.0536	0.0536	0.0536
0.0535	0.0537	0.0537	0.0535
0.0536	0.0536	0.0536	0.0536
0.0536	0.0536	0.0536	0.0536
0.0536	0.0536	0.0536	0.0536
0.0536	0.0536	0.0536	0.0536
0.0536	0.0536	0.0536	0.0536
0.0536	0.0536	0.0536	0.0536
0.0536	0.0536	0.0536	0.0536
0.0536	0.0536	0.0536	0.0536
0.0536	0.0536	0.0536	0.0536
0.0536	0.0536	0.0536	0.0536
0.0537	0.0535	0.0535	0.0537
0.0536	0.0536	0.0536	0.0536
0.0536	0.0536	0.0536	0.0536
0.0536	0.0536	0.0536	0.0536
0.0536	0.0536	0.0536	0.0536
