1.0140	1.0820	0.9565	1.0140
0.8104	0.8393	0.7820	0.8104
0.7118	0.7327	0.6904	0.7118
0.6344	0.6498	0.6181	0.6344
0.5662	0.5779	0.5545	0.5662
0.5068	0.5156	0.4978	0.5068
0.4539	0.4606	0.4476	0.4539
0.4072	0.4126	0.4024	0.4072
0.3662	0.3699	0.3622	0.3662
0.3297	0.3325	0.3274	0.3297
0.2976	0.3000	0.2956	0.2976
0.2696	0.2711	0.2676	0.2696
0.2443	0.2451	0.2432	0.2443
0.2221	0.2231	0.2212	0.2221
0.2022	0.2034	0.2020	0.2022
0.1857	0.1861	0.1848	0.1857
0.1695	0.1696	0.1692	0.1695
0.1568	0.1574	0.1568	0.1568
0.1449	0.1447	0.1442	0.1449
0.1337	0.1342	0.1339	0.1337
0.1240	0.1242	0.1241	0.1240
0.1157	0.1155	0.1152	0.1157
0.1092	0.1093	0.1090	0.1092
0.1036	0.1036	0.1036	0.1036
0.0956	0.0957	0.0955	0.0956
0.0934	0.0935	0.0935	0.0934
0.0857	0.0858	0.0856	0.0857
0.0836	0.0836	0.0836	0.0836
0.0821	0.0831	0.0831	0.0821
0.0746	0.0734	0.0734	0.0746
0.0737	0.0735	0.0735	0.0737
0.0736	0.0736	0.0736	0.0736
0.0728	0.0727	0.0727	0.0728
0.0653	0.0652	0.0652	0.0653
0.0636	0.0636	0.0636	0.0636
0.0636	0.0636	0.0636	0.0636
0.0635	0.0637	0.0637	0.0635
0.0636	0.0636	0.0636	0.0636
0.0636	0.0635	0.0635	0.0636
0.0635	0.0636	0.0636	0.0635
0.0625	0.0622	0.0622	0.0625
0.0601	0.0612	0.0612	0.0601
0.0561	0.0560	0.0560	0.0561
0.0528	0.0551	0.0551	0.0528
0.0545	0.0540	0.0540	0.0545
0.0537	0.0539	0.0539	0.0537
0.0536	0.0536	0.0536	0.0536
0.0536	0.0536	0.0536	0.0536
0.0536	0.0536	0.0536	0.0536
0.0536	0.0536	0.0536	0.0536
0.0537	0.0536	0.0536	0.0537
0.0535	0.0537	0.0537	0.0535
0.0536	0.0536	0.0536	0.0536
0.0536	0.0536	0.0536	0.0536
0.0535	0.0537	0.0537	0.0535
0.0536	0.0536	0.0536	0.0536
0.0536	0.0536	0.0536	0.0536
0.0536	0.0536	0.0536	0.0536
0.0536	0.0536	0.0536	0.0536
0.0536	0.0536	0.0536	0.0536
0.0536	0.0536	0.0536	0.0536
0.0536	0.0536	0.0536	0.0536
0.0536	0.0536	0.0536	0.0536
0.0536	0.0537	0.0537	0.0536
0.0536	0.0536	0.0536	0.0536
0.0536	0.0536	0.0536	0.0536
0.0536	0.0536	0.0536	0.0536
0.0536	0.0536	0.0536	0.0536
0.0536	0.0536	0.0536	0.0536
0.0536	0.0536	0.0536	0.0536
0.0535	0.0537	0.0537	0.0535
0.0530	0.0542	0.0542	0.0530
0.0535	0.0537	0.0537	0.0535
0.0536	0.0536	0.0536	0.0536
0.0540	0.0532	0.0532	0.0540
0.0536	0.0536	0.0536	0.0536
0.0536	0.0536	0.0536	0.0536
0.0536	0.0536	0.0536	0.0536
0.0536	0.0536	0.0536	0.0536
0.0536	0.0536	0.0536	0.0536
0.0536	0.0536	0.0536	0.0536
0.0536	0.0536	0.0536	0.0536
0.0536	0.0536	0.0536	0.0536
0.0536	0.0536	0.0536	0.0536
0.0537	0.0535	0.0535	0.0537
0.0536	0.0536	0.0536	0.0536
0.0536	0.0536	0.0536	0.0536
0.0536	0.0536	0.0536	0.0536
0.0536	0.0536	0.0536	0.0536
0.0536	0.0536	0.0536	0.0536
0.0536	0.0536	0.0536	0.0536
0.0536	0.0536	0.0536	0.0536
0.0536	0.0536	0.0536	0.0536
0.0536	0.0536	0.0536	0.0536
0.0536	0.0536	0.0536	0.0536
0.0536	0.0536	0.0536	0.0536
0.0536	0.0536	0.0536	0.0536
0.0536	0.0536	0.0536	0.0536
0.0537	0.0535	0.0535	0.0537
0.0536	0.0536	0.0536	0.0536
