1.8962	1.7787	1.8693	1.7562
1.4778	1.4251	1.4664	1.4135
1.2882	1.2490	1.2795	1.2405
1.1386	1.1095	1.1320	1.1026
1.0095	0.9878	1.0046	0.9828
0.8964	0.8801	0.8929	0.8761
0.7973	0.7846	0.7944	0.7823
0.7097	0.7007	0.7073	0.6984
0.6323	0.6261	0.6313	0.6240
0.5645	0.5594	0.5635	0.5584
0.5050	0.5006	0.5042	0.5000
0.4519	0.4493	0.4514	0.4484
0.4055	0.4034	0.4047	0.4023
0.3645	0.3627	0.3637	0.3620
0.3281	0.3270	0.3277	0.3270
0.2959	0.2955	0.2962	0.2948
0.2675	0.2672	0.2679	0.2666
0.2428	0.2426	0.2429	0.2421
0.2211	0.2202	0.2207	0.2204
0.2015	0.2010	0.2012	0.2008
0.1842	0.1841	0.1845	0.1838
0.1685	0.1688	0.1688	0.1683
0.1560	0.1560	0.1561	0.1560
0.1437	0.1436	0.1438	0.1437
0.1333	0.1333	0.1333	0.1331
0.1238	0.1238	0.1238	0.1238
0.1149	0.1150	0.1150	0.1148
0.1081	0.1084	0.1085	0.1081
0.1035	0.1035	0.1035	0.1035
0.0949	0.0948	0.0948	0.0949
0.0933	0.0935	0.0935	0.0933
0.0854	0.0853	0.0853	0.0854
0.0836	0.0836	0.0836	0.0836
0.0820	0.0817	0.0817	0.0820
0.0740	0.0740	0.0740	0.0740
0.0736	0.0736	0.0736	0.0736
0.0738	0.0734	0.0734	0.0738
0.0718	0.0723	0.0723	0.0718
0.0647	0.0648	0.0648	0.0647
0.0636	0.0637	0.0637	0.0636
0.0636	0.0636	0.0636	0.0636
0.0636	0.0636	0.0636	0.0636
0.0637	0.0635	0.0635	0.0637
0.0636	0.0636	0.0636	0.0636
0.0635	0.0635	0.0635	0.0635
0.0627	0.0625	0.0625	0.0627
0.0610	0.0598	0.0598	0.0610
0.0558	0.0556	0.0556	0.0558
0.0544	0.0546	0.0546	0.0544
0.0542	0.0539	0.0539	0.0542
0.0536	0.0536	0.0536	0.0536
0.0535	0.0538	0.0538	0.0535
0.0536	0.0536	0.0536	0.0536
0.0537	0.0535	0.0535	0.0537
0.0537	0.0535	0.0535	0.0537
0.0536	0.0536	0.0536	0.0536
0.0536	0.0538	0.0538	0.0536
0.0535	0.0537	0.0537	0.0535
0.0536	0.0536	0.0536	0.0536
0.0536	0.0536	0.0536	0.0536
0.0536	0.0536	0.0536	0.0536
0.0536	0.0536	0.0536	0.0536
0.0536	0.0536	0.0536	0.0536
0.0536	0.0536	0.0536	0.0536
0.0536	0.0536	0.0536	0.0536
0.0536	0.0536	0.0536	0.0536
0.0536	0.0536	0.0536	0.0536
0.0536	0.0536	0.0536	0.0536
0.0536	0.0536	0.0536	0.0536
0.0536	0.0536	0.0536	0.0536
0.0536	0.0536	0.0536	0.0536
0.0536	0.0536	0.0536	0.0536
0.0536	0.0536	0.0536	0.0536
0.0536	0.0536	0.0536	0.0536
0.0536	0.0536	0.0536	0.0536
0.0536	0.0536	0.0536	0.0536
0.0536	0.0536	0.0536	0.0536
0.0536	0.0536	0.0536	0.0536
0.0536	0.0536	0.0536	0.0536
0.0536	0.0536	0.0536	0.0536
0.0536	0.0536	0.0536	0.0536
0.0536	0.0536	0.0536	0.0536
0.0536	0.0536	0.0536	0.0536
0.0536	0.0536	0.0536	0.0536
0.0536	0.0536	0.0536	0.0536
0.0536	0.0536	0.0536	0.0536
0.0537	0.0535	0.0535	0.0537
0.0536	0.0536	0.0536	0.0536
0.0536	0.0536	0.0536	0.0536
0.0536	0.0536	0.0536	0.0536
0.0536	0.0536	0.0536	0.0536
0.0535	0.0537	0.0537	0.0535
0.0536	0.0536	0.0536	0.0536
0.0536	0.0536	0.0536	0.0536
0.0536	0.0536	0.0536	0.0536
0.0536	0.0536	0.0536	0.0536
0.0535	0.0537	0.0537	0.0535
0.0536	0.0536	0.0536	0.0536
0.0536	0.0536	0.0536	0.0536
0.0536	0.0536	0.0536	0.0536
