3.1034	3.1367	3.3068	3.3450
2.4888	2.5055	2.5832	2.5997
2.1785	2.1910	2.2481	2.2603
1.9320	1.9413	1.9845	1.9933
1.7167	1.7238	1.7564	1.7630
1.5263	1.5320	1.5558	1.5612
1.3577	1.3615	1.3795	1.3836
1.2077	1.2108	1.2239	1.2274
1.0746	1.0766	1.0873	1.0896
0.9567	0.9587	0.9663	0.9680
0.8523	0.8541	0.8596	0.8608
0.7602	0.7613	0.7656	0.7664
0.6789	0.6792	0.6821	0.6833
0.6061	0.6067	0.6093	0.6101
0.5425	0.5427	0.5442	0.5448
0.4853	0.4858	0.4869	0.4875
0.4354	0.4354	0.4364	0.4368
0.3911	0.3916	0.3921	0.3920
0.3517	0.3518	0.3526	0.3527
0.3174	0.3177	0.3182	0.3178
0.2866	0.2864	0.2868	0.2873
0.2599	0.2597	0.2599	0.2605
0.2353	0.2357	0.2357	0.2354
0.2144	0.2147	0.2147	0.2145
0.1961	0.1961	0.1961	0.1961
0.1789	0.1788	0.1788	0.1790
0.1653	0.1652	0.1652	0.1655
0.1514	0.1511	0.1511	0.1514
0.1402	0.1401	0.1401	0.1403
0.1304	0.1306	0.1306	0.1304
0.1216	0.1223	0.1223	0.1217
0.1136	0.1136	0.1136	0.1136
0.1056	0.1057	0.1057	0.1056
0.1013	0.1023	0.1023	0.1013
0.0936	0.0938	0.0938	0.0936
0.0919	0.0920	0.0920	0.0919
0.0837	0.0838	0.0838	0.0837
0.0836	0.0836	0.0836	0.0836
0.0793	0.0790	0.0790	0.0794
0.0737	0.0736	0.0736	0.0737
0.0735	0.0737	0.0737	0.0735
0.0736	0.0735	0.0735	0.0736
0.0698	0.0695	0.0695	0.0698
0.0644	0.0641	0.0641	0.0644
0.0636	0.0636	0.0636	0.0636
0.0636	0.0636	0.0636	0.0636
0.0637	0.0635	0.0635	0.0637
0.0636	0.0636	0.0636	0.0636
0.0636	0.0636	0.0636	0.0636
0.0632	0.0631	0.0631	0.0632
0.0630	0.0620	0.0620	0.0630
0.0590	0.0590	0.0590	0.0590
0.0552	0.0551	0.0551	0.0552
0.0543	0.0548	0.0548	0.0543
0.0537	0.0541	0.0541	0.0537
0.0537	0.0536	0.0536	0.0537
0.0537	0.0536	0.0536	0.0537
0.0536	0.0536	0.0536	0.0536
0.0536	0.0536	0.0536	0.0536
0.0536	0.0536	0.0536	0.0536
0.0536	0.0536	0.0536	0.0536
0.0536	0.0536	0.0536	0.0536
0.0536	0.0536	0.0536	0.0536
0.0536	0.0536	0.0536	0.0536
0.0536	0.0536	0.0536	0.0536
0.0536	0.0536	0.0536	0.0536
0.0535	0.0537	0.0537	0.0535
0.0536	0.0536	0.0536	0.0536
0.0536	0.0536	0.0536	0.0536
0.0536	0.0536	0.0536	0.0536
0.0535	0.0537	0.0537	0.0535
0.0536	0.0536	0.0536	0.0536
0.0536	0.0536	0.0536	0.0536
0.0536	0.0536	0.0536	0.0536
0.0536	0.0536	0.0536	0.0536
0.0536	0.0536	0.0536	0.0536
0.0536	0.0536	0.0536	0.0536
0.0536	0.0536	0.0536	0.0536
0.0536	0.0536	0.0536	0.0536
0.0536	0.0536	0.0536	0.0536
0.0536	0.0536	0.0536	0.0536
0.0536	0.0536	0.0536	0.0536
0.0536	0.0536	0.0536	0.0536
0.0536	0.0536	0.0536	0.0536
0.0536	0.0536	0.0536	0.0536
0.0536	0.0536	0.0536	0.0536
0.0537	0.0535	0.0535	0.0537
0.0536	0.0536	0.0536	0.0536
0.0536	0.0536	0.0536	0.0536
0.0537	0.0535	0.0535	0.0537
0.0536	0.0536	0.0536	0.0536
0.0536	0.0536	0.0536	0.0536
0.0536	0.0536	0.0536	0.0536
0.0536	0.0536	0.0536	0.0536
0.0536	0.0536	0.0536	0.0536
0.0535	0.0537	0.0537	0.0535
0.0536	0.0536	0.0536	0.0536
0.0536	0.0536	0.0536	0.0536
0.0536	0.0536	0.0536	0.0536
0.0536	0.0536	0.0536	0.0536
