3.8132	3.9287	3.8157	3.9063
3.0276	3.0751	3.0229	3.0709
2.6429	2.6780	2.6402	2.6747
2.3380	2.3642	2.3357	2.3619
2.0733	2.0928	2.0710	2.0911
1.8397	1.8544	1.8380	1.8529
1.6329	1.6434	1.6317	1.6430
1.4492	1.4577	1.4491	1.4573
1.2878	1.2945	1.2874	1.2936
1.1447	1.1493	1.1443	1.1489
1.0184	1.0219	1.0180	1.0214
0.9060	0.9088	0.9060	0.9087
0.8070	0.8092	0.8069	0.8089
0.7198	0.7213	0.7193	0.7210
0.6423	0.6438	0.6423	0.6433
0.5739	0.5747	0.5735	0.5744
0.5136	0.5138	0.5133	0.5142
0.4601	0.4606	0.4600	0.4606
0.4128	0.4130	0.4126	0.4133
0.3713	0.3715	0.3710	0.3715
0.3343	0.3347	0.3342	0.3346
0.3014	0.3016	0.3015	0.3016
0.2729	0.2726	0.2725	0.2732
0.2470	0.2470	0.2470	0.2470
0.2245	0.2250	0.2250	0.2246
0.2050	0.2051	0.2050	0.2051
0.1876	0.1879	0.1879	0.1876
0.1714	0.1708	0.1708	0.1715
0.1579	0.1583	0.1583	0.1580
0.1461	0.1462	0.1462	0.1461
0.1355	0.1349	0.1349	0.1355
0.1253	0.1253	0.1253	0.1253
0.1169	0.1170	0.1170	0.1169
0.1103	0.1100	0.1100	0.1104
0.1036	0.1037	0.1037	0.1036
0.0961	0.0968	0.0968	0.0961
0.0936	0.0936	0.0936	0.0936
0.0869	0.0867	0.0867	0.0869
0.0836	0.0836	0.0836	0.0836
0.0831	0.0832	0.0832	0.0831
0.0748	0.0749	0.0749	0.0748
0.0736	0.0736	0.0736	0.0736
0.0736	0.0736	0.0736	0.0736
0.0733	0.0728	0.0728	0.0733
0.0660	0.0656	0.0656	0.0660
0.0637	0.0636	0.0636	0.0637
0.0636	0.0637	0.0637	0.0636
0.0635	0.0637	0.0637	0.0635
0.0636	0.0636	0.0636	0.0636
0.0636	0.0636	0.0636	0.0636
0.0637	0.0634	0.0634	0.0637
0.0632	0.0630	0.0630	0.0632
0.0615	0.0615	0.0615	0.0615
0.0560	0.0568	0.0568	0.0560
0.0549	0.0545	0.0545	0.0549
0.0538	0.0542	0.0542	0.0538
0.0540	0.0536	0.0536	0.0540
0.0536	0.0536	0.0536	0.0536
0.0539	0.0534	0.0534	0.0539
0.0536	0.0536	0.0536	0.0536
0.0536	0.0536	0.0536	0.0536
0.0536	0.0536	0.0536	0.0536
0.0536	0.0536	0.0536	0.0536
0.0536	0.0536	0.0536	0.0536
0.0536	0.0536	0.0536	0.0536
0.0536	0.0536	0.0536	0.0536
0.0536	0.0536	0.0536	0.0536
0.0537	0.0535	0.0535	0.0537
0.0536	0.0536	0.0536	0.0536
0.0538	0.0534	0.0534	0.0538
0.0536	0.0536	0.0536	0.0536
0.0536	0.0536	0.0536	0.0536
0.0536	0.0536	0.0536	0.0536
0.0536	0.0536	0.0536	0.0536
0.0536	0.0536	0.0536	0.0536
0.0536	0.0536	0.0536	0.0536
0.0536	0.0536	0.0536	0.0536
0.0536	0.0536	0.0536	0.0536
0.0536	0.0536	0.0536	0.0536
0.0537	0.0535	0.0535	0.0537
0.0536	0.0536	0.0536	0.0536
0.0536	0.0536	0.0536	0.0536
0.0536	0.0536	0.0536	0.0536
0.0536	0.0536	0.0536	0.0536
0.0538	0.0534	0.0534	0.0538
0.0536	0.0536	0.0536	0.0536
0.0536	0.0536	0.0536	0.0536
0.0536	0.0536	0.0536	0.0536
0.0536	0.0536	0.0536	0.0536
0.0536	0.0536	0.0536	0.0536
0.0536	0.0536	0.0536	0.0536
0.0535	0.0537	0.0537	0.0535
0.0536	0.0536	0.0536	0.0536
0.0536	0.0536	0.0536	0.0536
0.0536	0.0536	0.0536	0.0536
0.0536	0.0536	0.0536	0.0536
0.0536	0.0536	0.0536	0.0536
0.0536	0.0536	0.0536	0.0536
0.0542	0.0530	0.0530	0.0542
0.0536	0.0536	0.0536	0.0536
