2.0311	2.0247	2.0247	2.0393
1.6046	1.6066	1.6066	1.6089
1.4031	1.4043	1.4043	1.4056
1.2422	1.2444	1.2444	1.2450
1.1047	1.1051	1.1051	1.1059
0.9823	0.9831	0.9831	0.9833
0.8743	0.8748	0.8748	0.8753
0.7788	0.7795	0.7795	0.7793
0.6946	0.6950	0.6950	0.6950
0.6200	0.6202	0.6202	0.6205
0.5542	0.5547	0.5547	0.5545
0.4962	0.4969	0.4969	0.4965
0.4449	0.4446	0.4446	0.4450
0.3994	0.3992	0.3992	0.3995
0.3592	0.3589	0.3589	0.3593
0.3235	0.3236	0.3236	0.3236
0.2919	0.2923	0.2923	0.2921
0.2643	0.2645	0.2645	0.2643
0.2405	0.2401	0.2401	0.2406
0.2185	0.2179	0.2179	0.2185
0.1989	0.1988	0.1988	0.1989
0.1824	0.1818	0.1818	0.1824
0.1677	0.1674	0.1674	0.1677
0.1546	0.1543	0.1543	0.1546
0.1425	0.1417	0.1417	0.1425
0.1324	0.1321	0.1321	0.1324
0.1234	0.1233	0.1233	0.1234
0.1142	0.1136	0.1136	0.1142
0.1072	0.1074	0.1074	0.1072
0.1032	0.1031	0.1031	0.1032
0.0939	0.0938	0.0938	0.0939
0.0930	0.0930	0.0930	0.0930
0.0839	0.0844	0.0844	0.0839
0.0836	0.0836	0.0836	0.0836
0.0806	0.0814	0.0814	0.0806
0.0738	0.0738	0.0738	0.0738
0.0736	0.0736	0.0736	0.0736
0.0734	0.0735	0.0735	0.0734
0.0718	0.0712	0.0712	0.0718
0.0646	0.0642	0.0642	0.0646
0.0636	0.0636	0.0636	0.0636
0.0636	0.0636	0.0636	0.0636
0.0636	0.0636	0.0636	0.0636
0.0636	0.0636	0.0636	0.0636
0.0636	0.0636	0.0636	0.0636
0.0635	0.0632	0.0632	0.0635
0.0630	0.0619	0.0619	0.0630
0.0600	0.0603	0.0603	0.0600
0.0553	0.0559	0.0559	0.0553
0.0548	0.0549	0.0549	0.0548
0.0542	0.0537	0.0537	0.0542
0.0536	0.0536	0.0536	0.0536
0.0536	0.0536	0.0536	0.0536
0.0536	0.0536	0.0536	0.0536
0.0536	0.0536	0.0536	0.0536
0.0536	0.0536	0.0536	0.0536
0.0536	0.0536	0.0536	0.0536
0.0536	0.0536	0.0536	0.0536
0.0536	0.0536	0.0536	0.0536
0.0536	0.0536	0.0536	0.0536
0.0536	0.0537	0.0537	0.0536
0.0536	0.0536	0.0536	0.0536
0.0536	0.0536	0.0536	0.0536
0.0536	0.0536	0.0536	0.0536
0.0534	0.0539	0.0539	0.0534
0.0536	0.0536	0.0536	0.0536
0.0537	0.0535	0.0535	0.0537
0.0536	0.0536	0.0536	0.0536
0.0536	0.0536	0.0536	0.0536
0.0534	0.0538	0.0538	0.0534
0.0536	0.0536	0.0536	0.0536
0.0536	0.0536	0.0536	0.0536
0.0536	0.0536	0.0536	0.0536
0.0535	0.0537	0.0537	0.0535
0.0536	0.0536	0.0536	0.0536
0.0536	0.0536	0.0536	0.0536
0.0536	0.0536	0.0536	0.0536
0.0536	0.0536	0.0536	0.0536
0.0536	0.0536	0.0536	0.0536
0.0536	0.0536	0.0536	0.0536
0.0536	0.0536	0.0536	0.0536
0.0536	0.0536	0.0536	0.0536
0.0537	0.0536	0.0536	0.0537
0.0536	0.0536	0.0536	0.0536
0.0537	0.0535	0.0535	0.0537
0.0536	0.0536	0.0536	0.0536
0.0536	0.0536	0.0536	0.0536
0.0536	0.0536	0.0536	0.0536
0.0536	0.0536	0.0536	0.0536
0.0536	0.0536	0.0536	0.0536
0.0536	0.0536	0.0536	0.0536
0.0536	0.0536	0.0536	0.0536
0.0536	0.0536	0.0536	0.0536
0.0536	0.0536	0.0536	0.0536
0.0536	0.0536	0.0536	0.0536
0.0535	0.0537	0.0537	0.0535
0.0535	0.0537	0.0537	0.0535
0.0536	0.0536	0.0536	0.0536
0.0536	0.0536	0.0536	0.0536
0.0536	0.0536	0.0536	0.0536
