6.5449	6.5186	6.5160	6.5092
5.1446	5.1369	5.1359	5.1282
4.4804	4.4746	4.4737	4.4682
3.9544	3.9506	3.9498	3.9455
3.4988	3.4959	3.4957	3.4921
3.0976	3.0952	3.0952	3.0926
2.7435	2.7412	2.7409	2.7398
2.4303	2.4287	2.4285	2.4274
2.1541	2.1530	2.1526	2.1515
1.9092	1.9087	1.9084	1.9080
1.6937	1.6929	1.6929	1.6923
1.5027	1.5023	1.5022	1.5015
1.3342	1.3339	1.3339	1.3337
1.1849	1.1853	1.1852	1.1843
1.0534	1.0534	1.0534	1.0530
0.9372	0.9372	0.9372	0.9369
0.8344	0.8348	0.8348	0.8340
0.7435	0.7434	0.7434	0.7435
0.6636	0.6632	0.6632	0.6634
0.5925	0.5926	0.5926	0.5925
0.5294	0.5298	0.5298	0.5294
0.4747	0.4746	0.4746	0.4747
0.4251	0.4254	0.4254	0.4251
0.3823	0.3824	0.3824	0.3822
0.3440	0.3441	0.3441	0.3440
0.3102	0.3105	0.3105	0.3100
0.2807	0.2805	0.2805	0.2807
0.2540	0.2541	0.2541	0.2540
0.2311	0.2311	0.2311	0.2311
0.2099	0.2101	0.2101	0.2099
0.1916	0.1919	0.1919	0.1916
0.1767	0.1763	0.1763	0.1767
0.1608	0.1611	0.1611	0.1608
0.1491	0.1491	0.1491	0.1491
0.1378	0.1382	0.1382	0.1378
0.1280	0.1280	0.1280	0.1280
0.1195	0.1194	0.1194	0.1195
0.1132	0.1130	0.1130	0.1132
0.1039	0.1039	0.1039	0.1039
0.0995	0.0994	0.0994	0.0995
0.0936	0.0936	0.0936	0.0936
0.0898	0.0894	0.0894	0.0898
0.0836	0.0836	0.0836	0.0836
0.0836	0.0835	0.0835	0.0836
0.0772	0.0770	0.0770	0.0772
0.0737	0.0735	0.0735	0.0737
0.0736	0.0736	0.0736	0.0736
0.0733	0.0731	0.0731	0.0733
0.0685	0.0673	0.0673	0.0685
0.0640	0.0636	0.0636	0.0640
0.0636	0.0637	0.0637	0.0636
0.0636	0.0636	0.0636	0.0636
0.0636	0.0636	0.0636	0.0636
0.0636	0.0636	0.0636	0.0636
0.0636	0.0635	0.0635	0.0636
0.0630	0.0631	0.0631	0.0630
0.0617	0.0614	0.0614	0.0617
0.0577	0.0580	0.0580	0.0577
0.0545	0.0547	0.0547	0.0545
0.0547	0.0540	0.0540	0.0547
0.0538	0.0541	0.0541	0.0538
0.0537	0.0537	0.0537	0.0537
0.0536	0.0536	0.0536	0.0536
0.0536	0.0536	0.0536	0.0536
0.0536	0.0536	0.0536	0.0536
0.0536	0.0536	0.0536	0.0536
0.0536	0.0536	0.0536	0.0536
0.0536	0.0536	0.0536	0.0536
0.0536	0.0536	0.0536	0.0536
0.0536	0.0536	0.0536	0.0536
0.0536	0.0536	0.0536	0.0536
0.0536	0.0537	0.0537	0.0536
0.0536	0.0536	0.0536	0.0536
0.0536	0.0536	0.0536	0.0536
0.0535	0.0537	0.0537	0.0535
0.0536	0.0536	0.0536	0.0536
0.0535	0.0537	0.0537	0.0535
0.0536	0.0536	0.0536	0.0536
0.0536	0.0536	0.0536	0.0536
0.0536	0.0536	0.0536	0.0536
0.0536	0.0536	0.0536	0.0536
0.0536	0.0536	0.0536	0.0536
0.0536	0.0536	0.0536	0.0536
0.0536	0.0536	0.0536	0.0536
0.0536	0.0536	0.0536	0.0536
0.0536	0.0536	0.0536	0.0536
0.0536	0.0536	0.0536	0.0536
0.0536	0.0536	0.0536	0.0536
0.0536	0.0536	0.0536	0.0536
0.0536	0.0536	0.0536	0.0536
0.0536	0.0536	0.0536	0.0536
0.0536	0.0536	0.0536	0.0536
0.0536	0.0536	0.0536	0.0536
0.0536	0.0536	0.0536	0.0536
0.0536	0.0536	0.0536	0.0536
0.0536	0.0536	0.0536	0.0536
0.0536	0.0536	0.0536	0.0536
0.0536	0.0536	0.0536	0.0536
0.0536	0.0536	0.0536	0.0536
0.0536	0.0536	0.0536	0.0536
