3.2954	3.3241	3.5112	3.5457
2.6412	2.6556	2.7413	2.7557
2.3118	2.3222	2.3851	2.3958
2.0493	2.0572	2.1044	2.1127
1.8203	1.8265	1.8621	1.8683
1.6182	1.6227	1.6497	1.6539
1.4383	1.4422	1.4620	1.4656
1.2791	1.2819	1.2970	1.2998
1.1381	1.1402	1.1515	1.1531
1.0135	1.0142	1.0231	1.0246
0.9021	0.9033	0.9096	0.9108
0.8041	0.8050	0.8098	0.8104
0.7173	0.7176	0.7213	0.7223
0.6403	0.6409	0.6440	0.6441
0.5726	0.5728	0.5745	0.5752
0.5124	0.5122	0.5139	0.5146
0.4590	0.4596	0.4606	0.4604
0.4118	0.4122	0.4129	0.4132
0.3706	0.3704	0.3712	0.3716
0.3337	0.3339	0.3344	0.3344
0.3013	0.3009	0.3012	0.3016
0.2725	0.2725	0.2726	0.2728
0.2465	0.2466	0.2469	0.2470
0.2246	0.2243	0.2245	0.2248
0.2050	0.2048	0.2048	0.2050
0.1874	0.1876	0.1878	0.1875
0.1709	0.1709	0.1711	0.1712
0.1577	0.1581	0.1581	0.1578
0.1462	0.1464	0.1464	0.1464
0.1350	0.1348	0.1348	0.1351
0.1251	0.1255	0.1255	0.1252
0.1168	0.1165	0.1165	0.1168
0.1104	0.1102	0.1102	0.1104
0.1036	0.1036	0.1036	0.1036
0.0965	0.0966	0.0966	0.0965
0.0935	0.0937	0.0937	0.0935
0.0870	0.0868	0.0869	0.0870
0.0836	0.0836	0.0836	0.0836
0.0833	0.0829	0.0829	0.0833
0.0741	0.0749	0.0749	0.0741
0.0734	0.0738	0.0738	0.0734
0.0736	0.0736	0.0736	0.0736
0.0732	0.0731	0.0731	0.0732
0.0663	0.0661	0.0661	0.0663
0.0637	0.0636	0.0636	0.0637
0.0636	0.0636	0.0636	0.0636
0.0635	0.0636	0.0636	0.0635
0.0636	0.0636	0.0636	0.0636
0.0636	0.0636	0.0636	0.0636
0.0636	0.0633	0.0633	0.0636
0.0630	0.0633	0.0633	0.0630
0.0606	0.0616	0.0616	0.0606
0.0563	0.0560	0.0560	0.0563
0.0548	0.0548	0.0548	0.0548
0.0537	0.0543	0.0543	0.0537
0.0537	0.0538	0.0538	0.0537
0.0536	0.0536	0.0536	0.0536
0.0537	0.0536	0.0536	0.0537
0.0536	0.0536	0.0536	0.0536
0.0536	0.0536	0.0536	0.0536
0.0536	0.0536	0.0536	0.0536
0.0536	0.0536	0.0536	0.0536
0.0536	0.0536	0.0536	0.0536
0.0536	0.0536	0.0536	0.0536
0.0536	0.0536	0.0536	0.0536
0.0536	0.0536	0.0536	0.0536
0.0536	0.0536	0.0536	0.0536
0.0536	0.0536	0.0536	0.0536
0.0536	0.0536	0.0536	0.0536
0.0536	0.0536	0.0536	0.0536
0.0536	0.0536	0.0536	0.0536
0.0536	0.0536	0.0536	0.0536
0.0536	0.0536	0.0536	0.0536
0.0536	0.0536	0.0536	0.0536
0.0536	0.0536	0.0536	0.0536
0.0499	0.0573	0.0573	0.0499
0.0536	0.0536	0.0536	0.0536
0.0536	0.0536	0.0536	0.0536
0.0536	0.0536	0.0536	0.0536
0.0536	0.0536	0.0536	0.0536
0.0536	0.0536	0.0536	0.0536
0.0536	0.0536	0.0536	0.0536
0.0536	0.0536	0.0536	0.0536
0.0536	0.0536	0.0536	0.0536
0.0536	0.0536	0.0536	0.0536
0.0536	0.0536	0.0536	0.0536
0.0537	0.0535	0.0535	0.0537
0.0536	0.0536	0.0536	0.0536
0.0536	0.0536	0.0536	0.0536
0.0536	0.0536	0.0536	0.0536
0.0536	0.0536	0.0536	0.0536
0.0536	0.0536	0.0536	0.0536
0.0536	0.0536	0.0536	0.0536
0.0536	0.0536	0.0536	0.0536
0.0536	0.0536	0.0536	0.0536
0.0536	0.0536	0.0536	0.0536
0.0536	0.0536	0.0536	0.0536
0.0536	0.0536	0.0536	0.0536
0.0536	0.0536	0.0536	0.0536
0.0536	0.0536	0.0536	0.0536
