3.7680	3.7965	3.8475	3.8496
2.9912	2.9979	3.0212	3.0280
2.6107	2.6158	2.6329	2.6381
2.3093	2.3130	2.3257	2.3294
2.0474	2.0503	2.0601	2.0630
1.8163	1.8189	1.8259	1.8283
1.6125	1.6142	1.6196	1.6209
1.4317	1.4328	1.4367	1.4381
1.2718	1.2729	1.2758	1.2769
1.1304	1.1310	1.1335	1.1340
1.0053	1.0062	1.0074	1.0086
0.8951	0.8949	0.8968	0.8972
0.7975	0.7972	0.7985	0.7987
0.7104	0.7114	0.7120	0.7117
0.6345	0.6347	0.6354	0.6358
0.5670	0.5673	0.5678	0.5675
0.5073	0.5077	0.5081	0.5076
0.4545	0.4547	0.4548	0.4550
0.4081	0.4084	0.4087	0.4083
0.3669	0.3671	0.3671	0.3673
0.3301	0.3305	0.3305	0.3301
0.2980	0.2982	0.2983	0.2982
0.2703	0.2694	0.2695	0.2703
0.2446	0.2444	0.2444	0.2446
0.2224	0.2225	0.2226	0.2224
0.2027	0.2027	0.2027	0.2027
0.1860	0.1860	0.1860	0.1861
0.1695	0.1698	0.1698	0.1696
0.1561	0.1579	0.1579	0.1561
0.1448	0.1452	0.1453	0.1448
0.1341	0.1341	0.1341	0.1341
0.1244	0.1242	0.1242	0.1244
0.1153	0.1155	0.1155	0.1154
0.1093	0.1096	0.1096	0.1093
0.1036	0.1035	0.1035	0.1036
0.0954	0.0953	0.0953	0.0954
0.0936	0.0933	0.0933	0.0936
0.0864	0.0855	0.0855	0.0864
0.0836	0.0836	0.0836	0.0836
0.0827	0.0821	0.0821	0.0827
0.0740	0.0740	0.0740	0.0740
0.0736	0.0736	0.0736	0.0736
0.0736	0.0736	0.0736	0.0736
0.0724	0.0727	0.0727	0.0724
0.0652	0.0657	0.0657	0.0652
0.0638	0.0634	0.0634	0.0638
0.0636	0.0636	0.0636	0.0636
0.0637	0.0635	0.0635	0.0637
0.0637	0.0635	0.0635	0.0637
0.0636	0.0636	0.0636	0.0636
0.0635	0.0635	0.0635	0.0635
0.0629	0.0623	0.0623	0.0629
0.0603	0.0614	0.0614	0.0603
0.0561	0.0566	0.0566	0.0561
0.0542	0.0548	0.0548	0.0542
0.0541	0.0540	0.0540	0.0541
0.0539	0.0538	0.0538	0.0539
0.0535	0.0538	0.0538	0.0535
0.0537	0.0536	0.0536	0.0537
0.0536	0.0536	0.0536	0.0536
0.0536	0.0536	0.0536	0.0536
0.0537	0.0536	0.0536	0.0537
0.0536	0.0536	0.0536	0.0536
0.0536	0.0536	0.0536	0.0536
0.0539	0.0533	0.0533	0.0539
0.0536	0.0536	0.0536	0.0536
0.0536	0.0536	0.0536	0.0536
0.0536	0.0536	0.0536	0.0536
0.0536	0.0536	0.0536	0.0536
0.0536	0.0536	0.0536	0.0536
0.0536	0.0536	0.0536	0.0536
0.0537	0.0535	0.0535	0.0537
0.0536	0.0536	0.0536	0.0536
0.0536	0.0536	0.0536	0.0536
0.0535	0.0537	0.0537	0.0535
0.0536	0.0536	0.0536	0.0536
0.0536	0.0536	0.0536	0.0536
0.0536	0.0536	0.0536	0.0536
0.0536	0.0536	0.0536	0.0536
0.0537	0.0535	0.0535	0.0537
0.0536	0.0536	0.0536	0.0536
0.0536	0.0536	0.0536	0.0536
0.0536	0.0536	0.0536	0.0536
0.0538	0.0535	0.0535	0.0538
0.0536	0.0536	0.0536	0.0536
0.0536	0.0536	0.0536	0.0536
0.0537	0.0535	0.0535	0.0537
0.0536	0.0536	0.0536	0.0536
0.0536	0.0536	0.0536	0.0536
0.0536	0.0536	0.0536	0.0536
0.0536	0.0536	0.0536	0.0536
0.0536	0.0536	0.0536	0.0536
0.0536	0.0536	0.0536	0.0536
0.0536	0.0536	0.0536	0.0536
0.0536	0.0536	0.0536	0.0536
0.0536	0.0536	0.0536	0.0536
0.0536	0.0536	0.0536	0.0536
0.0536	0.0536	0.0536	0.0536
0.0571	0.0501	0.0501	0.0571
0.0536	0.0536	0.0536	0.0536
