1.7599	1.8797	1.6574	1.7599
1.3979	1.4493	1.3467	1.3979
1.2230	1.2600	1.1853	1.2230
1.0836	1.1123	1.0561	1.0836
0.9639	0.9852	0.9429	0.9639
0.8579	0.8737	0.8420	0.8579
0.7646	0.7764	0.7526	0.7646
0.6819	0.6904	0.6727	0.6819
0.6088	0.6151	0.6019	0.6088
0.5441	0.5493	0.5388	0.5441
0.4873	0.4908	0.4834	0.4873
0.4367	0.4397	0.4336	0.4367
0.3921	0.3940	0.3899	0.3921
0.3529	0.3546	0.3507	0.3529
0.3179	0.3191	0.3171	0.3179
0.2869	0.2883	0.2862	0.2869
0.2606	0.2608	0.2595	0.2606
0.2358	0.2361	0.2353	0.2358
0.2148	0.2153	0.2148	0.2148
0.1965	0.1968	0.1963	0.1965
0.1791	0.1794	0.1791	0.1791
0.1657	0.1657	0.1654	0.1657
0.1515	0.1514	0.1512	0.1515
0.1402	0.1404	0.1402	0.1402
0.1302	0.1306	0.1305	0.1302
0.1221	0.1219	0.1218	0.1221
0.1136	0.1138	0.1137	0.1136
0.1050	0.1058	0.1058	0.1050
0.1021	0.1017	0.1015	0.1021
0.0937	0.0937	0.0937	0.0937
0.0921	0.0918	0.0918	0.0921
0.0838	0.0837	0.0837	0.0838
0.0836	0.0836	0.0836	0.0836
0.0790	0.0800	0.0800	0.0790
0.0737	0.0737	0.0737	0.0737
0.0737	0.0735	0.0735	0.0737
0.0736	0.0735	0.0735	0.0736
0.0708	0.0701	0.0701	0.0708
0.0640	0.0642	0.0642	0.0640
0.0636	0.0636	0.0636	0.0636
0.0636	0.0636	0.0636	0.0636
0.0636	0.0636	0.0636	0.0636
0.0635	0.0636	0.0636	0.0635
0.0636	0.0636	0.0636	0.0636
0.0631	0.0635	0.0635	0.0631
0.0626	0.0627	0.0627	0.0626
0.0580	0.0599	0.0599	0.0580
0.0552	0.0549	0.0549	0.0552
0.0541	0.0541	0.0541	0.0541
0.0536	0.0537	0.0537	0.0536
0.0536	0.0536	0.0536	0.0536
0.0536	0.0536	0.0536	0.0536
0.0536	0.0536	0.0536	0.0536
0.0536	0.0536	0.0536	0.0536
0.0536	0.0536	0.0536	0.0536
0.0536	0.0536	0.0536	0.0536
0.0536	0.0536	0.0536	0.0536
0.0536	0.0536	0.0536	0.0536
0.0536	0.0536	0.0536	0.0536
0.0536	0.0536	0.0536	0.0536
0.0535	0.0537	0.0537	0.0535
0.0536	0.0536	0.0536	0.0536
0.0536	0.0536	0.0536	0.0536
0.0536	0.0536	0.0536	0.0536
0.0536	0.0536	0.0536	0.0536
0.0536	0.0536	0.0536	0.0536
0.0537	0.0535	0.0535	0.0537
0.0536	0.0536	0.0536	0.0536
0.0536	0.0536	0.0536	0.0536
0.0537	0.0536	0.0536	0.0537
0.0536	0.0536	0.0536	0.0536
0.0535	0.0537	0.0537	0.0535
0.0537	0.0535	0.0535	0.0537
0.0536	0.0536	0.0536	0.0536
0.0536	0.0536	0.0536	0.0536
0.0536	0.0536	0.0536	0.0536
0.0536	0.0536	0.0536	0.0536
0.0536	0.0536	0.0536	0.0536
0.0536	0.0536	0.0536	0.0536
0.0536	0.0536	0.0536	0.0536
0.0536	0.0536	0.0536	0.0536
0.0536	0.0536	0.0536	0.0536
0.0536	0.0536	0.0536	0.0536
0.0536	0.0536	0.0536	0.0536
0.0536	0.0536	0.0536	0.0536
0.0536	0.0536	0.0536	0.0536
0.0536	0.0536	0.0536	0.0536
0.0536	0.0536	0.0536	0.0536
0.0536	0.0536	0.0536	0.0536
0.0536	0.0536	0.0536	0.0536
0.0536	0.0536	0.0536	0.0536
0.0537	0.0535	0.0535	0.0537
0.0536	0.0536	0.0536	0.0536
0.0536	0.0536	0.0536	0.0536
0.0536	0.0536	0.0536	0.0536
0.0536	0.0536	0.0536	0.0536
0.0536	0.0536	0.0536	0.0536
0.0536	0.0536	0.0536	0.0536
0.0536	0.0536	0.0536	0.0536
0.0536	0.0536	0.0536	0.0536
