4.9517	4.9967	4.8120	4.8792
3.8869	3.9121	3.8274	3.8532
3.3844	3.4039	3.3415	3.3600
2.9883	3.0024	2.9556	2.9697
2.6447	2.6551	2.6204	2.6305
2.3420	2.3501	2.3238	2.3320
2.0751	2.0817	2.0620	2.0677
1.8400	1.8441	1.8291	1.8339
1.6317	1.6352	1.6239	1.6274
1.4478	1.4506	1.4417	1.4447
1.2852	1.2873	1.2810	1.2829
1.1421	1.1437	1.1388	1.1400
1.0153	1.0166	1.0128	1.0143
0.9033	0.9044	0.9017	0.9024
0.8047	0.8051	0.8033	0.8040
0.7171	0.7176	0.7162	0.7168
0.6399	0.6406	0.6391	0.6397
0.5716	0.5722	0.5713	0.5715
0.5113	0.5120	0.5113	0.5109
0.4581	0.4582	0.4581	0.4581
0.4116	0.4113	0.4105	0.4113
0.3695	0.3694	0.3692	0.3693
0.3328	0.3330	0.3328	0.3327
0.3003	0.3005	0.3002	0.3001
0.2721	0.2719	0.2716	0.2721
0.2460	0.2458	0.2458	0.2460
0.2238	0.2238	0.2236	0.2237
0.2042	0.2039	0.2039	0.2042
0.1870	0.1874	0.1874	0.1870
0.1704	0.1705	0.1705	0.1704
0.1575	0.1579	0.1579	0.1575
0.1456	0.1458	0.1457	0.1456
0.1350	0.1347	0.1347	0.1350
0.1252	0.1250	0.1250	0.1252
0.1167	0.1167	0.1167	0.1167
0.1103	0.1100	0.1100	0.1103
0.1036	0.1036	0.1036	0.1036
0.0962	0.0965	0.0965	0.0962
0.0935	0.0936	0.0936	0.0935
0.0870	0.0862	0.0862	0.0870
0.0836	0.0836	0.0836	0.0836
0.0827	0.0831	0.0831	0.0827
0.0743	0.0747	0.0747	0.0743
0.0736	0.0736	0.0736	0.0736
0.0736	0.0736	0.0736	0.0736
0.0729	0.0730	0.0730	0.0729
0.0655	0.0659	0.0659	0.0655
0.0636	0.0637	0.0637	0.0636
0.0636	0.0636	0.0636	0.0636
0.0636	0.0636	0.0636	0.0636
0.0636	0.0636	0.0636	0.0636
0.0636	0.0636	0.0636	0.0636
0.0636	0.0633	0.0633	0.0636
0.0627	0.0634	0.0634	0.0627
0.0602	0.0617	0.0617	0.0602
0.0563	0.0569	0.0569	0.0563
0.0544	0.0549	0.0549	0.0544
0.0539	0.0542	0.0542	0.0539
0.0539	0.0537	0.0537	0.0539
0.0536	0.0536	0.0536	0.0536
0.0536	0.0536	0.0536	0.0536
0.0536	0.0536	0.0536	0.0536
0.0537	0.0536	0.0536	0.0537
0.0536	0.0536	0.0536	0.0536
0.0536	0.0536	0.0536	0.0536
0.0536	0.0536	0.0536	0.0536
0.0535	0.0537	0.0537	0.0535
0.0537	0.0536	0.0536	0.0537
0.0538	0.0535	0.0535	0.0538
0.0536	0.0536	0.0536	0.0536
0.0536	0.0536	0.0536	0.0536
0.0535	0.0537	0.0537	0.0535
0.0536	0.0536	0.0536	0.0536
0.0536	0.0536	0.0536	0.0536
0.0536	0.0536	0.0536	0.0536
0.0536	0.0536	0.0536	0.0536
0.0536	0.0536	0.0536	0.0536
0.0536	0.0536	0.0536	0.0536
0.0536	0.0536	0.0536	0.0536
0.0536	0.0536	0.0536	0.0536
0.0536	0.0536	0.0536	0.0536
0.0529	0.0543	0.0543	0.0529
0.0536	0.0536	0.0536	0.0536
0.0536	0.0536	0.0536	0.0536
0.0536	0.0536	0.0536	0.0536
0.0537	0.0535	0.0535	0.0537
0.0536	0.0536	0.0536	0.0536
0.0537	0.0535	0.0535	0.0537
0.0536	0.0536	0.0536	0.0536
0.0536	0.0536	0.0536	0.0536
0.0536	0.0536	0.0536	0.0536
0.0536	0.0536	0.0536	0.0536
0.0536	0.0536	0.0536	0.0536
0.0537	0.0535	0.0535	0.0537
0.0536	0.0536	0.0536	0.0536
0.0536	0.0536	0.0536	0.0536
0.0536	0.0536	0.0536	0.0536
0.0536	0.0536	0.0536	0.0536
0.0536	0.0536	0.0536	0.0536
0.0536	0.0536	0.0536	0.0536
