1.4637	1.5633	1.3791	1.4637
1.1648	1.2063	1.1224	1.1648
1.0201	1.0510	0.9886	1.0201
0.9052	0.9284	0.8818	0.9052
0.8061	0.8234	0.7885	0.8061
0.7185	0.7316	0.7051	0.7185
0.6406	0.6508	0.6310	0.6406
0.5728	0.5803	0.5651	0.5728
0.5124	0.5176	0.5070	0.5124
0.4592	0.4633	0.4549	0.4592
0.4116	0.4148	0.4092	0.4116
0.3704	0.3724	0.3681	0.3704
0.3334	0.3357	0.3311	0.3334
0.3009	0.3024	0.2993	0.3009
0.2723	0.2729	0.2716	0.2723
0.2466	0.2469	0.2454	0.2466
0.2245	0.2247	0.2236	0.2245
0.2044	0.2049	0.2039	0.2044
0.1875	0.1876	0.1868	0.1875
0.1706	0.1708	0.1702	0.1706
0.1581	0.1579	0.1577	0.1581
0.1459	0.1463	0.1460	0.1459
0.1354	0.1349	0.1346	0.1354
0.1252	0.1251	0.1248	0.1252
0.1169	0.1169	0.1166	0.1169
0.1103	0.1095	0.1094	0.1103
0.1036	0.1036	0.1036	0.1036
0.0968	0.0967	0.0965	0.0968
0.0936	0.0936	0.0936	0.0936
0.0870	0.0868	0.0868	0.0870
0.0836	0.0836	0.0836	0.0836
0.0831	0.0829	0.0829	0.0831
0.0748	0.0748	0.0747	0.0748
0.0736	0.0736	0.0736	0.0736
0.0736	0.0736	0.0736	0.0736
0.0728	0.0733	0.0733	0.0728
0.0659	0.0660	0.0660	0.0659
0.0636	0.0636	0.0636	0.0636
0.0635	0.0638	0.0638	0.0635
0.0636	0.0636	0.0636	0.0636
0.0636	0.0636	0.0636	0.0636
0.0636	0.0636	0.0636	0.0636
0.0632	0.0637	0.0637	0.0632
0.0634	0.0632	0.0632	0.0634
0.0607	0.0620	0.0620	0.0607
0.0562	0.0568	0.0568	0.0562
0.0547	0.0550	0.0550	0.0547
0.0539	0.0539	0.0539	0.0539
0.0539	0.0538	0.0538	0.0539
0.0536	0.0537	0.0537	0.0536
0.0536	0.0536	0.0536	0.0536
0.0536	0.0536	0.0536	0.0536
0.0536	0.0536	0.0536	0.0536
0.0536	0.0536	0.0536	0.0536
0.0536	0.0536	0.0536	0.0536
0.0538	0.0534	0.0534	0.0538
0.0536	0.0536	0.0536	0.0536
0.0536	0.0536	0.0536	0.0536
0.0536	0.0536	0.0536	0.0536
0.0536	0.0536	0.0536	0.0536
0.0536	0.0536	0.0536	0.0536
0.0536	0.0536	0.0536	0.0536
0.0536	0.0536	0.0536	0.0536
0.0536	0.0536	0.0536	0.0536
0.0536	0.0536	0.0536	0.0536
0.0536	0.0536	0.0536	0.0536
0.0536	0.0536	0.0536	0.0536
0.0536	0.0536	0.0536	0.0536
0.0536	0.0536	0.0536	0.0536
0.0536	0.0536	0.0536	0.0536
0.0536	0.0536	0.0536	0.0536
0.0536	0.0536	0.0536	0.0536
0.0536	0.0536	0.0536	0.0536
0.0536	0.0536	0.0536	0.0536
0.0536	0.0536	0.0536	0.0536
0.0540	0.0532	0.0532	0.0540
0.0536	0.0536	0.0536	0.0536
0.0539	0.0533	0.0533	0.0539
0.0537	0.0535	0.0535	0.0537
0.0536	0.0536	0.0536	0.0536
0.0536	0.0536	0.0536	0.0536
0.0536	0.0536	0.0536	0.0536
0.0536	0.0536	0.0536	0.0536
0.0536	0.0536	0.0536	0.0536
0.0536	0.0536	0.0536	0.0536
0.0536	0.0536	0.0536	0.0536
0.0536	0.0536	0.0536	0.0536
0.0536	0.0536	0.0536	0.0536
0.0536	0.0536	0.0536	0.0536
0.0536	0.0536	0.0536	0.0536
0.0537	0.0535	0.0535	0.0537
0.0536	0.0536	0.0536	0.0536
0.0536	0.0536	0.0536	0.0536
0.0536	0.0536	0.0536	0.0536
0.0536	0.0536	0.0536	0.0536
0.0536	0.0536	0.0536	0.0536
0.0536	0.0536	0.0536	0.0536
0.0537	0.0535	0.0535	0.0537
0.0536	0.0536	0.0536	0.0536
0.0534	0.0538	0.0538	0.0534
