5.5287	5.3106	5.5880	5.3817
4.3288	4.2323	4.3590	4.2620
3.7680	3.6957	3.7894	3.7181
3.3237	3.2706	3.3401	3.2871
2.9399	2.9003	2.9528	2.9117
2.6024	2.5721	2.6116	2.5815
2.3045	2.2817	2.3115	2.2888
2.0415	2.0246	2.0470	2.0300
1.8100	1.7967	1.8135	1.8010
1.6051	1.5952	1.6079	1.5982
1.4241	1.4166	1.4266	1.4191
1.2643	1.2591	1.2661	1.2609
1.1235	1.1191	1.1246	1.1205
0.9986	0.9954	1.0000	0.9967
0.8891	0.8864	0.8898	0.8867
0.7914	0.7897	0.7921	0.7905
0.7057	0.7045	0.7062	0.7045
0.6297	0.6288	0.6300	0.6288
0.5629	0.5622	0.5630	0.5624
0.5036	0.5028	0.5036	0.5032
0.4512	0.4508	0.4513	0.4509
0.4047	0.4044	0.4048	0.4044
0.3642	0.3636	0.3639	0.3642
0.3279	0.3277	0.3279	0.3277
0.2961	0.2957	0.2958	0.2961
0.2676	0.2678	0.2678	0.2676
0.2430	0.2431	0.2431	0.2430
0.2207	0.2210	0.2212	0.2207
0.2013	0.2013	0.2014	0.2012
0.1845	0.1845	0.1845	0.1844
0.1687	0.1692	0.1693	0.1687
0.1557	0.1563	0.1563	0.1557
0.1438	0.1440	0.1440	0.1438
0.1334	0.1334	0.1334	0.1334
0.1236	0.1238	0.1238	0.1236
0.1151	0.1150	0.1150	0.1151
0.1082	0.1086	0.1086	0.1082
0.1035	0.1033	0.1033	0.1035
0.0950	0.0945	0.0945	0.0950
0.0936	0.0934	0.0934	0.0936
0.0849	0.0856	0.0856	0.0849
0.0836	0.0836	0.0836	0.0836
0.0820	0.0818	0.0818	0.0820
0.0741	0.0743	0.0743	0.0741
0.0736	0.0736	0.0736	0.0736
0.0735	0.0736	0.0736	0.0735
0.0727	0.0722	0.0722	0.0727
0.0651	0.0648	0.0648	0.0651
0.0636	0.0637	0.0637	0.0636
0.0636	0.0636	0.0636	0.0636
0.0636	0.0636	0.0636	0.0636
0.0636	0.0636	0.0636	0.0636
0.0636	0.0636	0.0636	0.0636
0.0635	0.0636	0.0636	0.0635
0.0627	0.0631	0.0631	0.0627
0.0610	0.0605	0.0605	0.0610
0.0559	0.0560	0.0560	0.0559
0.0547	0.0544	0.0544	0.0547
0.0543	0.0539	0.0539	0.0543
0.0537	0.0537	0.0537	0.0537
0.0535	0.0537	0.0537	0.0535
0.0536	0.0536	0.0536	0.0536
0.0536	0.0536	0.0536	0.0536
0.0536	0.0536	0.0536	0.0536
0.0536	0.0536	0.0536	0.0536
0.0535	0.0538	0.0538	0.0535
0.0536	0.0536	0.0536	0.0536
0.0535	0.0537	0.0537	0.0535
0.0536	0.0536	0.0536	0.0536
0.0536	0.0536	0.0536	0.0536
0.0536	0.0536	0.0536	0.0536
0.0536	0.0536	0.0536	0.0536
0.0536	0.0536	0.0536	0.0536
0.0536	0.0536	0.0536	0.0536
0.0535	0.0537	0.0537	0.0535
0.0536	0.0536	0.0536	0.0536
0.0536	0.0536	0.0536	0.0536
0.0536	0.0536	0.0536	0.0536
0.0536	0.0536	0.0536	0.0536
0.0536	0.0537	0.0537	0.0536
0.0536	0.0536	0.0536	0.0536
0.0536	0.0536	0.0536	0.0536
0.0536	0.0536	0.0536	0.0536
0.0536	0.0536	0.0536	0.0536
0.0536	0.0536	0.0536	0.0536
0.0536	0.0536	0.0536	0.0536
0.0525	0.0547	0.0547	0.0525
0.0536	0.0536	0.0536	0.0536
0.0536	0.0536	0.0536	0.0536
0.0536	0.0536	0.0536	0.0536
0.0536	0.0536	0.0536	0.0536
0.0536	0.0536	0.0536	0.0536
0.0536	0.0536	0.0536	0.0536
0.0536	0.0536	0.0536	0.0536
0.0536	0.0536	0.0536	0.0536
0.0536	0.0536	0.0536	0.0536
0.0535	0.0537	0.0537	0.0535
0.0536	0.0536	0.0536	0.0536
0.0537	0.0535	0.0535	0.0537
0.0537	0.0535	0.0535	0.0537
