4.8271	4.9436	4.7706	4.9102
3.8136	3.8725	3.7931	3.8518
3.3261	3.3696	3.3112	3.3540
2.9399	2.9723	2.9281	2.9611
2.6051	2.6289	2.5961	2.6204
2.3089	2.3270	2.3024	2.3205
2.0475	2.0613	2.0424	2.0567
1.8163	1.8261	1.8125	1.8229
1.6115	1.6196	1.6087	1.6169
1.4305	1.4364	1.4289	1.4344
1.2710	1.2750	1.2695	1.2734
1.1294	1.1330	1.1282	1.1317
1.0043	1.0073	1.0037	1.0061
0.8940	0.8961	0.8934	0.8952
0.7963	0.7981	0.7961	0.7972
0.7100	0.7112	0.7099	0.7104
0.6339	0.6348	0.6336	0.6345
0.5665	0.5667	0.5663	0.5668
0.5071	0.5073	0.5066	0.5076
0.4545	0.4540	0.4535	0.4546
0.4074	0.4078	0.4071	0.4075
0.3667	0.3667	0.3666	0.3668
0.3297	0.3299	0.3297	0.3299
0.2979	0.2979	0.2978	0.2979
0.2695	0.2696	0.2693	0.2696
0.2442	0.2444	0.2442	0.2442
0.2221	0.2224	0.2221	0.2222
0.2027	0.2025	0.2024	0.2027
0.1860	0.1856	0.1856	0.1860
0.1698	0.1695	0.1695	0.1698
0.1569	0.1566	0.1565	0.1569
0.1446	0.1447	0.1447	0.1446
0.1341	0.1337	0.1337	0.1341
0.1241	0.1243	0.1243	0.1241
0.1158	0.1158	0.1158	0.1158
0.1087	0.1095	0.1095	0.1087
0.1036	0.1034	0.1034	0.1036
0.0961	0.0950	0.0950	0.0961
0.0936	0.0934	0.0934	0.0936
0.0860	0.0859	0.0859	0.0860
0.0836	0.0836	0.0836	0.0836
0.0829	0.0822	0.0822	0.0829
0.0744	0.0742	0.0742	0.0744
0.0736	0.0736	0.0736	0.0736
0.0736	0.0736	0.0736	0.0736
0.0727	0.0724	0.0724	0.0727
0.0651	0.0659	0.0659	0.0651
0.0636	0.0636	0.0636	0.0636
0.0636	0.0636	0.0636	0.0636
0.0636	0.0636	0.0636	0.0636
0.0636	0.0636	0.0636	0.0636
0.0636	0.0636	0.0636	0.0636
0.0634	0.0635	0.0635	0.0634
0.0633	0.0627	0.0627	0.0633
0.0607	0.0607	0.0607	0.0607
0.0567	0.0562	0.0562	0.0567
0.0547	0.0545	0.0545	0.0547
0.0539	0.0539	0.0539	0.0539
0.0536	0.0536	0.0536	0.0536
0.0539	0.0533	0.0533	0.0539
0.0536	0.0536	0.0536	0.0536
0.0536	0.0536	0.0536	0.0536
0.0536	0.0536	0.0536	0.0536
0.0536	0.0536	0.0536	0.0536
0.0536	0.0536	0.0536	0.0536
0.0536	0.0536	0.0536	0.0536
0.0536	0.0536	0.0536	0.0536
0.0536	0.0536	0.0536	0.0536
0.0536	0.0536	0.0536	0.0536
0.0536	0.0536	0.0536	0.0536
0.0536	0.0536	0.0536	0.0536
0.0536	0.0536	0.0536	0.0536
0.0536	0.0536	0.0536	0.0536
0.0536	0.0536	0.0536	0.0536
0.0536	0.0536	0.0536	0.0536
0.0537	0.0536	0.0536	0.0537
0.0536	0.0536	0.0536	0.0536
0.0536	0.0536	0.0536	0.0536
0.0537	0.0535	0.0535	0.0537
0.0536	0.0536	0.0536	0.0536
0.0536	0.0536	0.0536	0.0536
0.0536	0.0536	0.0536	0.0536
0.0536	0.0536	0.0536	0.0536
0.0535	0.0537	0.0537	0.0535
0.0536	0.0536	0.0536	0.0536
0.0536	0.0536	0.0536	0.0536
0.0536	0.0536	0.0536	0.0536
0.0536	0.0536	0.0536	0.0536
0.0536	0.0536	0.0536	0.0536
0.0536	0.0536	0.0536	0.0536
0.0536	0.0536	0.0536	0.0536
0.0536	0.0536	0.0536	0.0536
0.0536	0.0536	0.0536	0.0536
0.0536	0.0536	0.0536	0.0536
0.0536	0.0536	0.0536	0.0536
0.0536	0.0536	0.0536	0.0536
0.0536	0.0536	0.0536	0.0536
0.0537	0.0535	0.0535	0.0537
0.0536	0.0536	0.0536	0.0536
0.0536	0.0536	0.0536	0.0536
