2.0965	2.2265	2.2265	2.3800
1.7009	1.7659	1.7659	1.8311
1.4949	1.5431	1.5431	1.5904
1.3306	1.3662	1.3662	1.4025
1.1861	1.2131	1.2131	1.2401
1.0579	1.0784	1.0784	1.0985
0.9438	0.9591	0.9591	0.9742
0.8422	0.8538	0.8538	0.8653
0.7521	0.7607	0.7607	0.7689
0.6724	0.6784	0.6784	0.6849
0.6011	0.6056	0.6056	0.6109
0.5379	0.5417	0.5417	0.5455
0.4823	0.4851	0.4851	0.4874
0.4325	0.4348	0.4348	0.4365
0.3890	0.3908	0.3908	0.3919
0.3496	0.3512	0.3512	0.3523
0.3161	0.3166	0.3166	0.3176
0.2851	0.2861	0.2861	0.2869
0.2583	0.2593	0.2593	0.2593
0.2344	0.2350	0.2350	0.2354
0.2134	0.2141	0.2141	0.2141
0.1953	0.1957	0.1957	0.1959
0.1786	0.1787	0.1787	0.1787
0.1648	0.1647	0.1647	0.1650
0.1509	0.1509	0.1509	0.1510
0.1396	0.1400	0.1400	0.1396
0.1298	0.1300	0.1300	0.1301
0.1219	0.1219	0.1219	0.1220
0.1135	0.1137	0.1137	0.1135
0.1051	0.1053	0.1053	0.1053
0.1012	0.1016	0.1016	0.1012
0.0936	0.0938	0.0938	0.0937
0.0914	0.0918	0.0918	0.0916
0.0839	0.0835	0.0835	0.0839
0.0836	0.0836	0.0836	0.0836
0.0788	0.0789	0.0789	0.0788
0.0737	0.0736	0.0736	0.0737
0.0735	0.0736	0.0736	0.0735
0.0736	0.0735	0.0735	0.0736
0.0704	0.0696	0.0696	0.0704
0.0641	0.0642	0.0642	0.0641
0.0636	0.0636	0.0636	0.0636
0.0638	0.0634	0.0634	0.0638
0.0636	0.0636	0.0636	0.0636
0.0636	0.0636	0.0636	0.0636
0.0636	0.0636	0.0636	0.0636
0.0633	0.0630	0.0630	0.0633
0.0623	0.0622	0.0622	0.0623
0.0588	0.0590	0.0590	0.0588
0.0559	0.0553	0.0553	0.0559
0.0542	0.0540	0.0540	0.0542
0.0538	0.0540	0.0540	0.0538
0.0536	0.0536	0.0536	0.0536
0.0536	0.0536	0.0536	0.0536
0.0536	0.0536	0.0536	0.0536
0.0536	0.0536	0.0536	0.0536
0.0536	0.0536	0.0536	0.0536
0.0536	0.0536	0.0536	0.0536
0.0536	0.0536	0.0536	0.0536
0.0536	0.0536	0.0536	0.0536
0.0535	0.0537	0.0537	0.0535
0.0536	0.0536	0.0536	0.0536
0.0536	0.0536	0.0536	0.0536
0.0536	0.0536	0.0536	0.0536
0.0536	0.0536	0.0536	0.0536
0.0536	0.0536	0.0536	0.0536
0.0536	0.0536	0.0536	0.0536
0.0536	0.0536	0.0536	0.0536
0.0536	0.0536	0.0536	0.0536
0.0536	0.0536	0.0536	0.0536
0.0536	0.0536	0.0536	0.0536
0.0536	0.0536	0.0536	0.0536
0.0536	0.0536	0.0536	0.0536
0.0536	0.0536	0.0536	0.0536
0.0536	0.0536	0.0536	0.0536
0.0536	0.0536	0.0536	0.0536
0.0536	0.0536	0.0536	0.0536
0.0536	0.0536	0.0536	0.0536
0.0536	0.0536	0.0536	0.0536
0.0536	0.0536	0.0536	0.0536
0.0533	0.0539	0.0539	0.0533
0.0536	0.0536	0.0536	0.0536
0.0536	0.0536	0.0536	0.0536
0.0536	0.0536	0.0536	0.0536
0.0536	0.0536	0.0536	0.0536
0.0536	0.0536	0.0536	0.0536
0.0536	0.0536	0.0536	0.0536
0.0536	0.0536	0.0536	0.0536
0.0536	0.0536	0.0536	0.0536
0.0536	0.0536	0.0536	0.0536
0.0536	0.0536	0.0536	0.0536
0.0536	0.0536	0.0536	0.0536
0.0536	0.0536	0.0536	0.0536
0.0536	0.0536	0.0536	0.0536
0.0536	0.0536	0.0536	0.0536
0.0536	0.0536	0.0536	0.0536
0.0538	0.0534	0.0534	0.0538
0.0535	0.0537	0.0537	0.0535
0.0536	0.0536	0.0536	0.0536
0.0536	0.0536	0.0536	0.0536
