1.5510	1.4616	1.6566	1.5510
1.2335	1.1888	1.2782	1.2335
1.0798	1.0466	1.1124	1.0798
0.9580	0.9334	0.9825	0.9580
0.8523	0.8344	0.8711	0.8523
0.7596	0.7454	0.7737	0.7596
0.6774	0.6670	0.6884	0.6774
0.6050	0.5967	0.6129	0.6050
0.5410	0.5349	0.5466	0.5410
0.4838	0.4798	0.4886	0.4838
0.4337	0.4309	0.4374	0.4337
0.3898	0.3872	0.3927	0.3898
0.3505	0.3487	0.3526	0.3505
0.3163	0.3153	0.3173	0.3163
0.2859	0.2844	0.2864	0.2859
0.2586	0.2581	0.2596	0.2586
0.2346	0.2344	0.2351	0.2346
0.2137	0.2134	0.2142	0.2137
0.1953	0.1953	0.1960	0.1953
0.1784	0.1786	0.1789	0.1784
0.1648	0.1639	0.1644	0.1648
0.1507	0.1507	0.1509	0.1507
0.1396	0.1396	0.1400	0.1396
0.1301	0.1299	0.1300	0.1301
0.1212	0.1215	0.1219	0.1212
0.1135	0.1134	0.1134	0.1135
0.1051	0.1052	0.1053	0.1051
0.1010	0.1012	0.1012	0.1010
0.0936	0.0936	0.0936	0.0936
0.0915	0.0914	0.0915	0.0915
0.0837	0.0836	0.0836	0.0837
0.0836	0.0836	0.0836	0.0836
0.0787	0.0791	0.0792	0.0787
0.0737	0.0737	0.0737	0.0737
0.0736	0.0736	0.0736	0.0736
0.0736	0.0736	0.0736	0.0736
0.0697	0.0697	0.0697	0.0697
0.0637	0.0639	0.0639	0.0637
0.0636	0.0636	0.0636	0.0636
0.0636	0.0636	0.0636	0.0636
0.0636	0.0636	0.0636	0.0636
0.0636	0.0636	0.0636	0.0636
0.0636	0.0636	0.0636	0.0636
0.0635	0.0632	0.0632	0.0635
0.0621	0.0626	0.0626	0.0621
0.0592	0.0587	0.0587	0.0592
0.0550	0.0550	0.0550	0.0550
0.0542	0.0542	0.0542	0.0542
0.0541	0.0538	0.0538	0.0541
0.0536	0.0538	0.0538	0.0536
0.0536	0.0536	0.0536	0.0536
0.0537	0.0536	0.0536	0.0537
0.0537	0.0536	0.0536	0.0537
0.0536	0.0536	0.0536	0.0536
0.0536	0.0536	0.0536	0.0536
0.0536	0.0536	0.0536	0.0536
0.0536	0.0536	0.0536	0.0536
0.0536	0.0536	0.0536	0.0536
0.0536	0.0536	0.0536	0.0536
0.0536	0.0537	0.0537	0.0536
0.0536	0.0536	0.0536	0.0536
0.0536	0.0536	0.0536	0.0536
0.0536	0.0536	0.0536	0.0536
0.0541	0.0531	0.0531	0.0541
0.0536	0.0536	0.0536	0.0536
0.0536	0.0536	0.0536	0.0536
0.0536	0.0536	0.0536	0.0536
0.0536	0.0536	0.0536	0.0536
0.0536	0.0536	0.0536	0.0536
0.0536	0.0536	0.0536	0.0536
0.0536	0.0536	0.0536	0.0536
0.0536	0.0536	0.0536	0.0536
0.0537	0.0535	0.0535	0.0537
0.0536	0.0536	0.0536	0.0536
0.0536	0.0536	0.0536	0.0536
0.0536	0.0536	0.0536	0.0536
0.0536	0.0536	0.0536	0.0536
0.0536	0.0536	0.0536	0.0536
0.0536	0.0536	0.0536	0.0536
0.0536	0.0536	0.0536	0.0536
0.0536	0.0536	0.0536	0.0536
0.0536	0.0536	0.0536	0.0536
0.0536	0.0536	0.0536	0.0536
0.0536	0.0536	0.0536	0.0536
0.0536	0.0536	0.0536	0.0536
0.0536	0.0536	0.0536	0.0536
0.0536	0.0536	0.0536	0.0536
0.0536	0.0536	0.0536	0.0536
0.0536	0.0536	0.0536	0.0536
0.0536	0.0536	0.0536	0.0536
0.0536	0.0536	0.0536	0.0536
0.0536	0.0536	0.0536	0.0536
0.0536	0.0536	0.0536	0.0536
0.0536	0.0536	0.0536	0.0536
0.0536	0.0536	0.0536	0.0536
0.0536	0.0536	0.0536	0.0536
0.0536	0.0536	0.0536	0.0536
0.0536	0.0536	0.0536	0.0536
0.0536	0.0536	0.0536	0.0536
0.0535	0.0537	0.0537	0.0535
