2.7802	2.6803	2.8362	2.7401
2.1887	2.1438	2.2156	2.1703
1.9093	1.8764	1.9290	1.8956
1.6885	1.6637	1.7030	1.6782
1.4972	1.4783	1.5081	1.4890
1.3285	1.3143	1.3371	1.3228
1.1801	1.1693	1.1861	1.1757
1.0484	1.0408	1.0532	1.0455
0.9331	0.9269	0.9363	0.9305
0.8305	0.8260	0.8330	0.8281
0.7397	0.7366	0.7420	0.7385
0.6601	0.6572	0.6612	0.6588
0.5895	0.5875	0.5904	0.5886
0.5269	0.5260	0.5278	0.5263
0.4722	0.4706	0.4724	0.4719
0.4233	0.4225	0.4235	0.4230
0.3800	0.3801	0.3808	0.3800
0.3422	0.3412	0.3423	0.3421
0.3084	0.3085	0.3088	0.3083
0.2786	0.2791	0.2794	0.2786
0.2532	0.2528	0.2529	0.2532
0.2297	0.2301	0.2301	0.2296
0.2092	0.2089	0.2091	0.2092
0.1910	0.1904	0.1904	0.1910
0.1756	0.1752	0.1754	0.1756
0.1604	0.1604	0.1605	0.1604
0.1484	0.1483	0.1484	0.1484
0.1372	0.1379	0.1379	0.1372
0.1275	0.1277	0.1277	0.1275
0.1192	0.1193	0.1194	0.1192
0.1127	0.1128	0.1128	0.1127
0.1038	0.1038	0.1038	0.1038
0.0986	0.0989	0.0989	0.0986
0.0936	0.0936	0.0936	0.0936
0.0888	0.0892	0.0892	0.0888
0.0836	0.0836	0.0836	0.0836
0.0834	0.0836	0.0836	0.0834
0.0763	0.0766	0.0766	0.0763
0.0736	0.0736	0.0736	0.0736
0.0735	0.0737	0.0737	0.0735
0.0734	0.0733	0.0733	0.0734
0.0684	0.0675	0.0675	0.0684
0.0640	0.0636	0.0636	0.0640
0.0636	0.0636	0.0636	0.0636
0.0636	0.0636	0.0636	0.0636
0.0636	0.0636	0.0636	0.0636
0.0636	0.0636	0.0636	0.0636
0.0636	0.0636	0.0636	0.0636
0.0630	0.0630	0.0630	0.0630
0.0620	0.0620	0.0620	0.0620
0.0567	0.0578	0.0578	0.0567
0.0541	0.0546	0.0546	0.0541
0.0542	0.0538	0.0538	0.0542
0.0538	0.0542	0.0542	0.0538
0.0536	0.0537	0.0537	0.0536
0.0536	0.0537	0.0537	0.0536
0.0537	0.0535	0.0535	0.0537
0.0536	0.0536	0.0536	0.0536
0.0536	0.0536	0.0536	0.0536
0.0536	0.0536	0.0536	0.0536
0.0536	0.0536	0.0536	0.0536
0.0536	0.0536	0.0536	0.0536
0.0536	0.0536	0.0536	0.0536
0.0536	0.0536	0.0536	0.0536
0.0536	0.0536	0.0536	0.0536
0.0536	0.0536	0.0536	0.0536
0.0536	0.0536	0.0536	0.0536
0.0536	0.0536	0.0536	0.0536
0.0536	0.0536	0.0536	0.0536
0.0537	0.0535	0.0535	0.0537
0.0536	0.0536	0.0536	0.0536
0.0536	0.0536	0.0536	0.0536
0.0536	0.0536	0.0536	0.0536
0.0536	0.0536	0.0536	0.0536
0.0536	0.0536	0.0536	0.0536
0.0536	0.0536	0.0536	0.0536
0.0536	0.0536	0.0536	0.0536
0.0536	0.0536	0.0536	0.0536
0.0536	0.0536	0.0536	0.0536
0.0536	0.0536	0.0536	0.0536
0.0536	0.0536	0.0536	0.0536
0.0536	0.0536	0.0536	0.0536
0.0536	0.0536	0.0536	0.0536
0.0536	0.0536	0.0536	0.0536
0.0536	0.0536	0.0536	0.0536
0.0536	0.0536	0.0536	0.0536
0.0536	0.0536	0.0536	0.0536
0.0536	0.0536	0.0536	0.0536
0.0536	0.0536	0.0536	0.0536
0.0541	0.0531	0.0531	0.0541
0.0536	0.0536	0.0536	0.0536
0.0536	0.0536	0.0536	0.0536
0.0535	0.0537	0.0537	0.0535
0.0536	0.0536	0.0536	0.0536
0.0535	0.0537	0.0537	0.0535
0.0536	0.0536	0.0536	0.0536
0.0536	0.0536	0.0536	0.0536
0.0536	0.0536	0.0536	0.0536
0.0536	0.0536	0.0536	0.0536
0.0536	0.0536	0.0536	0.0536
