2.2905	2.4481	2.1564	2.2905
1.8163	1.8829	1.7488	1.8163
1.5866	1.6354	1.5373	1.5866
1.4051	1.4415	1.3678	1.4051
1.2471	1.2751	1.2194	1.2471
1.1082	1.1288	1.0874	1.1082
0.9857	1.0016	0.9698	0.9857
0.8770	0.8888	0.8654	0.8770
0.7812	0.7900	0.7724	0.7812
0.6967	0.7036	0.6900	0.6967
0.6222	0.6272	0.6170	0.6222
0.5557	0.5602	0.5523	0.5557
0.4974	0.5001	0.4950	0.4974
0.4456	0.4482	0.4431	0.4456
0.4006	0.4023	0.3984	0.4006
0.3600	0.3614	0.3585	0.3600
0.3245	0.3257	0.3232	0.3245
0.2927	0.2935	0.2923	0.2927
0.2649	0.2652	0.2644	0.2649
0.2407	0.2412	0.2407	0.2407
0.2191	0.2191	0.2184	0.2191
0.1991	0.1994	0.1989	0.1991
0.1824	0.1823	0.1819	0.1824
0.1676	0.1679	0.1678	0.1676
0.1548	0.1549	0.1547	0.1548
0.1425	0.1421	0.1421	0.1425
0.1325	0.1323	0.1322	0.1325
0.1236	0.1233	0.1233	0.1236
0.1144	0.1139	0.1138	0.1144
0.1073	0.1075	0.1074	0.1073
0.1033	0.1032	0.1032	0.1033
0.0939	0.0942	0.0942	0.0939
0.0932	0.0930	0.0930	0.0932
0.0849	0.0844	0.0844	0.0849
0.0836	0.0836	0.0836	0.0836
0.0811	0.0805	0.0805	0.0811
0.0740	0.0737	0.0737	0.0740
0.0736	0.0736	0.0736	0.0736
0.0736	0.0736	0.0736	0.0736
0.0722	0.0715	0.0715	0.0722
0.0648	0.0641	0.0641	0.0648
0.0636	0.0636	0.0636	0.0636
0.0636	0.0636	0.0636	0.0636
0.0637	0.0635	0.0635	0.0637
0.0636	0.0636	0.0636	0.0636
0.0636	0.0636	0.0636	0.0636
0.0635	0.0633	0.0633	0.0635
0.0622	0.0622	0.0622	0.0622
0.0599	0.0603	0.0603	0.0599
0.0545	0.0564	0.0564	0.0545
0.0544	0.0545	0.0545	0.0544
0.0539	0.0542	0.0542	0.0539
0.0536	0.0537	0.0537	0.0536
0.0536	0.0536	0.0536	0.0536
0.0536	0.0536	0.0536	0.0536
0.0536	0.0536	0.0536	0.0536
0.0536	0.0536	0.0536	0.0536
0.0536	0.0536	0.0536	0.0536
0.0536	0.0537	0.0537	0.0536
0.0537	0.0536	0.0536	0.0537
0.0536	0.0536	0.0536	0.0536
0.0536	0.0536	0.0536	0.0536
0.0536	0.0536	0.0536	0.0536
0.0536	0.0536	0.0536	0.0536
0.0536	0.0536	0.0536	0.0536
0.0536	0.0536	0.0536	0.0536
0.0536	0.0536	0.0536	0.0536
0.0537	0.0536	0.0536	0.0537
0.0537	0.0535	0.0535	0.0537
0.0536	0.0536	0.0536	0.0536
0.0536	0.0536	0.0536	0.0536
0.0536	0.0536	0.0536	0.0536
0.0536	0.0536	0.0536	0.0536
0.0536	0.0536	0.0536	0.0536
0.0536	0.0536	0.0536	0.0536
0.0536	0.0536	0.0536	0.0536
0.0536	0.0536	0.0536	0.0536
0.0536	0.0536	0.0536	0.0536
0.0535	0.0537	0.0537	0.0535
0.0536	0.0536	0.0536	0.0536
0.0536	0.0536	0.0536	0.0536
0.0536	0.0536	0.0536	0.0536
0.0536	0.0536	0.0536	0.0536
0.0536	0.0536	0.0536	0.0536
0.0536	0.0536	0.0536	0.0536
0.0536	0.0536	0.0536	0.0536
0.0536	0.0536	0.0536	0.0536
0.0536	0.0536	0.0536	0.0536
0.0536	0.0536	0.0536	0.0536
0.0536	0.0536	0.0536	0.0536
0.0536	0.0536	0.0536	0.0536
0.0536	0.0536	0.0536	0.0536
0.0536	0.0536	0.0536	0.0536
0.0535	0.0537	0.0537	0.0535
0.0536	0.0536	0.0536	0.0536
0.0536	0.0536	0.0536	0.0536
0.0536	0.0536	0.0536	0.0536
0.0536	0.0536	0.0536	0.0536
0.0536	0.0536	0.0536	0.0536
0.0537	0.0535	0.0535	0.0537
