2.1263	2.2580	2.2580	2.4143
1.7250	1.7905	1.7905	1.8567
1.5161	1.5643	1.5643	1.6127
1.3487	1.3854	1.3854	1.4214
1.2028	1.2295	1.2295	1.2575
1.0729	1.0927	1.0927	1.1134
0.9566	0.9719	0.9719	0.9874
0.8539	0.8652	0.8652	0.8771
0.7620	0.7712	0.7712	0.7797
0.6809	0.6874	0.6874	0.6944
0.6087	0.6135	0.6135	0.6183
0.5449	0.5490	0.5490	0.5524
0.4883	0.4909	0.4909	0.4942
0.4380	0.4400	0.4400	0.4426
0.3940	0.3953	0.3953	0.3967
0.3543	0.3558	0.3558	0.3571
0.3198	0.3199	0.3199	0.3213
0.2884	0.2895	0.2895	0.2900
0.2620	0.2619	0.2619	0.2628
0.2372	0.2374	0.2374	0.2382
0.2160	0.2162	0.2162	0.2166
0.1979	0.1975	0.1975	0.1981
0.1801	0.1802	0.1802	0.1804
0.1665	0.1665	0.1665	0.1667
0.1527	0.1526	0.1526	0.1530
0.1409	0.1408	0.1408	0.1410
0.1311	0.1314	0.1314	0.1313
0.1229	0.1228	0.1228	0.1230
0.1137	0.1138	0.1138	0.1137
0.1064	0.1066	0.1066	0.1064
0.1025	0.1024	0.1024	0.1025
0.0938	0.0937	0.0937	0.0938
0.0927	0.0921	0.0921	0.0927
0.0837	0.0837	0.0837	0.0837
0.0836	0.0836	0.0836	0.0836
0.0802	0.0800	0.0800	0.0802
0.0736	0.0736	0.0736	0.0736
0.0736	0.0736	0.0736	0.0736
0.0736	0.0736	0.0736	0.0736
0.0710	0.0705	0.0705	0.0710
0.0642	0.0640	0.0640	0.0642
0.0637	0.0636	0.0636	0.0637
0.0636	0.0636	0.0636	0.0636
0.0636	0.0636	0.0636	0.0636
0.0636	0.0636	0.0636	0.0636
0.0637	0.0635	0.0635	0.0637
0.0634	0.0635	0.0635	0.0634
0.0624	0.0631	0.0631	0.0624
0.0597	0.0587	0.0587	0.0597
0.0550	0.0560	0.0560	0.0550
0.0539	0.0548	0.0548	0.0539
0.0540	0.0544	0.0544	0.0540
0.0537	0.0536	0.0536	0.0537
0.0536	0.0536	0.0536	0.0536
0.0538	0.0535	0.0535	0.0538
0.0536	0.0536	0.0536	0.0536
0.0536	0.0536	0.0536	0.0536
0.0536	0.0536	0.0536	0.0536
0.0536	0.0536	0.0536	0.0536
0.0535	0.0537	0.0537	0.0535
0.0536	0.0536	0.0536	0.0536
0.0537	0.0535	0.0535	0.0537
0.0537	0.0535	0.0535	0.0537
0.0536	0.0536	0.0536	0.0536
0.0536	0.0536	0.0536	0.0536
0.0537	0.0535	0.0535	0.0537
0.0536	0.0536	0.0536	0.0536
0.0535	0.0537	0.0537	0.0535
0.0536	0.0536	0.0536	0.0536
0.0536	0.0536	0.0536	0.0536
0.0536	0.0536	0.0536	0.0536
0.0536	0.0536	0.0536	0.0536
0.0536	0.0536	0.0536	0.0536
0.0536	0.0536	0.0536	0.0536
0.0536	0.0536	0.0536	0.0536
0.0536	0.0536	0.0536	0.0536
0.0536	0.0536	0.0536	0.0536
0.0536	0.0536	0.0536	0.0536
0.0536	0.0536	0.0536	0.0536
0.0536	0.0536	0.0536	0.0536
0.0536	0.0536	0.0536	0.0536
0.0536	0.0536	0.0536	0.0536
0.0536	0.0536	0.0536	0.0536
0.0536	0.0536	0.0536	0.0536
0.0536	0.0536	0.0536	0.0536
0.0536	0.0536	0.0536	0.0536
0.0536	0.0536	0.0536	0.0536
0.0536	0.0536	0.0536	0.0536
0.0536	0.0536	0.0536	0.0536
0.0536	0.0536	0.0536	0.0536
0.0536	0.0536	0.0536	0.0536
0.0536	0.0536	0.0536	0.0536
0.0536	0.0536	0.0536	0.0536
0.0536	0.0536	0.0536	0.0536
0.0536	0.0536	0.0536	0.0536
0.0536	0.0536	0.0536	0.0536
0.0536	0.0536	0.0536	0.0536
0.0536	0.0536	0.0536	0.0536
0.0536	0.0536	0.0536	0.0536
0.0536	0.0536	0.0536	0.0536
