2.8802	2.9683	2.7060	2.7810
2.2608	2.2980	2.1781	2.2154
1.9705	1.9978	1.9092	1.9366
1.7406	1.7615	1.6951	1.7157
1.5422	1.5576	1.5081	1.5233
1.3678	1.3797	1.3421	1.3537
1.2140	1.2227	1.1945	1.2036
1.0784	1.0850	1.0641	1.0705
0.9588	0.9636	0.9476	0.9531
0.8532	0.8570	0.8450	0.8485
0.7599	0.7628	0.7531	0.7565
0.6777	0.6800	0.6728	0.6752
0.6051	0.6062	0.6011	0.6032
0.5402	0.5417	0.5380	0.5391
0.4839	0.4851	0.4813	0.4828
0.4340	0.4344	0.4325	0.4330
0.3895	0.3902	0.3882	0.3893
0.3505	0.3500	0.3494	0.3501
0.3161	0.3160	0.3154	0.3158
0.2852	0.2856	0.2848	0.2846
0.2580	0.2587	0.2581	0.2578
0.2344	0.2345	0.2342	0.2344
0.2132	0.2139	0.2134	0.2132
0.1949	0.1952	0.1947	0.1949
0.1787	0.1786	0.1785	0.1787
0.1640	0.1640	0.1639	0.1640
0.1505	0.1508	0.1507	0.1505
0.1396	0.1397	0.1396	0.1396
0.1299	0.1299	0.1299	0.1299
0.1213	0.1210	0.1210	0.1213
0.1134	0.1136	0.1135	0.1134
0.1049	0.1052	0.1052	0.1049
0.1015	0.1011	0.1011	0.1015
0.0936	0.0936	0.0936	0.0936
0.0914	0.0915	0.0915	0.0914
0.0836	0.0838	0.0838	0.0836
0.0836	0.0836	0.0836	0.0836
0.0787	0.0786	0.0786	0.0787
0.0737	0.0736	0.0736	0.0737
0.0736	0.0736	0.0736	0.0736
0.0736	0.0733	0.0733	0.0736
0.0696	0.0694	0.0694	0.0696
0.0638	0.0640	0.0640	0.0638
0.0636	0.0636	0.0636	0.0636
0.0636	0.0636	0.0636	0.0636
0.0636	0.0636	0.0636	0.0636
0.0636	0.0636	0.0636	0.0636
0.0636	0.0636	0.0636	0.0636
0.0633	0.0629	0.0629	0.0633
0.0622	0.0623	0.0623	0.0622
0.0575	0.0593	0.0593	0.0575
0.0548	0.0549	0.0549	0.0548
0.0545	0.0540	0.0540	0.0545
0.0539	0.0542	0.0542	0.0539
0.0535	0.0540	0.0540	0.0535
0.0537	0.0536	0.0536	0.0537
0.0536	0.0536	0.0536	0.0536
0.0536	0.0537	0.0537	0.0536
0.0536	0.0536	0.0536	0.0536
0.0536	0.0536	0.0536	0.0536
0.0535	0.0537	0.0537	0.0535
0.0536	0.0536	0.0536	0.0536
0.0536	0.0536	0.0536	0.0536
0.0536	0.0536	0.0536	0.0536
0.0536	0.0536	0.0536	0.0536
0.0538	0.0534	0.0534	0.0538
0.0536	0.0536	0.0536	0.0536
0.0536	0.0536	0.0536	0.0536
0.0536	0.0536	0.0536	0.0536
0.0536	0.0536	0.0536	0.0536
0.0536	0.0536	0.0536	0.0536
0.0536	0.0536	0.0536	0.0536
0.0535	0.0537	0.0537	0.0535
0.0536	0.0536	0.0536	0.0536
0.0535	0.0537	0.0537	0.0535
0.0536	0.0536	0.0536	0.0536
0.0538	0.0534	0.0534	0.0538
0.0535	0.0537	0.0537	0.0535
0.0537	0.0535	0.0535	0.0537
0.0534	0.0538	0.0538	0.0534
0.0537	0.0535	0.0535	0.0537
0.0536	0.0536	0.0536	0.0536
0.0536	0.0536	0.0536	0.0536
0.0536	0.0536	0.0536	0.0536
0.0537	0.0535	0.0535	0.0537
0.0533	0.0539	0.0539	0.0533
0.0536	0.0536	0.0536	0.0536
0.0536	0.0536	0.0536	0.0536
0.0536	0.0536	0.0536	0.0536
0.0536	0.0536	0.0536	0.0536
0.0536	0.0536	0.0536	0.0536
0.0536	0.0536	0.0536	0.0536
0.0536	0.0536	0.0536	0.0536
0.0536	0.0536	0.0536	0.0536
0.0536	0.0536	0.0536	0.0536
0.0536	0.0536	0.0536	0.0536
0.0536	0.0536	0.0536	0.0536
0.0536	0.0536	0.0536	0.0536
0.0536	0.0536	0.0536	0.0536
0.0536	0.0536	0.0536	0.0536
