6.3184	6.3874	6.3702	6.4181
4.9969	5.0237	5.0154	5.0421
4.3559	4.3753	4.3700	4.3891
3.8480	3.8624	3.8583	3.8733
3.4067	3.4176	3.4148	3.4257
3.0176	3.0273	3.0243	3.0317
2.6739	2.6806	2.6784	2.6849
2.3702	2.3748	2.3733	2.3781
2.1011	2.1047	2.1036	2.1076
1.8638	1.8659	1.8656	1.8681
1.6536	1.6551	1.6545	1.6570
1.4678	1.4689	1.4688	1.4702
1.3035	1.3047	1.3042	1.3054
1.1581	1.1588	1.1586	1.1593
1.0299	1.0304	1.0302	1.0311
0.9167	0.9169	0.9166	0.9174
0.8159	0.8166	0.8165	0.8170
0.7275	0.7274	0.7274	0.7281
0.6490	0.6494	0.6494	0.6492
0.5799	0.5803	0.5802	0.5802
0.5188	0.5189	0.5189	0.5191
0.4649	0.4647	0.4646	0.4651
0.4168	0.4167	0.4167	0.4171
0.3746	0.3748	0.3748	0.3746
0.3375	0.3371	0.3371	0.3376
0.3046	0.3049	0.3049	0.3046
0.2747	0.2748	0.2748	0.2748
0.2493	0.2498	0.2498	0.2493
0.2262	0.2266	0.2266	0.2262
0.2067	0.2066	0.2066	0.2068
0.1886	0.1887	0.1887	0.1886
0.1728	0.1729	0.1729	0.1729
0.1591	0.1589	0.1589	0.1592
0.1474	0.1467	0.1467	0.1474
0.1362	0.1361	0.1361	0.1362
0.1264	0.1263	0.1263	0.1264
0.1176	0.1179	0.1179	0.1176
0.1113	0.1114	0.1114	0.1113
0.1036	0.1037	0.1037	0.1036
0.0972	0.0973	0.0973	0.0972
0.0936	0.0936	0.0936	0.0936
0.0883	0.0875	0.0875	0.0883
0.0836	0.0836	0.0836	0.0836
0.0833	0.0834	0.0834	0.0833
0.0754	0.0755	0.0755	0.0754
0.0736	0.0736	0.0736	0.0736
0.0736	0.0735	0.0735	0.0736
0.0733	0.0733	0.0733	0.0733
0.0671	0.0664	0.0664	0.0671
0.0636	0.0639	0.0639	0.0636
0.0636	0.0636	0.0636	0.0636
0.0638	0.0634	0.0634	0.0638
0.0636	0.0636	0.0636	0.0636
0.0635	0.0636	0.0636	0.0635
0.0636	0.0635	0.0635	0.0636
0.0632	0.0632	0.0632	0.0632
0.0607	0.0619	0.0619	0.0607
0.0570	0.0565	0.0565	0.0570
0.0550	0.0542	0.0542	0.0550
0.0544	0.0541	0.0541	0.0544
0.0538	0.0538	0.0538	0.0538
0.0538	0.0535	0.0535	0.0538
0.0536	0.0536	0.0536	0.0536
0.0536	0.0536	0.0536	0.0536
0.0536	0.0537	0.0537	0.0536
0.0536	0.0536	0.0536	0.0536
0.0536	0.0536	0.0536	0.0536
0.0536	0.0536	0.0536	0.0536
0.0536	0.0536	0.0536	0.0536
0.0536	0.0536	0.0536	0.0536
0.0536	0.0536	0.0536	0.0536
0.0536	0.0536	0.0536	0.0536
0.0532	0.0540	0.0540	0.0532
0.0536	0.0536	0.0536	0.0536
0.0536	0.0536	0.0536	0.0536
0.0536	0.0536	0.0536	0.0536
0.0536	0.0536	0.0536	0.0536
0.0536	0.0536	0.0536	0.0536
0.0543	0.0529	0.0529	0.0543
0.0535	0.0537	0.0537	0.0535
0.0536	0.0536	0.0536	0.0536
0.0536	0.0536	0.0536	0.0536
0.0537	0.0535	0.0535	0.0537
0.0536	0.0536	0.0536	0.0536
0.0536	0.0536	0.0536	0.0536
0.0536	0.0536	0.0536	0.0536
0.0536	0.0536	0.0536	0.0536
0.0536	0.0536	0.0536	0.0536
0.0536	0.0536	0.0536	0.0536
0.0535	0.0537	0.0537	0.0535
0.0536	0.0536	0.0536	0.0536
0.0536	0.0536	0.0536	0.0536
0.0536	0.0536	0.0536	0.0536
0.0536	0.0536	0.0536	0.0536
0.0536	0.0536	0.0536	0.0536
0.0536	0.0536	0.0536	0.0536
0.0536	0.0536	0.0536	0.0536
0.0536	0.0536	0.0536	0.0536
0.0536	0.0536	0.0536	0.0536
0.0537	0.0535	0.0535	0.0537
