1.9665	1.8403	1.8403	1.7333
1.5148	1.4613	1.4613	1.4082
1.3167	1.2778	1.2778	1.2385
1.1622	1.1330	1.1330	1.1032
1.0295	1.0071	1.0071	0.9844
0.9126	0.8956	0.8956	0.8790
0.8102	0.7977	0.7977	0.7854
0.7211	0.7114	0.7114	0.7024
0.6419	0.6352	0.6352	0.6277
0.5727	0.5671	0.5671	0.5623
0.5117	0.5078	0.5078	0.5033
0.4579	0.4549	0.4549	0.4518
0.4106	0.4082	0.4082	0.4056
0.3685	0.3668	0.3668	0.3654
0.3315	0.3302	0.3302	0.3289
0.2991	0.2981	0.2981	0.2976
0.2710	0.2698	0.2698	0.2693
0.2453	0.2445	0.2445	0.2442
0.2229	0.2225	0.2225	0.2221
0.2031	0.2028	0.2028	0.2025
0.1860	0.1861	0.1861	0.1853
0.1700	0.1696	0.1696	0.1698
0.1569	0.1571	0.1571	0.1567
0.1452	0.1449	0.1449	0.1449
0.1344	0.1342	0.1342	0.1340
0.1244	0.1243	0.1243	0.1244
0.1160	0.1156	0.1156	0.1160
0.1094	0.1089	0.1089	0.1094
0.1035	0.1035	0.1035	0.1035
0.0958	0.0950	0.0950	0.0958
0.0936	0.0935	0.0935	0.0936
0.0859	0.0861	0.0861	0.0859
0.0836	0.0836	0.0836	0.0836
0.0823	0.0826	0.0826	0.0823
0.0738	0.0743	0.0743	0.0738
0.0736	0.0736	0.0736	0.0736
0.0736	0.0736	0.0736	0.0736
0.0727	0.0726	0.0726	0.0727
0.0657	0.0652	0.0652	0.0657
0.0636	0.0636	0.0636	0.0636
0.0636	0.0636	0.0636	0.0636
0.0636	0.0636	0.0636	0.0636
0.0636	0.0636	0.0636	0.0636
0.0636	0.0636	0.0636	0.0636
0.0635	0.0635	0.0635	0.0635
0.0630	0.0619	0.0619	0.0630
0.0609	0.0603	0.0603	0.0609
0.0567	0.0561	0.0561	0.0567
0.0548	0.0541	0.0541	0.0548
0.0539	0.0541	0.0541	0.0539
0.0539	0.0536	0.0536	0.0539
0.0536	0.0536	0.0536	0.0536
0.0536	0.0536	0.0536	0.0536
0.0536	0.0537	0.0537	0.0536
0.0536	0.0536	0.0536	0.0536
0.0536	0.0536	0.0536	0.0536
0.0536	0.0536	0.0536	0.0536
0.0536	0.0536	0.0536	0.0536
0.0536	0.0536	0.0536	0.0536
0.0536	0.0536	0.0536	0.0536
0.0536	0.0536	0.0536	0.0536
0.0537	0.0535	0.0535	0.0537
0.0535	0.0537	0.0537	0.0535
0.0536	0.0536	0.0536	0.0536
0.0539	0.0533	0.0533	0.0539
0.0536	0.0536	0.0536	0.0536
0.0536	0.0536	0.0536	0.0536
0.0536	0.0536	0.0536	0.0536
0.0536	0.0536	0.0536	0.0536
0.0536	0.0536	0.0536	0.0536
0.0536	0.0536	0.0536	0.0536
0.0536	0.0536	0.0536	0.0536
0.0536	0.0536	0.0536	0.0536
0.0536	0.0536	0.0536	0.0536
0.0536	0.0536	0.0536	0.0536
0.0536	0.0536	0.0536	0.0536
0.0536	0.0536	0.0536	0.0536
0.0536	0.0536	0.0536	0.0536
0.0536	0.0536	0.0536	0.0536
0.0536	0.0536	0.0536	0.0536
0.0536	0.0536	0.0536	0.0536
0.0536	0.0536	0.0536	0.0536
0.0536	0.0536	0.0536	0.0536
0.0536	0.0536	0.0536	0.0536
0.0536	0.0536	0.0536	0.0536
0.0536	0.0536	0.0536	0.0536
0.0536	0.0536	0.0536	0.0536
0.0536	0.0536	0.0536	0.0536
0.0535	0.0537	0.0537	0.0535
0.0536	0.0536	0.0536	0.0536
0.0536	0.0536	0.0536	0.0536
0.0536	0.0536	0.0536	0.0536
0.0536	0.0536	0.0536	0.0536
0.0536	0.0536	0.0536	0.0536
0.0535	0.0537	0.0537	0.0535
0.0536	0.0536	0.0536	0.0536
0.0536	0.0536	0.0536	0.0536
0.0535	0.0537	0.0537	0.0535
0.0536	0.0536	0.0536	0.0536
0.0536	0.0536	0.0536	0.0536
