3.1826	3.1588	2.9855	2.9647
2.4763	2.4665	2.3864	2.3761
2.1538	2.1467	2.0879	2.0803
1.9003	1.8946	1.8505	1.8449
1.6811	1.6771	1.6436	1.6393
1.4888	1.4857	1.4607	1.4582
1.3195	1.3177	1.2991	1.2963
1.1711	1.1691	1.1554	1.1534
1.0401	1.0387	1.0281	1.0267
0.9243	0.9233	0.9156	0.9143
0.8225	0.8219	0.8159	0.8154
0.7326	0.7323	0.7277	0.7274
0.6546	0.6513	0.6480	0.6504
0.5833	0.5829	0.5805	0.5802
0.5215	0.5210	0.5190	0.5194
0.4670	0.4667	0.4654	0.4653
0.4187	0.4183	0.4173	0.4178
0.3762	0.3761	0.3748	0.3754
0.3384	0.3382	0.3380	0.3380
0.3054	0.3057	0.3051	0.3049
0.2759	0.2762	0.2755	0.2754
0.2503	0.2506	0.2503	0.2498
0.2272	0.2272	0.2272	0.2267
0.2074	0.2072	0.2070	0.2073
0.1892	0.1889	0.1889	0.1892
0.1734	0.1737	0.1737	0.1732
0.1595	0.1592	0.1592	0.1594
0.1474	0.1475	0.1473	0.1472
0.1365	0.1361	0.1361	0.1364
0.1266	0.1263	0.1263	0.1266
0.1176	0.1183	0.1183	0.1176
0.1113	0.1117	0.1117	0.1113
0.1030	0.1041	0.1041	0.1030
0.0976	0.0976	0.0975	0.0976
0.0936	0.0936	0.0936	0.0936
0.0881	0.0879	0.0879	0.0881
0.0836	0.0836	0.0836	0.0836
0.0832	0.0833	0.0833	0.0832
0.0752	0.0752	0.0752	0.0752
0.0736	0.0736	0.0736	0.0736
0.0736	0.0736	0.0736	0.0736
0.0733	0.0731	0.0731	0.0733
0.0669	0.0669	0.0669	0.0669
0.0637	0.0636	0.0636	0.0637
0.0636	0.0636	0.0636	0.0636
0.0636	0.0636	0.0636	0.0636
0.0636	0.0636	0.0636	0.0636
0.0636	0.0636	0.0636	0.0636
0.0635	0.0636	0.0636	0.0635
0.0626	0.0624	0.0624	0.0626
0.0616	0.0623	0.0623	0.0616
0.0563	0.0569	0.0569	0.0563
0.0552	0.0549	0.0549	0.0552
0.0539	0.0546	0.0546	0.0539
0.0536	0.0537	0.0537	0.0536
0.0536	0.0536	0.0536	0.0536
0.0536	0.0536	0.0536	0.0536
0.0536	0.0536	0.0536	0.0536
0.0536	0.0536	0.0536	0.0536
0.0537	0.0535	0.0535	0.0537
0.0535	0.0537	0.0537	0.0535
0.0536	0.0536	0.0536	0.0536
0.0536	0.0536	0.0536	0.0536
0.0536	0.0536	0.0536	0.0536
0.0536	0.0536	0.0536	0.0536
0.0536	0.0536	0.0536	0.0536
0.0536	0.0536	0.0536	0.0536
0.0536	0.0536	0.0536	0.0536
0.0536	0.0536	0.0536	0.0536
0.0536	0.0536	0.0536	0.0536
0.0536	0.0536	0.0536	0.0536
0.0536	0.0536	0.0536	0.0536
0.0535	0.0537	0.0537	0.0535
0.0535	0.0537	0.0537	0.0535
0.0536	0.0536	0.0536	0.0536
0.0536	0.0536	0.0536	0.0536
0.0536	0.0536	0.0536	0.0536
0.0536	0.0536	0.0536	0.0536
0.0536	0.0536	0.0536	0.0536
0.0536	0.0536	0.0536	0.0536
0.0538	0.0534	0.0534	0.0538
0.0536	0.0536	0.0536	0.0536
0.0536	0.0536	0.0536	0.0536
0.0536	0.0536	0.0536	0.0536
0.0536	0.0536	0.0536	0.0536
0.0536	0.0536	0.0536	0.0536
0.0536	0.0536	0.0536	0.0536
0.0536	0.0536	0.0536	0.0536
0.0536	0.0536	0.0536	0.0536
0.0537	0.0535	0.0535	0.0537
0.0536	0.0536	0.0536	0.0536
0.0536	0.0536	0.0536	0.0536
0.0535	0.0537	0.0537	0.0535
0.0536	0.0536	0.0536	0.0536
0.0536	0.0536	0.0536	0.0536
0.0539	0.0533	0.0533	0.0539
0.0536	0.0536	0.0536	0.0536
0.0536	0.0536	0.0536	0.0536
0.0536	0.0536	0.0536	0.0536
0.0536	0.0536	0.0536	0.0536
