4.9073	4.8069	4.9507	4.8426
3.8579	3.8112	3.8759	3.8288
3.3605	3.3259	3.3734	3.3390
2.9667	2.9410	2.9766	2.9509
2.6257	2.6072	2.6332	2.6138
2.3257	2.3112	2.3312	2.3168
2.0610	2.0504	2.0650	2.0545
1.8270	1.8191	1.8304	1.8221
1.6203	1.6142	1.6227	1.6167
1.4383	1.4331	1.4396	1.4352
1.2764	1.2732	1.2783	1.2747
1.1345	1.1319	1.1356	1.1334
1.0087	1.0067	1.0096	1.0076
0.8975	0.8959	0.8983	0.8968
0.7993	0.7986	0.7998	0.7984
0.7125	0.7117	0.7128	0.7120
0.6361	0.6354	0.6361	0.6355
0.5682	0.5677	0.5683	0.5679
0.5084	0.5080	0.5083	0.5083
0.4552	0.4553	0.4557	0.4552
0.4087	0.4084	0.4086	0.4086
0.3675	0.3676	0.3678	0.3675
0.3308	0.3307	0.3308	0.3308
0.2988	0.2986	0.2986	0.2987
0.2703	0.2701	0.2701	0.2703
0.2451	0.2446	0.2446	0.2450
0.2230	0.2225	0.2225	0.2230
0.2033	0.2031	0.2032	0.2033
0.1861	0.1862	0.1863	0.1861
0.1698	0.1698	0.1698	0.1698
0.1569	0.1570	0.1570	0.1569
0.1446	0.1454	0.1454	0.1446
0.1339	0.1342	0.1342	0.1339
0.1244	0.1245	0.1245	0.1243
0.1163	0.1158	0.1158	0.1163
0.1092	0.1098	0.1098	0.1092
0.1036	0.1036	0.1036	0.1036
0.0958	0.0955	0.0955	0.0958
0.0934	0.0936	0.0936	0.0934
0.0879	0.0841	0.0841	0.0879
0.0836	0.0836	0.0836	0.0836
0.0825	0.0828	0.0828	0.0825
0.0744	0.0742	0.0742	0.0744
0.0736	0.0736	0.0736	0.0736
0.0736	0.0736	0.0736	0.0736
0.0728	0.0731	0.0731	0.0728
0.0655	0.0658	0.0658	0.0655
0.0637	0.0636	0.0636	0.0637
0.0636	0.0636	0.0636	0.0636
0.0636	0.0636	0.0636	0.0636
0.0636	0.0636	0.0636	0.0636
0.0636	0.0636	0.0636	0.0636
0.0636	0.0633	0.0633	0.0636
0.0631	0.0631	0.0631	0.0631
0.0604	0.0609	0.0609	0.0604
0.0562	0.0563	0.0563	0.0562
0.0541	0.0550	0.0550	0.0541
0.0542	0.0544	0.0544	0.0542
0.0537	0.0538	0.0538	0.0537
0.0536	0.0536	0.0536	0.0536
0.0536	0.0536	0.0536	0.0536
0.0536	0.0536	0.0536	0.0536
0.0536	0.0536	0.0536	0.0536
0.0536	0.0536	0.0536	0.0536
0.0536	0.0536	0.0536	0.0536
0.0536	0.0536	0.0536	0.0536
0.0535	0.0537	0.0537	0.0535
0.0536	0.0536	0.0536	0.0536
0.0536	0.0536	0.0536	0.0536
0.0536	0.0536	0.0536	0.0536
0.0540	0.0533	0.0533	0.0540
0.0537	0.0535	0.0535	0.0537
0.0536	0.0536	0.0536	0.0536
0.0536	0.0536	0.0536	0.0536
0.0536	0.0536	0.0536	0.0536
0.0536	0.0536	0.0536	0.0536
0.0536	0.0537	0.0537	0.0536
0.0536	0.0536	0.0536	0.0536
0.0536	0.0536	0.0536	0.0536
0.0536	0.0536	0.0536	0.0536
0.0536	0.0536	0.0536	0.0536
0.0536	0.0536	0.0536	0.0536
0.0535	0.0537	0.0537	0.0535
0.0536	0.0536	0.0536	0.0536
0.0536	0.0536	0.0536	0.0536
0.0534	0.0538	0.0538	0.0534
0.0542	0.0530	0.0530	0.0542
0.0536	0.0536	0.0536	0.0536
0.0536	0.0536	0.0536	0.0536
0.0536	0.0536	0.0536	0.0536
0.0536	0.0536	0.0536	0.0536
0.0536	0.0536	0.0536	0.0536
0.0536	0.0536	0.0536	0.0536
0.0536	0.0536	0.0536	0.0536
0.0536	0.0536	0.0536	0.0536
0.0536	0.0536	0.0536	0.0536
0.0536	0.0536	0.0536	0.0536
0.0536	0.0536	0.0536	0.0536
0.0536	0.0536	0.0536	0.0536
0.0536	0.0536	0.0536	0.0536
