2.2084	2.0792	2.3600	2.2084
1.7510	1.6865	1.8159	1.7510
1.5299	1.4826	1.5771	1.5299
1.3550	1.3190	1.3903	1.3550
1.2033	1.1764	1.2297	1.2033
1.0697	1.0490	1.0892	1.0697
0.9510	0.9360	0.9664	0.9510
0.8469	0.8355	0.8580	0.8469
0.7545	0.7461	0.7629	0.7545
0.6734	0.6664	0.6797	0.6734
0.6011	0.5959	0.6057	0.6011
0.5372	0.5341	0.5408	0.5372
0.4807	0.4783	0.4838	0.4807
0.4314	0.4295	0.4336	0.4314
0.3876	0.3859	0.3893	0.3876
0.3488	0.3477	0.3495	0.3488
0.3148	0.3131	0.3154	0.3148
0.2853	0.2819	0.2830	0.2853
0.2569	0.2564	0.2576	0.2569
0.2329	0.2337	0.2344	0.2329
0.2125	0.2125	0.2128	0.2125
0.1942	0.1939	0.1943	0.1942
0.1778	0.1778	0.1781	0.1778
0.1629	0.1633	0.1635	0.1629
0.1503	0.1501	0.1502	0.1503
0.1392	0.1394	0.1395	0.1392
0.1293	0.1298	0.1299	0.1293
0.1211	0.1207	0.1209	0.1211
0.1134	0.1135	0.1135	0.1134
0.1048	0.1048	0.1048	0.1048
0.1006	0.1014	0.1014	0.1006
0.0936	0.0936	0.0936	0.0936
0.0910	0.0911	0.0911	0.0910
0.0837	0.0836	0.0836	0.0837
0.0835	0.0835	0.0835	0.0835
0.0781	0.0784	0.0785	0.0781
0.0737	0.0736	0.0736	0.0737
0.0736	0.0736	0.0736	0.0736
0.0734	0.0735	0.0735	0.0734
0.0696	0.0684	0.0684	0.0696
0.0639	0.0642	0.0642	0.0639
0.0636	0.0636	0.0636	0.0636
0.0636	0.0636	0.0636	0.0636
0.0636	0.0636	0.0636	0.0636
0.0636	0.0636	0.0636	0.0636
0.0636	0.0636	0.0636	0.0636
0.0627	0.0634	0.0634	0.0627
0.0622	0.0619	0.0619	0.0622
0.0581	0.0585	0.0585	0.0581
0.0551	0.0552	0.0552	0.0551
0.0541	0.0549	0.0549	0.0541
0.0537	0.0537	0.0537	0.0537
0.0536	0.0537	0.0537	0.0536
0.0536	0.0536	0.0536	0.0536
0.0537	0.0536	0.0536	0.0537
0.0536	0.0536	0.0536	0.0536
0.0536	0.0536	0.0536	0.0536
0.0536	0.0536	0.0536	0.0536
0.0536	0.0536	0.0536	0.0536
0.0536	0.0536	0.0536	0.0536
0.0536	0.0536	0.0536	0.0536
0.0536	0.0536	0.0536	0.0536
0.0537	0.0535	0.0535	0.0537
0.0536	0.0536	0.0536	0.0536
0.0536	0.0537	0.0537	0.0536
0.0536	0.0536	0.0536	0.0536
0.0536	0.0536	0.0536	0.0536
0.0536	0.0536	0.0536	0.0536
0.0537	0.0535	0.0535	0.0537
0.0537	0.0535	0.0535	0.0537
0.0536	0.0536	0.0536	0.0536
0.0536	0.0536	0.0536	0.0536
0.0536	0.0536	0.0536	0.0536
0.0536	0.0536	0.0536	0.0536
0.0536	0.0536	0.0536	0.0536
0.0537	0.0536	0.0536	0.0537
0.0536	0.0536	0.0536	0.0536
0.0536	0.0536	0.0536	0.0536
0.0536	0.0536	0.0536	0.0536
0.0536	0.0536	0.0536	0.0536
0.0537	0.0535	0.0535	0.0537
0.0536	0.0536	0.0536	0.0536
0.0536	0.0536	0.0536	0.0536
0.0535	0.0537	0.0537	0.0535
0.0538	0.0534	0.0534	0.0538
0.0537	0.0535	0.0535	0.0537
0.0536	0.0536	0.0536	0.0536
0.0536	0.0536	0.0536	0.0536
0.0537	0.0535	0.0535	0.0537
0.0537	0.0535	0.0535	0.0537
0.0536	0.0536	0.0536	0.0536
0.0535	0.0537	0.0537	0.0535
0.0536	0.0536	0.0536	0.0536
0.0536	0.0536	0.0536	0.0536
0.0536	0.0536	0.0536	0.0536
0.0536	0.0536	0.0536	0.0536
0.0536	0.0536	0.0536	0.0536
0.0536	0.0536	0.0536	0.0536
0.0536	0.0536	0.0536	0.0536
0.0536	0.0536	0.0536	0.0536
