3.0982	3.1899	3.0393	3.0982
2.4523	2.4869	2.4178	2.4523
2.1399	2.1649	2.1145	2.1399
1.8924	1.9115	1.8734	1.8924
1.6780	1.6920	1.6635	1.6780
1.4891	1.4998	1.4780	1.4891
1.3223	1.3302	1.3140	1.3223
1.1743	1.1805	1.1685	1.1743
1.0438	1.0485	1.0396	1.0438
0.9290	0.9326	0.9253	0.9290
0.8273	0.8300	0.8246	0.8273
0.7367	0.7397	0.7354	0.7367
0.6576	0.6590	0.6563	0.6576
0.5875	0.5888	0.5862	0.5875
0.5256	0.5265	0.5247	0.5256
0.4704	0.4712	0.4698	0.4704
0.4222	0.4226	0.4215	0.4222
0.3789	0.3797	0.3790	0.3789
0.3412	0.3412	0.3409	0.3412
0.3082	0.3081	0.3078	0.3082
0.2784	0.2783	0.2779	0.2784
0.2524	0.2523	0.2522	0.2524
0.2296	0.2296	0.2294	0.2296
0.2086	0.2087	0.2086	0.2086
0.1902	0.1906	0.1903	0.1902
0.1753	0.1750	0.1750	0.1753
0.1600	0.1600	0.1600	0.1600
0.1480	0.1481	0.1481	0.1480
0.1372	0.1369	0.1369	0.1372
0.1274	0.1277	0.1275	0.1274
0.1186	0.1185	0.1185	0.1186
0.1124	0.1122	0.1122	0.1124
0.1036	0.1036	0.1036	0.1036
0.0987	0.0987	0.0987	0.0987
0.0936	0.0936	0.0936	0.0936
0.0885	0.0885	0.0885	0.0885
0.0835	0.0837	0.0837	0.0835
0.0836	0.0834	0.0834	0.0836
0.0765	0.0768	0.0768	0.0765
0.0736	0.0736	0.0736	0.0736
0.0736	0.0736	0.0736	0.0736
0.0730	0.0736	0.0736	0.0730
0.0681	0.0675	0.0675	0.0681
0.0638	0.0638	0.0638	0.0638
0.0636	0.0636	0.0636	0.0636
0.0636	0.0636	0.0636	0.0636
0.0636	0.0636	0.0636	0.0636
0.0636	0.0636	0.0636	0.0636
0.0636	0.0635	0.0635	0.0636
0.0633	0.0630	0.0630	0.0633
0.0615	0.0611	0.0611	0.0615
0.0575	0.0573	0.0573	0.0575
0.0548	0.0554	0.0554	0.0548
0.0544	0.0542	0.0542	0.0544
0.0536	0.0537	0.0537	0.0536
0.0536	0.0536	0.0536	0.0536
0.0536	0.0536	0.0536	0.0536
0.0536	0.0536	0.0536	0.0536
0.0536	0.0536	0.0536	0.0536
0.0536	0.0536	0.0536	0.0536
0.0536	0.0536	0.0536	0.0536
0.0536	0.0536	0.0536	0.0536
0.0536	0.0536	0.0536	0.0536
0.0536	0.0536	0.0536	0.0536
0.0536	0.0536	0.0536	0.0536
0.0536	0.0536	0.0536	0.0536
0.0536	0.0536	0.0536	0.0536
0.0536	0.0536	0.0536	0.0536
0.0535	0.0537	0.0537	0.0535
0.0536	0.0536	0.0536	0.0536
0.0538	0.0534	0.0534	0.0538
0.0536	0.0536	0.0536	0.0536
0.0536	0.0536	0.0536	0.0536
0.0536	0.0536	0.0536	0.0536
0.0536	0.0536	0.0536	0.0536
0.0536	0.0536	0.0536	0.0536
0.0536	0.0536	0.0536	0.0536
0.0536	0.0536	0.0536	0.0536
0.0536	0.0536	0.0536	0.0536
0.0535	0.0537	0.0537	0.0535
0.0536	0.0536	0.0536	0.0536
0.0536	0.0536	0.0536	0.0536
0.0536	0.0536	0.0536	0.0536
0.0536	0.0536	0.0536	0.0536
0.0536	0.0536	0.0536	0.0536
0.0536	0.0536	0.0536	0.0536
0.0536	0.0536	0.0536	0.0536
0.0536	0.0536	0.0536	0.0536
0.0536	0.0536	0.0536	0.0536
0.0536	0.0536	0.0536	0.0536
0.0536	0.0536	0.0536	0.0536
0.0536	0.0536	0.0536	0.0536
0.0536	0.0536	0.0536	0.0536
0.0536	0.0536	0.0536	0.0536
0.0535	0.0537	0.0537	0.0535
0.0536	0.0536	0.0536	0.0536
0.0537	0.0535	0.0535	0.0537
0.0536	0.0536	0.0536	0.0536
0.0536	0.0536	0.0536	0.0536
0.0535	0.0537	0.0537	0.0535
