2.6690	2.5032	2.6274	2.4671
2.0750	1.9997	2.0570	1.9820
1.8049	1.7500	1.7922	1.7371
1.5930	1.5515	1.5830	1.5418
1.4097	1.3790	1.4024	1.3718
1.2496	1.2265	1.2442	1.2205
1.1091	1.0914	1.1044	1.0870
0.9843	0.9716	0.9815	0.9684
0.8755	0.8653	0.8730	0.8632
0.7788	0.7718	0.7771	0.7695
0.6940	0.6884	0.6926	0.6872
0.6190	0.6150	0.6180	0.6136
0.5528	0.5499	0.5525	0.5490
0.4946	0.4920	0.4942	0.4917
0.4434	0.4412	0.4427	0.4411
0.3977	0.3962	0.3974	0.3958
0.3576	0.3566	0.3575	0.3567
0.3217	0.3210	0.3215	0.3210
0.2911	0.2902	0.2904	0.2904
0.2634	0.2629	0.2630	0.2630
0.2388	0.2386	0.2391	0.2387
0.2176	0.2168	0.2170	0.2173
0.1983	0.1985	0.1986	0.1982
0.1807	0.1808	0.1810	0.1807
0.1672	0.1670	0.1671	0.1672
0.1531	0.1532	0.1533	0.1531
0.1414	0.1416	0.1416	0.1414
0.1316	0.1317	0.1318	0.1316
0.1234	0.1232	0.1232	0.1233
0.1136	0.1137	0.1137	0.1136
0.1065	0.1070	0.1070	0.1065
0.1026	0.1031	0.1031	0.1026
0.0938	0.0940	0.0940	0.0938
0.0928	0.0930	0.0930	0.0927
0.0839	0.0838	0.0838	0.0839
0.0836	0.0836	0.0836	0.0836
0.0804	0.0804	0.0804	0.0804
0.0737	0.0737	0.0737	0.0737
0.0736	0.0736	0.0736	0.0736
0.0736	0.0736	0.0736	0.0736
0.0714	0.0713	0.0713	0.0713
0.0650	0.0639	0.0639	0.0650
0.0636	0.0636	0.0636	0.0636
0.0636	0.0636	0.0636	0.0636
0.0636	0.0636	0.0636	0.0636
0.0636	0.0636	0.0636	0.0636
0.0637	0.0635	0.0635	0.0637
0.0631	0.0633	0.0633	0.0631
0.0626	0.0629	0.0629	0.0626
0.0602	0.0597	0.0597	0.0602
0.0559	0.0551	0.0551	0.0559
0.0540	0.0543	0.0543	0.0540
0.0538	0.0539	0.0539	0.0538
0.0537	0.0538	0.0538	0.0537
0.0536	0.0536	0.0536	0.0536
0.0536	0.0536	0.0536	0.0536
0.0536	0.0536	0.0536	0.0536
0.0536	0.0536	0.0536	0.0536
0.0536	0.0536	0.0536	0.0536
0.0536	0.0536	0.0536	0.0536
0.0536	0.0536	0.0536	0.0536
0.0536	0.0536	0.0536	0.0536
0.0536	0.0536	0.0536	0.0536
0.0536	0.0536	0.0536	0.0536
0.0536	0.0536	0.0536	0.0536
0.0536	0.0536	0.0536	0.0536
0.0536	0.0536	0.0536	0.0536
0.0536	0.0536	0.0536	0.0536
0.0536	0.0536	0.0536	0.0536
0.0536	0.0536	0.0536	0.0536
0.0538	0.0534	0.0534	0.0538
0.0536	0.0536	0.0536	0.0536
0.0536	0.0536	0.0536	0.0536
0.0536	0.0536	0.0536	0.0536
0.0536	0.0536	0.0536	0.0536
0.0536	0.0536	0.0536	0.0536
0.0535	0.0537	0.0537	0.0535
0.0536	0.0536	0.0536	0.0536
0.0536	0.0536	0.0536	0.0536
0.0536	0.0536	0.0536	0.0536
0.0536	0.0536	0.0536	0.0536
0.0535	0.0537	0.0537	0.0535
0.0536	0.0536	0.0536	0.0536
0.0536	0.0536	0.0536	0.0536
0.0536	0.0536	0.0536	0.0536
0.0536	0.0536	0.0536	0.0536
0.0536	0.0536	0.0536	0.0536
0.0536	0.0536	0.0536	0.0536
0.0536	0.0536	0.0536	0.0536
0.0536	0.0536	0.0536	0.0536
0.0536	0.0536	0.0536	0.0536
0.0536	0.0536	0.0536	0.0536
0.0536	0.0536	0.0536	0.0536
0.0536	0.0536	0.0536	0.0536
0.0536	0.0536	0.0536	0.0536
0.0536	0.0536	0.0536	0.0536
0.0537	0.0535	0.0535	0.0537
0.0536	0.0536	0.0536	0.0536
0.0536	0.0536	0.0536	0.0536
0.0535	0.0537	0.0537	0.0535
