2.0387	1.9196	2.1788	2.0387
1.6177	1.5584	1.6773	1.6177
1.4139	1.3706	1.4575	1.4139
1.2528	1.2198	1.2853	1.2528
1.1129	1.0876	1.1374	1.1129
0.9897	0.9708	1.0080	0.9897
0.8809	0.8667	0.8946	0.8809
0.7846	0.7741	0.7949	0.7846
0.6996	0.6916	0.7072	0.6996
0.6244	0.6182	0.6300	0.6244
0.5582	0.5537	0.5624	0.5582
0.4993	0.4962	0.5027	0.4993
0.4478	0.4450	0.4498	0.4478
0.4018	0.4002	0.4036	0.4018
0.3611	0.3595	0.3629	0.3611
0.3259	0.3247	0.3269	0.3259
0.2937	0.2931	0.2950	0.2937
0.2655	0.2650	0.2665	0.2655
0.2413	0.2413	0.2420	0.2413
0.2196	0.2191	0.2197	0.2196
0.1999	0.1998	0.2001	0.1999
0.1831	0.1828	0.1835	0.1831
0.1682	0.1680	0.1682	0.1682
0.1552	0.1553	0.1559	0.1552
0.1429	0.1424	0.1428	0.1429
0.1328	0.1328	0.1328	0.1328
0.1238	0.1236	0.1236	0.1238
0.1144	0.1144	0.1144	0.1144
0.1077	0.1077	0.1078	0.1077
0.1032	0.1034	0.1034	0.1032
0.0946	0.0942	0.0943	0.0946
0.0931	0.0934	0.0934	0.0931
0.0847	0.0845	0.0845	0.0847
0.0835	0.0837	0.0837	0.0835
0.0816	0.0810	0.0810	0.0816
0.0736	0.0740	0.0740	0.0736
0.0736	0.0736	0.0736	0.0736
0.0735	0.0736	0.0736	0.0735
0.0717	0.0719	0.0719	0.0717
0.0644	0.0644	0.0644	0.0644
0.0636	0.0636	0.0636	0.0636
0.0636	0.0636	0.0636	0.0636
0.0636	0.0636	0.0636	0.0636
0.0636	0.0636	0.0636	0.0636
0.0636	0.0636	0.0636	0.0636
0.0635	0.0635	0.0635	0.0635
0.0627	0.0623	0.0623	0.0627
0.0591	0.0605	0.0605	0.0591
0.0560	0.0558	0.0558	0.0560
0.0543	0.0546	0.0546	0.0543
0.0542	0.0540	0.0540	0.0542
0.0538	0.0538	0.0538	0.0538
0.0536	0.0536	0.0536	0.0536
0.0536	0.0536	0.0536	0.0536
0.0536	0.0536	0.0536	0.0536
0.0536	0.0536	0.0536	0.0536
0.0536	0.0536	0.0536	0.0536
0.0536	0.0537	0.0537	0.0536
0.0536	0.0536	0.0536	0.0536
0.0536	0.0536	0.0536	0.0536
0.0536	0.0536	0.0536	0.0536
0.0536	0.0536	0.0536	0.0536
0.0536	0.0536	0.0536	0.0536
0.0536	0.0536	0.0536	0.0536
0.0536	0.0536	0.0536	0.0536
0.0536	0.0536	0.0536	0.0536
0.0536	0.0536	0.0536	0.0536
0.0536	0.0536	0.0536	0.0536
0.0536	0.0536	0.0536	0.0536
0.0536	0.0536	0.0536	0.0536
0.0536	0.0536	0.0536	0.0536
0.0536	0.0536	0.0536	0.0536
0.0536	0.0536	0.0536	0.0536
0.0536	0.0536	0.0536	0.0536
0.0536	0.0536	0.0536	0.0536
0.0536	0.0536	0.0536	0.0536
0.0536	0.0536	0.0536	0.0536
0.0536	0.0536	0.0536	0.0536
0.0536	0.0536	0.0536	0.0536
0.0535	0.0537	0.0537	0.0535
0.0536	0.0536	0.0536	0.0536
0.0536	0.0536	0.0536	0.0536
0.0536	0.0536	0.0536	0.0536
0.0533	0.0539	0.0539	0.0533
0.0536	0.0536	0.0536	0.0536
0.0536	0.0536	0.0536	0.0536
0.0536	0.0536	0.0536	0.0536
0.0536	0.0536	0.0536	0.0536
0.0536	0.0536	0.0536	0.0536
0.0535	0.0537	0.0537	0.0535
0.0536	0.0536	0.0536	0.0536
0.0536	0.0536	0.0536	0.0536
0.0536	0.0536	0.0536	0.0536
0.0536	0.0536	0.0536	0.0536
0.0536	0.0536	0.0536	0.0536
0.0536	0.0536	0.0536	0.0536
0.0536	0.0536	0.0536	0.0536
0.0536	0.0536	0.0536	0.0536
0.0536	0.0536	0.0536	0.0536
0.0536	0.0536	0.0536	0.0536
