4.9815	5.1054	4.9570	5.0747
3.9425	3.9979	3.9300	3.9852
3.4386	3.4790	3.4294	3.4704
3.0390	3.0696	3.0319	3.0629
2.6926	2.7158	2.6874	2.7100
2.3865	2.4040	2.3826	2.4000
2.1158	2.1290	2.1132	2.1260
1.8773	1.8866	1.8748	1.8847
1.6654	1.6729	1.6636	1.6711
1.4783	1.4835	1.4774	1.4832
1.3132	1.3166	1.3119	1.3165
1.1667	1.1700	1.1662	1.1694
1.0377	1.0395	1.0368	1.0393
0.9232	0.9254	0.9229	0.9243
0.8224	0.8237	0.8217	0.8233
0.7327	0.7338	0.7328	0.7334
0.6542	0.6548	0.6535	0.6548
0.5843	0.5847	0.5841	0.5845
0.5223	0.5234	0.5223	0.5228
0.4678	0.4684	0.4677	0.4684
0.4204	0.4202	0.4199	0.4204
0.3771	0.3775	0.3773	0.3774
0.3395	0.3394	0.3393	0.3395
0.3064	0.3062	0.3062	0.3065
0.2767	0.2772	0.2772	0.2767
0.2513	0.2515	0.2515	0.2514
0.2280	0.2281	0.2281	0.2280
0.2080	0.2079	0.2079	0.2080
0.1894	0.1892	0.1891	0.1894
0.1740	0.1742	0.1741	0.1740
0.1595	0.1595	0.1595	0.1595
0.1478	0.1478	0.1478	0.1478
0.1369	0.1365	0.1365	0.1369
0.1268	0.1267	0.1267	0.1268
0.1184	0.1184	0.1184	0.1184
0.1122	0.1118	0.1118	0.1122
0.1036	0.1036	0.1036	0.1036
0.0981	0.0983	0.0983	0.0981
0.0936	0.0936	0.0936	0.0936
0.0886	0.0885	0.0885	0.0886
0.0836	0.0837	0.0837	0.0836
0.0835	0.0834	0.0834	0.0835
0.0758	0.0762	0.0762	0.0758
0.0736	0.0736	0.0736	0.0736
0.0735	0.0737	0.0737	0.0735
0.0731	0.0734	0.0734	0.0731
0.0674	0.0670	0.0670	0.0674
0.0638	0.0639	0.0639	0.0638
0.0636	0.0636	0.0636	0.0636
0.0636	0.0636	0.0636	0.0636
0.0637	0.0635	0.0635	0.0637
0.0636	0.0636	0.0636	0.0636
0.0635	0.0635	0.0635	0.0635
0.0627	0.0630	0.0630	0.0627
0.0614	0.0614	0.0614	0.0614
0.0568	0.0579	0.0579	0.0568
0.0555	0.0544	0.0544	0.0555
0.0541	0.0538	0.0538	0.0541
0.0537	0.0537	0.0537	0.0537
0.0536	0.0536	0.0536	0.0536
0.0512	0.0561	0.0561	0.0512
0.0536	0.0536	0.0536	0.0536
0.0538	0.0535	0.0535	0.0538
0.0536	0.0536	0.0536	0.0536
0.0536	0.0536	0.0536	0.0536
0.0536	0.0536	0.0536	0.0536
0.0536	0.0536	0.0536	0.0536
0.0536	0.0536	0.0536	0.0536
0.0536	0.0536	0.0536	0.0536
0.0548	0.0524	0.0524	0.0548
0.0536	0.0536	0.0536	0.0536
0.0536	0.0536	0.0536	0.0536
0.0536	0.0536	0.0536	0.0536
0.0545	0.0527	0.0527	0.0545
0.0536	0.0536	0.0536	0.0536
0.0536	0.0536	0.0536	0.0536
0.0537	0.0535	0.0535	0.0537
0.0540	0.0534	0.0534	0.0540
0.0536	0.0536	0.0536	0.0536
0.0536	0.0536	0.0536	0.0536
0.0536	0.0536	0.0536	0.0536
0.0536	0.0536	0.0536	0.0536
0.0536	0.0536	0.0536	0.0536
0.0536	0.0536	0.0536	0.0536
0.0536	0.0536	0.0536	0.0536
0.0536	0.0536	0.0536	0.0536
0.0535	0.0537	0.0537	0.0535
0.0536	0.0536	0.0536	0.0536
0.0536	0.0536	0.0536	0.0536
0.0536	0.0536	0.0536	0.0536
0.0536	0.0536	0.0536	0.0536
0.0536	0.0536	0.0536	0.0536
0.0536	0.0536	0.0536	0.0536
0.0537	0.0535	0.0535	0.0537
0.0536	0.0536	0.0536	0.0536
0.0536	0.0536	0.0536	0.0536
0.0536	0.0536	0.0536	0.0536
0.0536	0.0536	0.0536	0.0536
0.0537	0.0535	0.0535	0.0537
0.0536	0.0536	0.0536	0.0536
