2.0844	2.2137	2.2137	2.3660
1.6907	1.7557	1.7557	1.8197
1.4861	1.5337	1.5337	1.5810
1.3226	1.3582	1.3582	1.3935
1.1789	1.2058	1.2058	1.2325
1.0516	1.0717	1.0717	1.0919
0.9385	0.9537	0.9537	0.9685
0.8374	0.8488	0.8488	0.8604
0.7481	0.7564	0.7564	0.7649
0.6683	0.6746	0.6746	0.6813
0.5977	0.6021	0.6021	0.6073
0.5349	0.5384	0.5384	0.5422
0.4794	0.4822	0.4822	0.4849
0.4301	0.4323	0.4323	0.4343
0.3877	0.3877	0.3877	0.3903
0.3481	0.3493	0.3493	0.3506
0.3147	0.3153	0.3153	0.3160
0.2839	0.2845	0.2845	0.2850
0.2569	0.2576	0.2576	0.2583
0.2334	0.2340	0.2340	0.2341
0.2126	0.2131	0.2131	0.2129
0.1940	0.1944	0.1944	0.1945
0.1783	0.1780	0.1780	0.1783
0.1635	0.1638	0.1638	0.1637
0.1502	0.1504	0.1504	0.1505
0.1395	0.1393	0.1393	0.1396
0.1295	0.1296	0.1296	0.1297
0.1213	0.1211	0.1211	0.1214
0.1136	0.1135	0.1135	0.1136
0.1048	0.1045	0.1045	0.1048
0.1009	0.1005	0.1005	0.1010
0.0936	0.0936	0.0936	0.0936
0.0913	0.0913	0.0913	0.0914
0.0837	0.0837	0.0837	0.0837
0.0835	0.0837	0.0837	0.0835
0.0786	0.0787	0.0787	0.0786
0.0737	0.0736	0.0736	0.0737
0.0736	0.0736	0.0736	0.0736
0.0736	0.0736	0.0736	0.0736
0.0691	0.0695	0.0695	0.0691
0.0643	0.0642	0.0642	0.0643
0.0636	0.0636	0.0636	0.0636
0.0636	0.0636	0.0636	0.0636
0.0636	0.0636	0.0636	0.0636
0.0636	0.0636	0.0636	0.0636
0.0636	0.0636	0.0636	0.0636
0.0630	0.0634	0.0634	0.0630
0.0617	0.0621	0.0621	0.0617
0.0581	0.0589	0.0589	0.0581
0.0556	0.0549	0.0549	0.0556
0.0537	0.0546	0.0546	0.0537
0.0537	0.0538	0.0538	0.0537
0.0537	0.0538	0.0538	0.0537
0.0536	0.0537	0.0537	0.0536
0.0536	0.0536	0.0536	0.0536
0.0535	0.0538	0.0538	0.0535
0.0536	0.0536	0.0536	0.0536
0.0536	0.0536	0.0536	0.0536
0.0536	0.0536	0.0536	0.0536
0.0536	0.0536	0.0536	0.0536
0.0536	0.0536	0.0536	0.0536
0.0536	0.0536	0.0536	0.0536
0.0536	0.0536	0.0536	0.0536
0.0536	0.0536	0.0536	0.0536
0.0537	0.0536	0.0536	0.0537
0.0536	0.0536	0.0536	0.0536
0.0537	0.0536	0.0536	0.0537
0.0536	0.0536	0.0536	0.0536
0.0536	0.0536	0.0536	0.0536
0.0536	0.0537	0.0537	0.0536
0.0536	0.0536	0.0536	0.0536
0.0536	0.0536	0.0536	0.0536
0.0536	0.0536	0.0536	0.0536
0.0536	0.0536	0.0536	0.0536
0.0536	0.0536	0.0536	0.0536
0.0536	0.0536	0.0536	0.0536
0.0536	0.0536	0.0536	0.0536
0.0536	0.0536	0.0536	0.0536
0.0536	0.0536	0.0536	0.0536
0.0536	0.0536	0.0536	0.0536
0.0536	0.0536	0.0536	0.0536
0.0536	0.0536	0.0536	0.0536
0.0536	0.0536	0.0536	0.0536
0.0537	0.0535	0.0535	0.0537
0.0536	0.0536	0.0536	0.0536
0.0536	0.0536	0.0536	0.0536
0.0536	0.0536	0.0536	0.0536
0.0535	0.0537	0.0537	0.0535
0.0536	0.0536	0.0536	0.0536
0.0536	0.0536	0.0536	0.0536
0.0536	0.0536	0.0536	0.0536
0.0536	0.0536	0.0536	0.0536
0.0536	0.0536	0.0536	0.0536
0.0537	0.0535	0.0535	0.0537
0.0536	0.0536	0.0536	0.0536
0.0540	0.0532	0.0532	0.0540
0.0536	0.0536	0.0536	0.0536
0.0536	0.0536	0.0536	0.0536
0.0536	0.0536	0.0536	0.0536
0.0536	0.0536	0.0536	0.0536
