4.1516	4.1131	4.0083	3.9954
3.2433	3.2320	3.1841	3.1716
2.8230	2.8148	2.7792	2.7702
2.4910	2.4847	2.4584	2.4518
2.2043	2.1996	2.1791	2.1746
1.9521	1.9481	1.9336	1.9298
1.7294	1.7269	1.7157	1.7129
1.5339	1.5315	1.5234	1.5212
1.3612	1.3593	1.3530	1.3515
1.2081	1.2070	1.2022	1.2011
1.0733	1.0726	1.0689	1.0686
0.9543	0.9542	0.9511	0.9504
0.8494	0.8489	0.8471	0.8466
0.7566	0.7563	0.7550	0.7542
0.6749	0.6747	0.6732	0.6729
0.6024	0.6024	0.6019	0.6011
0.5386	0.5385	0.5376	0.5376
0.4823	0.4815	0.4812	0.4818
0.4322	0.4324	0.4320	0.4314
0.3881	0.3882	0.3880	0.3877
0.3490	0.3490	0.3487	0.3487
0.3151	0.3153	0.3151	0.3147
0.2842	0.2842	0.2841	0.2840
0.2574	0.2572	0.2572	0.2572
0.2337	0.2336	0.2336	0.2335
0.2126	0.2128	0.2128	0.2126
0.1944	0.1944	0.1944	0.1944
0.1784	0.1780	0.1780	0.1784
0.1633	0.1638	0.1638	0.1633
0.1499	0.1508	0.1508	0.1499
0.1396	0.1392	0.1392	0.1396
0.1296	0.1294	0.1294	0.1295
0.1211	0.1214	0.1214	0.1210
0.1135	0.1136	0.1136	0.1135
0.1043	0.1044	0.1044	0.1043
0.1008	0.1007	0.1007	0.1008
0.0937	0.0936	0.0936	0.0937
0.0913	0.0911	0.0911	0.0913
0.0838	0.0836	0.0836	0.0838
0.0836	0.0836	0.0836	0.0836
0.0780	0.0791	0.0791	0.0780
0.0737	0.0736	0.0736	0.0737
0.0736	0.0736	0.0736	0.0736
0.0736	0.0734	0.0734	0.0736
0.0691	0.0697	0.0697	0.0691
0.0640	0.0638	0.0638	0.0640
0.0636	0.0636	0.0636	0.0636
0.0636	0.0636	0.0636	0.0636
0.0636	0.0636	0.0636	0.0636
0.0636	0.0636	0.0636	0.0636
0.0636	0.0636	0.0636	0.0636
0.0633	0.0631	0.0631	0.0633
0.0620	0.0621	0.0621	0.0620
0.0592	0.0583	0.0583	0.0592
0.0551	0.0549	0.0549	0.0551
0.0538	0.0545	0.0545	0.0538
0.0538	0.0539	0.0539	0.0538
0.0537	0.0536	0.0536	0.0537
0.0536	0.0536	0.0536	0.0536
0.0536	0.0537	0.0537	0.0536
0.0536	0.0536	0.0536	0.0536
0.0536	0.0536	0.0536	0.0536
0.0536	0.0536	0.0536	0.0536
0.0535	0.0537	0.0537	0.0535
0.0536	0.0536	0.0536	0.0536
0.0536	0.0536	0.0536	0.0536
0.0537	0.0535	0.0535	0.0537
0.0536	0.0536	0.0536	0.0536
0.0536	0.0536	0.0536	0.0536
0.0536	0.0536	0.0536	0.0536
0.0536	0.0536	0.0536	0.0536
0.0536	0.0536	0.0536	0.0536
0.0536	0.0536	0.0536	0.0536
0.0536	0.0536	0.0536	0.0536
0.0536	0.0536	0.0536	0.0536
0.0536	0.0536	0.0536	0.0536
0.0536	0.0536	0.0536	0.0536
0.0536	0.0536	0.0536	0.0536
0.0536	0.0536	0.0536	0.0536
0.0536	0.0536	0.0536	0.0536
0.0536	0.0536	0.0536	0.0536
0.0536	0.0536	0.0536	0.0536
0.0536	0.0536	0.0536	0.0536
0.0536	0.0536	0.0536	0.0536
0.0536	0.0536	0.0536	0.0536
0.0536	0.0536	0.0536	0.0536
0.0536	0.0536	0.0536	0.0536
0.0536	0.0536	0.0536	0.0536
0.0536	0.0537	0.0537	0.0536
0.0536	0.0536	0.0536	0.0536
0.0534	0.0538	0.0538	0.0534
0.0536	0.0536	0.0536	0.0536
0.0535	0.0537	0.0537	0.0535
0.0536	0.0536	0.0536	0.0536
0.0536	0.0536	0.0536	0.0536
0.0536	0.0536	0.0536	0.0536
0.0536	0.0536	0.0536	0.0536
0.0536	0.0536	0.0536	0.0536
0.0536	0.0536	0.0536	0.0536
0.0540	0.0532	0.0532	0.0540
