1.6016	1.4994	1.4994	1.4133
1.2363	1.1930	1.1930	1.1495
1.0761	1.0444	1.0444	1.0127
0.9504	0.9267	0.9267	0.9030
0.8432	0.8251	0.8251	0.8071
0.7488	0.7352	0.7352	0.7218
0.6664	0.6560	0.6560	0.6462
0.5936	0.5860	0.5860	0.5786
0.5301	0.5242	0.5242	0.5185
0.4737	0.4693	0.4693	0.4646
0.4243	0.4212	0.4212	0.4176
0.3807	0.3784	0.3784	0.3763
0.3425	0.3404	0.3404	0.3388
0.3087	0.3068	0.3068	0.3059
0.2789	0.2774	0.2774	0.2765
0.2528	0.2518	0.2518	0.2513
0.2296	0.2289	0.2289	0.2280
0.2090	0.2081	0.2081	0.2084
0.1900	0.1898	0.1898	0.1896
0.1752	0.1742	0.1742	0.1745
0.1599	0.1600	0.1600	0.1597
0.1483	0.1478	0.1478	0.1479
0.1369	0.1370	0.1370	0.1366
0.1271	0.1272	0.1272	0.1268
0.1189	0.1185	0.1185	0.1187
0.1120	0.1124	0.1124	0.1120
0.1036	0.1036	0.1036	0.1036
0.0987	0.0980	0.0980	0.0986
0.0936	0.0936	0.0936	0.0936
0.0891	0.0886	0.0886	0.0888
0.0836	0.0836	0.0836	0.0836
0.0835	0.0834	0.0834	0.0835
0.0760	0.0760	0.0760	0.0760
0.0737	0.0736	0.0736	0.0737
0.0736	0.0736	0.0736	0.0736
0.0732	0.0736	0.0736	0.0732
0.0677	0.0677	0.0677	0.0677
0.0638	0.0638	0.0638	0.0638
0.0636	0.0636	0.0636	0.0636
0.0638	0.0635	0.0635	0.0638
0.0636	0.0636	0.0636	0.0636
0.0636	0.0636	0.0636	0.0636
0.0635	0.0635	0.0635	0.0635
0.0630	0.0633	0.0633	0.0630
0.0611	0.0617	0.0617	0.0611
0.0571	0.0578	0.0578	0.0571
0.0547	0.0553	0.0553	0.0547
0.0540	0.0541	0.0541	0.0540
0.0537	0.0540	0.0540	0.0537
0.0538	0.0536	0.0536	0.0538
0.0536	0.0536	0.0536	0.0536
0.0536	0.0536	0.0536	0.0536
0.0536	0.0536	0.0536	0.0536
0.0536	0.0536	0.0536	0.0536
0.0536	0.0537	0.0537	0.0536
0.0537	0.0536	0.0536	0.0537
0.0500	0.0573	0.0573	0.0500
0.0536	0.0536	0.0536	0.0536
0.0536	0.0537	0.0537	0.0536
0.0536	0.0536	0.0536	0.0536
0.0536	0.0536	0.0536	0.0536
0.0536	0.0536	0.0536	0.0536
0.0536	0.0536	0.0536	0.0536
0.0536	0.0536	0.0536	0.0536
0.0535	0.0537	0.0537	0.0535
0.0536	0.0536	0.0536	0.0536
0.0537	0.0535	0.0535	0.0537
0.0539	0.0533	0.0533	0.0539
0.0537	0.0535	0.0535	0.0537
0.0536	0.0536	0.0536	0.0536
0.0536	0.0536	0.0536	0.0536
0.0536	0.0536	0.0536	0.0536
0.0536	0.0536	0.0536	0.0536
0.0536	0.0536	0.0536	0.0536
0.0536	0.0536	0.0536	0.0536
0.0536	0.0536	0.0536	0.0536
0.0536	0.0536	0.0536	0.0536
0.0536	0.0536	0.0536	0.0536
0.0537	0.0535	0.0535	0.0537
0.0536	0.0536	0.0536	0.0536
0.0536	0.0536	0.0536	0.0536
0.0536	0.0536	0.0536	0.0536
0.0536	0.0536	0.0536	0.0536
0.0536	0.0536	0.0536	0.0536
0.0536	0.0536	0.0536	0.0536
0.0535	0.0537	0.0537	0.0535
0.0536	0.0536	0.0536	0.0536
0.0537	0.0535	0.0535	0.0537
0.0535	0.0537	0.0537	0.0535
0.0536	0.0536	0.0536	0.0536
0.0536	0.0536	0.0536	0.0536
0.0536	0.0536	0.0536	0.0536
0.0536	0.0536	0.0536	0.0536
0.0536	0.0536	0.0536	0.0536
0.0536	0.0536	0.0536	0.0536
0.0536	0.0536	0.0536	0.0536
0.0536	0.0536	0.0536	0.0536
0.0536	0.0536	0.0536	0.0536
0.0536	0.0536	0.0536	0.0536
0.0537	0.0535	0.0535	0.0537
