2.3339	2.4908	2.2672	2.4123
1.8608	1.9300	1.8270	1.8965
1.6277	1.6784	1.6030	1.6545
1.4427	1.4810	1.4242	1.4627
1.2822	1.3105	1.2682	1.2963
1.1396	1.1618	1.1295	1.1513
1.0145	1.0305	1.0066	1.0228
0.9032	0.9154	0.8976	0.9096
0.8050	0.8139	0.8001	0.8092
0.7176	0.7243	0.7142	0.7213
0.6404	0.6462	0.6383	0.6436
0.5726	0.5763	0.5706	0.5748
0.5128	0.5156	0.5109	0.5140
0.4590	0.4615	0.4580	0.4601
0.4122	0.4137	0.4113	0.4131
0.3710	0.3710	0.3698	0.3713
0.3338	0.3349	0.3334	0.3342
0.3007	0.3021	0.3011	0.3014
0.2728	0.2731	0.2725	0.2729
0.2472	0.2467	0.2460	0.2475
0.2241	0.2250	0.2247	0.2242
0.2046	0.2048	0.2045	0.2049
0.1875	0.1877	0.1876	0.1875
0.1712	0.1714	0.1713	0.1713
0.1586	0.1573	0.1572	0.1586
0.1461	0.1462	0.1461	0.1461
0.1349	0.1349	0.1349	0.1349
0.1253	0.1252	0.1252	0.1253
0.1163	0.1173	0.1171	0.1163
0.1106	0.1102	0.1102	0.1106
0.1036	0.1035	0.1035	0.1036
0.0965	0.0967	0.0967	0.0965
0.0936	0.0935	0.0935	0.0936
0.0868	0.0865	0.0865	0.0868
0.0836	0.0836	0.0836	0.0836
0.0830	0.0832	0.0832	0.0830
0.0740	0.0752	0.0751	0.0740
0.0737	0.0735	0.0735	0.0737
0.0736	0.0736	0.0736	0.0736
0.0731	0.0730	0.0730	0.0731
0.0659	0.0662	0.0662	0.0659
0.0636	0.0636	0.0636	0.0636
0.0636	0.0636	0.0636	0.0636
0.0636	0.0636	0.0636	0.0636
0.0636	0.0636	0.0636	0.0636
0.0636	0.0636	0.0636	0.0636
0.0633	0.0636	0.0636	0.0633
0.0627	0.0625	0.0625	0.0627
0.0609	0.0618	0.0618	0.0609
0.0568	0.0571	0.0571	0.0568
0.0544	0.0547	0.0547	0.0544
0.0540	0.0543	0.0543	0.0540
0.0537	0.0538	0.0538	0.0537
0.0536	0.0537	0.0537	0.0536
0.0537	0.0536	0.0536	0.0537
0.0536	0.0536	0.0536	0.0536
0.0539	0.0533	0.0533	0.0539
0.0536	0.0536	0.0536	0.0536
0.0536	0.0536	0.0536	0.0536
0.0536	0.0536	0.0536	0.0536
0.0536	0.0536	0.0536	0.0536
0.0536	0.0536	0.0536	0.0536
0.0536	0.0536	0.0536	0.0536
0.0536	0.0536	0.0536	0.0536
0.0536	0.0536	0.0536	0.0536
0.0536	0.0536	0.0536	0.0536
0.0536	0.0536	0.0536	0.0536
0.0536	0.0536	0.0536	0.0536
0.0536	0.0536	0.0536	0.0536
0.0536	0.0536	0.0536	0.0536
0.0536	0.0536	0.0536	0.0536
0.0536	0.0536	0.0536	0.0536
0.0536	0.0536	0.0536	0.0536
0.0536	0.0536	0.0536	0.0536
0.0536	0.0536	0.0536	0.0536
0.0536	0.0536	0.0536	0.0536
0.0536	0.0536	0.0536	0.0536
0.0536	0.0536	0.0536	0.0536
0.0536	0.0536	0.0536	0.0536
0.0536	0.0536	0.0536	0.0536
0.0536	0.0536	0.0536	0.0536
0.0536	0.0536	0.0536	0.0536
0.0536	0.0536	0.0536	0.0536
0.0536	0.0536	0.0536	0.0536
0.0536	0.0536	0.0536	0.0536
0.0536	0.0536	0.0536	0.0536
0.0536	0.0536	0.0536	0.0536
0.0536	0.0536	0.0536	0.0536
0.0536	0.0536	0.0536	0.0536
0.0536	0.0536	0.0536	0.0536
0.0536	0.0536	0.0536	0.0536
0.0536	0.0536	0.0536	0.0536
0.0536	0.0536	0.0536	0.0536
0.0536	0.0536	0.0536	0.0536
0.0536	0.0536	0.0536	0.0536
0.0536	0.0536	0.0536	0.0536
0.0537	0.0535	0.0535	0.0537
0.0536	0.0536	0.0536	0.0536
0.0536	0.0536	0.0536	0.0536
0.0536	0.0536	0.0536	0.0536
