3.5595	3.6061	3.7032	3.7407
2.8399	2.8593	2.9042	2.9233
2.4827	2.4970	2.5294	2.5440
2.1987	2.2092	2.2339	2.2446
1.9515	1.9590	1.9776	1.9857
1.7327	1.7386	1.7525	1.7588
1.5392	1.5432	1.5542	1.5587
1.3676	1.3712	1.3792	1.3823
1.2157	1.2186	1.2242	1.2268
1.0815	1.0832	1.0880	1.0897
0.9626	0.9639	0.9672	0.9687
0.8574	0.8583	0.8613	0.8619
0.7642	0.7648	0.7665	0.7674
0.6819	0.6824	0.6840	0.6842
0.6090	0.6088	0.6107	0.6107
0.5443	0.5448	0.5454	0.5460
0.4876	0.4880	0.4885	0.4885
0.4372	0.4372	0.4378	0.4379
0.3926	0.3927	0.3933	0.3931
0.3533	0.3532	0.3533	0.3537
0.3183	0.3183	0.3186	0.3186
0.2877	0.2876	0.2877	0.2878
0.2607	0.2606	0.2607	0.2611
0.2360	0.2361	0.2361	0.2360
0.2150	0.2154	0.2154	0.2151
0.1965	0.1969	0.1970	0.1967
0.1794	0.1793	0.1793	0.1794
0.1661	0.1653	0.1653	0.1661
0.1517	0.1512	0.1513	0.1517
0.1407	0.1403	0.1403	0.1407
0.1308	0.1304	0.1304	0.1308
0.1221	0.1220	0.1220	0.1221
0.1135	0.1138	0.1138	0.1135
0.1060	0.1058	0.1058	0.1060
0.1018	0.1021	0.1021	0.1019
0.0937	0.0936	0.0936	0.0937
0.0922	0.0921	0.0921	0.0923
0.0838	0.0838	0.0838	0.0838
0.0835	0.0836	0.0836	0.0835
0.0799	0.0795	0.0795	0.0799
0.0737	0.0736	0.0736	0.0737
0.0736	0.0736	0.0736	0.0736
0.0736	0.0736	0.0736	0.0736
0.0707	0.0699	0.0699	0.0707
0.0640	0.0641	0.0641	0.0640
0.0637	0.0636	0.0636	0.0637
0.0635	0.0637	0.0637	0.0635
0.0636	0.0636	0.0636	0.0636
0.0636	0.0636	0.0636	0.0636
0.0636	0.0636	0.0636	0.0636
0.0632	0.0635	0.0635	0.0632
0.0620	0.0620	0.0620	0.0620
0.0592	0.0593	0.0593	0.0592
0.0558	0.0554	0.0554	0.0558
0.0540	0.0546	0.0546	0.0540
0.0542	0.0538	0.0538	0.0542
0.0539	0.0535	0.0535	0.0539
0.0536	0.0536	0.0536	0.0536
0.0536	0.0536	0.0536	0.0536
0.0536	0.0536	0.0536	0.0536
0.0536	0.0536	0.0536	0.0536
0.0536	0.0536	0.0536	0.0536
0.0536	0.0536	0.0536	0.0536
0.0536	0.0536	0.0536	0.0536
0.0536	0.0536	0.0536	0.0536
0.0536	0.0536	0.0536	0.0536
0.0537	0.0536	0.0536	0.0537
0.0536	0.0536	0.0536	0.0536
0.0536	0.0536	0.0536	0.0536
0.0536	0.0536	0.0536	0.0536
0.0536	0.0536	0.0536	0.0536
0.0536	0.0536	0.0536	0.0536
0.0536	0.0536	0.0536	0.0536
0.0536	0.0536	0.0536	0.0536
0.0536	0.0536	0.0536	0.0536
0.0536	0.0536	0.0536	0.0536
0.0538	0.0534	0.0534	0.0538
0.0536	0.0536	0.0536	0.0536
0.0536	0.0536	0.0536	0.0536
0.0536	0.0536	0.0536	0.0536
0.0536	0.0536	0.0536	0.0536
0.0536	0.0536	0.0536	0.0536
0.0536	0.0536	0.0536	0.0536
0.0536	0.0536	0.0536	0.0536
0.0536	0.0536	0.0536	0.0536
0.0536	0.0536	0.0536	0.0536
0.0536	0.0536	0.0536	0.0536
0.0537	0.0535	0.0535	0.0537
0.0536	0.0536	0.0536	0.0536
0.0536	0.0536	0.0536	0.0536
0.0535	0.0537	0.0537	0.0535
0.0536	0.0536	0.0536	0.0536
0.0536	0.0536	0.0536	0.0536
0.0536	0.0536	0.0536	0.0536
0.0538	0.0534	0.0534	0.0538
0.0537	0.0535	0.0535	0.0537
0.0536	0.0536	0.0536	0.0536
0.0536	0.0536	0.0536	0.0536
0.0536	0.0536	0.0536	0.0536
0.0536	0.0536	0.0536	0.0536
