3.2885	3.5053	3.2884	3.5057
2.6318	2.7308	2.6313	2.7310
2.3020	2.3755	2.3023	2.3755
2.0401	2.0957	2.0402	2.0954
1.8126	1.8533	1.8118	1.8537
1.6100	1.6413	1.6101	1.6416
1.4312	1.4546	1.4317	1.4546
1.2729	1.2899	1.2725	1.2902
1.1320	1.1452	1.1321	1.1452
1.0078	1.0176	1.0074	1.0176
0.8975	0.9044	0.8975	0.9045
0.7990	0.8057	0.7998	0.8053
0.7133	0.7180	0.7134	0.7174
0.6369	0.6398	0.6368	0.6403
0.5692	0.5719	0.5694	0.5715
0.5089	0.5111	0.5096	0.5109
0.4563	0.4581	0.4567	0.4578
0.4099	0.4108	0.4096	0.4111
0.3683	0.3693	0.3684	0.3689
0.3316	0.3322	0.3319	0.3324
0.2995	0.3003	0.2997	0.2999
0.2712	0.2719	0.2713	0.2716
0.2455	0.2454	0.2453	0.2456
0.2235	0.2235	0.2233	0.2235
0.2039	0.2037	0.2035	0.2041
0.1870	0.1867	0.1866	0.1871
0.1704	0.1701	0.1700	0.1704
0.1576	0.1575	0.1575	0.1576
0.1454	0.1457	0.1456	0.1455
0.1345	0.1346	0.1346	0.1345
0.1247	0.1242	0.1242	0.1248
0.1165	0.1161	0.1161	0.1166
0.1099	0.1095	0.1095	0.1099
0.1035	0.1036	0.1036	0.1035
0.0965	0.0959	0.0959	0.0965
0.0934	0.0936	0.0936	0.0934
0.0863	0.0865	0.0865	0.0863
0.0836	0.0836	0.0836	0.0836
0.0830	0.0829	0.0829	0.0830
0.0744	0.0745	0.0745	0.0744
0.0736	0.0736	0.0736	0.0736
0.0736	0.0736	0.0736	0.0736
0.0728	0.0725	0.0725	0.0728
0.0659	0.0662	0.0662	0.0659
0.0638	0.0636	0.0636	0.0638
0.0636	0.0636	0.0636	0.0636
0.0636	0.0636	0.0636	0.0636
0.0636	0.0636	0.0636	0.0636
0.0636	0.0636	0.0636	0.0636
0.0636	0.0635	0.0635	0.0636
0.0629	0.0630	0.0630	0.0629
0.0611	0.0606	0.0606	0.0611
0.0564	0.0563	0.0563	0.0564
0.0546	0.0551	0.0551	0.0546
0.0543	0.0541	0.0541	0.0543
0.0536	0.0540	0.0540	0.0536
0.0536	0.0538	0.0538	0.0536
0.0536	0.0536	0.0536	0.0536
0.0536	0.0536	0.0536	0.0536
0.0536	0.0536	0.0536	0.0536
0.0536	0.0537	0.0537	0.0536
0.0536	0.0537	0.0537	0.0536
0.0536	0.0536	0.0536	0.0536
0.0536	0.0536	0.0536	0.0536
0.0536	0.0536	0.0536	0.0536
0.0536	0.0536	0.0536	0.0536
0.0536	0.0536	0.0536	0.0536
0.0536	0.0536	0.0536	0.0536
0.0524	0.0548	0.0548	0.0524
0.0536	0.0536	0.0536	0.0536
0.0536	0.0536	0.0536	0.0536
0.0536	0.0536	0.0536	0.0536
0.0536	0.0536	0.0536	0.0536
0.0537	0.0535	0.0535	0.0537
0.0536	0.0536	0.0536	0.0536
0.0536	0.0536	0.0536	0.0536
0.0536	0.0536	0.0536	0.0536
0.0536	0.0536	0.0536	0.0536
0.0535	0.0537	0.0537	0.0535
0.0536	0.0536	0.0536	0.0536
0.0536	0.0536	0.0536	0.0536
0.0536	0.0536	0.0536	0.0536
0.0536	0.0536	0.0536	0.0536
0.0536	0.0536	0.0536	0.0536
0.0536	0.0536	0.0536	0.0536
0.0536	0.0536	0.0536	0.0536
0.0536	0.0536	0.0536	0.0536
0.0543	0.0529	0.0529	0.0543
0.0536	0.0536	0.0536	0.0536
0.0536	0.0536	0.0536	0.0536
0.0541	0.0531	0.0531	0.0541
0.0536	0.0536	0.0536	0.0536
0.0535	0.0537	0.0537	0.0535
0.0536	0.0536	0.0536	0.0536
0.0536	0.0536	0.0536	0.0536
0.0536	0.0536	0.0536	0.0536
0.0536	0.0536	0.0536	0.0536
0.0536	0.0536	0.0536	0.0536
0.0536	0.0536	0.0536	0.0536
0.0536	0.0536	0.0536	0.0536
