4.9508	5.0747	5.1030	5.2165
3.9474	4.0018	4.0149	4.0688
3.4486	3.4883	3.4979	3.5374
3.0513	3.0817	3.0887	3.1187
2.7062	2.7286	2.7343	2.7568
2.4006	2.4180	2.4224	2.4387
2.1303	2.1432	2.1462	2.1593
1.8910	1.9004	1.9026	1.9124
1.6789	1.6853	1.6875	1.6948
1.4908	1.4961	1.4971	1.5029
1.3246	1.3281	1.3293	1.3335
1.1773	1.1802	1.1812	1.1836
1.0472	1.0494	1.0499	1.0523
0.9320	0.9333	0.9336	0.9363
0.8300	0.8314	0.8315	0.8333
0.7399	0.7409	0.7411	0.7419
0.6603	0.6606	0.6610	0.6619
0.5897	0.5906	0.5910	0.5909
0.5272	0.5284	0.5285	0.5284
0.4726	0.4728	0.4729	0.4734
0.4237	0.4243	0.4243	0.4241
0.3805	0.3811	0.3811	0.3808
0.3422	0.3437	0.3437	0.3424
0.3094	0.3090	0.3090	0.3094
0.2797	0.2797	0.2797	0.2799
0.2533	0.2534	0.2534	0.2533
0.2301	0.2306	0.2306	0.2303
0.2097	0.2095	0.2095	0.2098
0.1911	0.1915	0.1916	0.1912
0.1758	0.1764	0.1764	0.1758
0.1605	0.1609	0.1609	0.1605
0.1484	0.1486	0.1486	0.1484
0.1372	0.1377	0.1377	0.1373
0.1277	0.1277	0.1277	0.1277
0.1196	0.1196	0.1196	0.1196
0.1130	0.1128	0.1128	0.1130
0.1036	0.1039	0.1039	0.1036
0.0992	0.0991	0.0991	0.0992
0.0936	0.0936	0.0936	0.0936
0.0890	0.0896	0.0896	0.0890
0.0836	0.0836	0.0836	0.0836
0.0836	0.0835	0.0835	0.0836
0.0766	0.0766	0.0766	0.0766
0.0736	0.0736	0.0736	0.0736
0.0736	0.0736	0.0736	0.0736
0.0733	0.0733	0.0733	0.0733
0.0681	0.0690	0.0690	0.0681
0.0639	0.0638	0.0638	0.0639
0.0637	0.0635	0.0635	0.0637
0.0637	0.0635	0.0635	0.0637
0.0637	0.0635	0.0635	0.0637
0.0636	0.0636	0.0636	0.0636
0.0636	0.0636	0.0636	0.0636
0.0628	0.0633	0.0633	0.0628
0.0616	0.0623	0.0623	0.0616
0.0574	0.0576	0.0576	0.0574
0.0555	0.0551	0.0551	0.0555
0.0541	0.0547	0.0547	0.0541
0.0538	0.0539	0.0539	0.0538
0.0536	0.0537	0.0537	0.0536
0.0536	0.0536	0.0536	0.0536
0.0536	0.0536	0.0536	0.0536
0.0536	0.0536	0.0536	0.0536
0.0536	0.0536	0.0536	0.0536
0.0536	0.0536	0.0536	0.0536
0.0536	0.0536	0.0536	0.0536
0.0536	0.0536	0.0536	0.0536
0.0536	0.0536	0.0536	0.0536
0.0536	0.0536	0.0536	0.0536
0.0536	0.0536	0.0536	0.0536
0.0536	0.0536	0.0536	0.0536
0.0536	0.0536	0.0536	0.0536
0.0536	0.0536	0.0536	0.0536
0.0536	0.0536	0.0536	0.0536
0.0536	0.0536	0.0536	0.0536
0.0536	0.0536	0.0536	0.0536
0.0536	0.0536	0.0536	0.0536
0.0536	0.0536	0.0536	0.0536
0.0541	0.0531	0.0531	0.0541
0.0536	0.0536	0.0536	0.0536
0.0536	0.0536	0.0536	0.0536
0.0536	0.0536	0.0536	0.0536
0.0536	0.0536	0.0536	0.0536
0.0543	0.0529	0.0529	0.0543
0.0536	0.0536	0.0536	0.0536
0.0536	0.0536	0.0536	0.0536
0.0536	0.0536	0.0536	0.0536
0.0536	0.0536	0.0536	0.0536
0.0536	0.0536	0.0536	0.0536
0.0537	0.0535	0.0535	0.0537
0.0536	0.0536	0.0536	0.0536
0.0539	0.0533	0.0533	0.0539
0.0536	0.0536	0.0536	0.0536
0.0537	0.0535	0.0535	0.0537
0.0536	0.0536	0.0536	0.0536
0.0536	0.0536	0.0536	0.0536
0.0536	0.0536	0.0536	0.0536
0.0536	0.0536	0.0536	0.0536
0.0536	0.0536	0.0536	0.0536
0.0535	0.0537	0.0537	0.0535
