4.1172	3.9939	3.9866	3.8634
3.2051	3.1489	3.1453	3.0887
2.7864	2.7452	2.7428	2.7013
2.4568	2.4259	2.4243	2.3927
2.1727	2.1490	2.1476	2.1243
1.9230	1.9051	1.9037	1.8864
1.7030	1.6899	1.6893	1.6761
1.5092	1.4994	1.4990	1.4886
1.3386	1.3312	1.3309	1.3235
1.1883	1.1823	1.1818	1.1765
1.0554	1.0514	1.0511	1.0467
0.9388	0.9351	0.9351	0.9326
0.8354	0.8326	0.8326	0.8300
0.7436	0.7423	0.7423	0.7404
0.6636	0.6617	0.6617	0.6607
0.5921	0.5916	0.5916	0.5900
0.5296	0.5283	0.5283	0.5283
0.4744	0.4734	0.4734	0.4733
0.4248	0.4246	0.4246	0.4242
0.3822	0.3817	0.3815	0.3810
0.3435	0.3435	0.3435	0.3432
0.3097	0.3094	0.3094	0.3094
0.2801	0.2798	0.2798	0.2800
0.2533	0.2533	0.2533	0.2532
0.2308	0.2301	0.2301	0.2308
0.2097	0.2099	0.2099	0.2097
0.1912	0.1914	0.1914	0.1911
0.1759	0.1764	0.1764	0.1759
0.1609	0.1609	0.1609	0.1608
0.1488	0.1486	0.1486	0.1488
0.1379	0.1376	0.1376	0.1379
0.1277	0.1280	0.1280	0.1277
0.1196	0.1195	0.1195	0.1194
0.1128	0.1132	0.1132	0.1128
0.1039	0.1038	0.1038	0.1038
0.0991	0.0992	0.0992	0.0991
0.0936	0.0936	0.0936	0.0936
0.0894	0.0900	0.0900	0.0894
0.0836	0.0836	0.0836	0.0836
0.0835	0.0835	0.0835	0.0835
0.0765	0.0769	0.0769	0.0765
0.0736	0.0736	0.0736	0.0736
0.0736	0.0736	0.0736	0.0736
0.0733	0.0736	0.0736	0.0733
0.0687	0.0676	0.0676	0.0687
0.0638	0.0637	0.0637	0.0638
0.0634	0.0638	0.0638	0.0634
0.0636	0.0636	0.0636	0.0636
0.0636	0.0636	0.0636	0.0636
0.0636	0.0636	0.0636	0.0636
0.0636	0.0636	0.0636	0.0636
0.0631	0.0632	0.0632	0.0631
0.0621	0.0622	0.0622	0.0621
0.0578	0.0578	0.0578	0.0578
0.0552	0.0550	0.0550	0.0552
0.0544	0.0543	0.0543	0.0544
0.0536	0.0537	0.0537	0.0536
0.0536	0.0537	0.0537	0.0536
0.0536	0.0536	0.0536	0.0536
0.0536	0.0536	0.0536	0.0536
0.0536	0.0536	0.0536	0.0536
0.0536	0.0536	0.0536	0.0536
0.0536	0.0536	0.0536	0.0536
0.0536	0.0536	0.0536	0.0536
0.0537	0.0536	0.0536	0.0537
0.0536	0.0536	0.0536	0.0536
0.0536	0.0536	0.0536	0.0536
0.0537	0.0535	0.0535	0.0537
0.0536	0.0536	0.0536	0.0536
0.0536	0.0536	0.0536	0.0536
0.0537	0.0536	0.0536	0.0537
0.0536	0.0536	0.0536	0.0536
0.0536	0.0536	0.0536	0.0536
0.0536	0.0536	0.0536	0.0536
0.0536	0.0536	0.0536	0.0536
0.0535	0.0537	0.0537	0.0535
0.0536	0.0536	0.0536	0.0536
0.0536	0.0536	0.0536	0.0536
0.0536	0.0536	0.0536	0.0536
0.0536	0.0536	0.0536	0.0536
0.0536	0.0536	0.0536	0.0536
0.0536	0.0536	0.0536	0.0536
0.0536	0.0536	0.0536	0.0536
0.0536	0.0536	0.0536	0.0536
0.0535	0.0537	0.0537	0.0535
0.0536	0.0536	0.0536	0.0536
0.0536	0.0536	0.0536	0.0536
0.0536	0.0536	0.0536	0.0536
0.0535	0.0537	0.0537	0.0535
0.0536	0.0536	0.0536	0.0536
0.0536	0.0536	0.0536	0.0536
0.0536	0.0536	0.0536	0.0536
0.0536	0.0536	0.0536	0.0536
0.0536	0.0536	0.0536	0.0536
0.0536	0.0536	0.0536	0.0536
0.0537	0.0535	0.0535	0.0537
0.0536	0.0536	0.0536	0.0536
0.0536	0.0536	0.0536	0.0536
0.0536	0.0536	0.0536	0.0536
0.0536	0.0536	0.0536	0.0536
