3.8896	4.0611	3.9128	4.0735
3.1002	3.1762	3.1082	3.1848
2.7088	2.7648	2.7142	2.7709
2.3979	2.4401	2.4025	2.4446
2.1276	2.1593	2.1310	2.1626
1.8887	1.9122	1.8912	1.9152
1.6771	1.6946	1.6787	1.6967
1.4896	1.5028	1.4907	1.5046
1.3232	1.3338	1.3247	1.3340
1.1763	1.1842	1.1773	1.1850
1.0468	1.0518	1.0472	1.0530
0.9319	0.9356	0.9316	0.9362
0.8294	0.8328	0.8299	0.8333
0.7394	0.7420	0.7401	0.7426
0.6601	0.6615	0.6603	0.6625
0.5898	0.5914	0.5901	0.5911
0.5274	0.5285	0.5279	0.5284
0.4728	0.4732	0.4723	0.4737
0.4235	0.4245	0.4240	0.4242
0.3810	0.3811	0.3808	0.3815
0.3429	0.3429	0.3424	0.3433
0.3088	0.3095	0.3094	0.3091
0.2801	0.2799	0.2799	0.2803
0.2532	0.2534	0.2534	0.2533
0.2308	0.2306	0.2305	0.2308
0.2098	0.2093	0.2093	0.2098
0.1909	0.1916	0.1916	0.1910
0.1758	0.1760	0.1760	0.1758
0.1608	0.1609	0.1609	0.1608
0.1487	0.1486	0.1485	0.1487
0.1375	0.1377	0.1377	0.1375
0.1276	0.1277	0.1277	0.1276
0.1191	0.1194	0.1194	0.1192
0.1125	0.1129	0.1129	0.1125
0.1037	0.1036	0.1036	0.1037
0.0989	0.0990	0.0990	0.0989
0.0936	0.0936	0.0936	0.0936
0.0895	0.0891	0.0891	0.0895
0.0836	0.0836	0.0836	0.0836
0.0834	0.0836	0.0836	0.0834
0.0763	0.0766	0.0766	0.0763
0.0737	0.0736	0.0736	0.0737
0.0736	0.0736	0.0736	0.0736
0.0734	0.0735	0.0735	0.0734
0.0682	0.0681	0.0681	0.0682
0.0639	0.0637	0.0637	0.0639
0.0636	0.0636	0.0636	0.0636
0.0636	0.0636	0.0636	0.0636
0.0636	0.0636	0.0636	0.0636
0.0636	0.0636	0.0636	0.0636
0.0636	0.0636	0.0636	0.0636
0.0628	0.0632	0.0632	0.0628
0.0617	0.0612	0.0612	0.0617
0.0582	0.0569	0.0569	0.0582
0.0554	0.0552	0.0552	0.0554
0.0541	0.0542	0.0542	0.0541
0.0538	0.0538	0.0538	0.0538
0.0535	0.0537	0.0537	0.0535
0.0536	0.0536	0.0536	0.0536
0.0536	0.0536	0.0536	0.0536
0.0536	0.0536	0.0536	0.0536
0.0536	0.0536	0.0536	0.0536
0.0536	0.0536	0.0536	0.0536
0.0536	0.0536	0.0536	0.0536
0.0536	0.0536	0.0536	0.0536
0.0536	0.0536	0.0536	0.0536
0.0536	0.0536	0.0536	0.0536
0.0536	0.0536	0.0536	0.0536
0.0536	0.0536	0.0536	0.0536
0.0536	0.0536	0.0536	0.0536
0.0536	0.0536	0.0536	0.0536
0.0536	0.0536	0.0536	0.0536
0.0536	0.0536	0.0536	0.0536
0.0536	0.0536	0.0536	0.0536
0.0537	0.0535	0.0535	0.0537
0.0536	0.0536	0.0536	0.0536
0.0536	0.0536	0.0536	0.0536
0.0536	0.0536	0.0536	0.0536
0.0536	0.0536	0.0536	0.0536
0.0536	0.0536	0.0536	0.0536
0.0535	0.0537	0.0537	0.0535
0.0536	0.0536	0.0536	0.0536
0.0536	0.0536	0.0536	0.0536
0.0536	0.0536	0.0536	0.0536
0.0537	0.0535	0.0535	0.0537
0.0536	0.0536	0.0536	0.0536
0.0536	0.0536	0.0536	0.0536
0.0536	0.0536	0.0536	0.0536
0.0536	0.0536	0.0536	0.0536
0.0536	0.0536	0.0536	0.0536
0.0536	0.0536	0.0536	0.0536
0.0536	0.0536	0.0536	0.0536
0.0536	0.0536	0.0536	0.0536
0.0536	0.0536	0.0536	0.0536
0.0536	0.0536	0.0536	0.0536
0.0536	0.0536	0.0536	0.0536
0.0536	0.0536	0.0536	0.0536
0.0536	0.0536	0.0536	0.0536
0.0537	0.0535	0.0535	0.0537
0.0536	0.0536	0.0536	0.0536
