2.0134	2.1422	2.0664	2.2042
1.6228	1.6843	1.6495	1.7105
1.4248	1.4695	1.4440	1.4891
1.2657	1.3002	1.2812	1.3139
1.1278	1.1528	1.1387	1.1641
1.0053	1.0244	1.0133	1.0328
0.8965	0.9108	0.9024	0.9168
0.8001	0.8105	0.8045	0.8153
0.7142	0.7221	0.7173	0.7254
0.6381	0.6444	0.6404	0.6465
0.5705	0.5752	0.5728	0.5771
0.5108	0.5141	0.5124	0.5158
0.4578	0.4607	0.4591	0.4617
0.4112	0.4129	0.4122	0.4143
0.3696	0.3714	0.3705	0.3721
0.3333	0.3341	0.3334	0.3355
0.3009	0.3017	0.3014	0.3015
0.2726	0.2728	0.2726	0.2732
0.2461	0.2470	0.2467	0.2471
0.2244	0.2243	0.2243	0.2248
0.2045	0.2049	0.2047	0.2048
0.1876	0.1876	0.1875	0.1878
0.1706	0.1711	0.1709	0.1710
0.1580	0.1582	0.1582	0.1581
0.1463	0.1459	0.1459	0.1464
0.1352	0.1351	0.1351	0.1352
0.1256	0.1255	0.1253	0.1256
0.1169	0.1166	0.1165	0.1171
0.1104	0.1104	0.1104	0.1105
0.1036	0.1036	0.1036	0.1036
0.0973	0.0965	0.0964	0.0974
0.0936	0.0936	0.0936	0.0936
0.0864	0.0871	0.0870	0.0864
0.0836	0.0836	0.0836	0.0836
0.0831	0.0833	0.0833	0.0831
0.0746	0.0745	0.0745	0.0746
0.0733	0.0740	0.0740	0.0733
0.0736	0.0736	0.0736	0.0736
0.0728	0.0730	0.0730	0.0728
0.0659	0.0658	0.0658	0.0659
0.0638	0.0637	0.0637	0.0638
0.0636	0.0636	0.0636	0.0636
0.0636	0.0636	0.0636	0.0636
0.0636	0.0636	0.0636	0.0636
0.0636	0.0636	0.0636	0.0636
0.0634	0.0636	0.0636	0.0634
0.0626	0.0632	0.0632	0.0626
0.0614	0.0613	0.0613	0.0614
0.0567	0.0566	0.0566	0.0567
0.0546	0.0546	0.0546	0.0546
0.0541	0.0541	0.0541	0.0541
0.0537	0.0536	0.0536	0.0537
0.0536	0.0536	0.0536	0.0536
0.0536	0.0536	0.0536	0.0536
0.0536	0.0536	0.0536	0.0536
0.0536	0.0536	0.0536	0.0536
0.0536	0.0536	0.0536	0.0536
0.0535	0.0537	0.0537	0.0535
0.0536	0.0536	0.0536	0.0536
0.0536	0.0536	0.0536	0.0536
0.0536	0.0536	0.0536	0.0536
0.0536	0.0536	0.0536	0.0536
0.0536	0.0536	0.0536	0.0536
0.0536	0.0536	0.0536	0.0536
0.0536	0.0536	0.0536	0.0536
0.0536	0.0536	0.0536	0.0536
0.0536	0.0536	0.0536	0.0536
0.0536	0.0536	0.0536	0.0536
0.0536	0.0536	0.0536	0.0536
0.0536	0.0536	0.0536	0.0536
0.0536	0.0536	0.0536	0.0536
0.0536	0.0536	0.0536	0.0536
0.0541	0.0531	0.0531	0.0541
0.0536	0.0536	0.0536	0.0536
0.0536	0.0536	0.0536	0.0536
0.0536	0.0536	0.0536	0.0536
0.0536	0.0536	0.0536	0.0536
0.0536	0.0536	0.0536	0.0536
0.0536	0.0536	0.0536	0.0536
0.0536	0.0536	0.0536	0.0536
0.0536	0.0536	0.0536	0.0536
0.0536	0.0536	0.0536	0.0536
0.0535	0.0537	0.0537	0.0535
0.0536	0.0536	0.0536	0.0536
0.0536	0.0536	0.0536	0.0536
0.0536	0.0536	0.0536	0.0536
0.0537	0.0535	0.0535	0.0537
0.0536	0.0536	0.0536	0.0536
0.0536	0.0536	0.0536	0.0536
0.0536	0.0536	0.0536	0.0536
0.0520	0.0552	0.0552	0.0520
0.0536	0.0536	0.0536	0.0536
0.0536	0.0536	0.0536	0.0536
0.0536	0.0536	0.0536	0.0536
0.0536	0.0536	0.0536	0.0536
0.0536	0.0536	0.0536	0.0536
0.0536	0.0536	0.0536	0.0536
0.0536	0.0536	0.0536	0.0536
0.0536	0.0536	0.0536	0.0536
0.0536	0.0536	0.0536	0.0536
