2.4305	2.3645	2.5940	2.5163
1.9376	1.9046	2.0097	1.9774
1.6952	1.6705	1.7481	1.7238
1.5022	1.4837	1.5417	1.5240
1.3345	1.3207	1.3647	1.3510
1.1867	1.1763	1.2095	1.1992
1.0557	1.0479	1.0728	1.0644
0.9397	0.9337	0.9523	0.9467
0.8370	0.8329	0.8467	0.8424
0.7465	0.7432	0.7536	0.7500
0.6662	0.6634	0.6712	0.6690
0.5947	0.5933	0.5992	0.5970
0.5321	0.5309	0.5353	0.5337
0.4765	0.4756	0.4789	0.4777
0.4274	0.4269	0.4296	0.4282
0.3842	0.3833	0.3853	0.3848
0.3459	0.3456	0.3470	0.3464
0.3115	0.3113	0.3125	0.3117
0.2819	0.2814	0.2824	0.2822
0.2550	0.2550	0.2552	0.2552
0.2321	0.2321	0.2324	0.2323
0.2112	0.2110	0.2112	0.2115
0.1930	0.1927	0.1930	0.1932
0.1770	0.1772	0.1772	0.1770
0.1615	0.1622	0.1624	0.1616
0.1494	0.1496	0.1496	0.1494
0.1385	0.1386	0.1387	0.1385
0.1285	0.1288	0.1289	0.1285
0.1200	0.1200	0.1200	0.1200
0.1132	0.1134	0.1134	0.1132
0.1040	0.1038	0.1038	0.1040
0.1002	0.0993	0.0993	0.1002
0.0936	0.0936	0.0936	0.0936
0.0901	0.0907	0.0907	0.0901
0.0836	0.0836	0.0836	0.0836
0.0836	0.0836	0.0836	0.0836
0.0774	0.0773	0.0773	0.0774
0.0736	0.0736	0.0736	0.0736
0.0736	0.0736	0.0736	0.0736
0.0734	0.0733	0.0733	0.0734
0.0688	0.0686	0.0686	0.0688
0.0642	0.0636	0.0636	0.0642
0.0635	0.0637	0.0637	0.0635
0.0636	0.0636	0.0636	0.0636
0.0636	0.0636	0.0636	0.0636
0.0635	0.0636	0.0636	0.0635
0.0636	0.0636	0.0636	0.0636
0.0632	0.0632	0.0632	0.0632
0.0619	0.0625	0.0625	0.0619
0.0572	0.0586	0.0586	0.0572
0.0547	0.0552	0.0552	0.0547
0.0538	0.0544	0.0544	0.0538
0.0542	0.0539	0.0539	0.0542
0.0536	0.0536	0.0536	0.0536
0.0536	0.0536	0.0536	0.0536
0.0536	0.0536	0.0536	0.0536
0.0536	0.0536	0.0536	0.0536
0.0536	0.0536	0.0536	0.0536
0.0536	0.0536	0.0536	0.0536
0.0536	0.0536	0.0536	0.0536
0.0536	0.0536	0.0536	0.0536
0.0536	0.0536	0.0536	0.0536
0.0536	0.0536	0.0536	0.0536
0.0536	0.0537	0.0537	0.0536
0.0536	0.0537	0.0537	0.0536
0.0536	0.0536	0.0536	0.0536
0.0536	0.0536	0.0536	0.0536
0.0536	0.0536	0.0536	0.0536
0.0536	0.0536	0.0536	0.0536
0.0537	0.0535	0.0535	0.0537
0.0536	0.0536	0.0536	0.0536
0.0537	0.0535	0.0535	0.0537
0.0537	0.0535	0.0535	0.0537
0.0534	0.0538	0.0538	0.0534
0.0536	0.0536	0.0536	0.0536
0.0536	0.0536	0.0536	0.0536
0.0536	0.0536	0.0536	0.0536
0.0535	0.0537	0.0537	0.0535
0.0536	0.0536	0.0536	0.0536
0.0536	0.0536	0.0536	0.0536
0.0535	0.0537	0.0537	0.0535
0.0536	0.0536	0.0536	0.0536
0.0536	0.0536	0.0536	0.0536
0.0536	0.0536	0.0536	0.0536
0.0536	0.0536	0.0536	0.0536
0.0536	0.0536	0.0536	0.0536
0.0536	0.0536	0.0536	0.0536
0.0536	0.0536	0.0536	0.0536
0.0536	0.0536	0.0536	0.0536
0.0536	0.0536	0.0536	0.0536
0.0536	0.0536	0.0536	0.0536
0.0536	0.0536	0.0536	0.0536
0.0536	0.0536	0.0536	0.0536
0.0536	0.0536	0.0536	0.0536
0.0536	0.0536	0.0536	0.0536
0.0536	0.0536	0.0536	0.0536
0.0536	0.0536	0.0536	0.0536
0.0536	0.0536	0.0536	0.0536
0.0536	0.0536	0.0536	0.0536
0.0536	0.0536	0.0536	0.0536
