1.2613	1.3463	1.1888	1.2613
1.0052	1.0409	0.9688	1.0052
0.8808	0.9076	0.8550	0.8808
0.7830	0.8028	0.7632	0.7830
0.6979	0.7126	0.6828	0.6979
0.6235	0.6342	0.6117	0.6235
0.5571	0.5649	0.5485	0.5571
0.4980	0.5044	0.4921	0.4980
0.4464	0.4513	0.4420	0.4464
0.4012	0.4041	0.3971	0.4012
0.3602	0.3631	0.3579	0.3602
0.3250	0.3268	0.3226	0.3250
0.2931	0.2947	0.2919	0.2931
0.2649	0.2662	0.2642	0.2649
0.2414	0.2421	0.2402	0.2414
0.2193	0.2199	0.2184	0.2193
0.1993	0.2002	0.1991	0.1993
0.1829	0.1829	0.1821	0.1829
0.1682	0.1680	0.1678	0.1682
0.1552	0.1556	0.1548	0.1552
0.1428	0.1429	0.1426	0.1428
0.1322	0.1328	0.1326	0.1322
0.1237	0.1236	0.1235	0.1237
0.1141	0.1143	0.1142	0.1141
0.1079	0.1075	0.1071	0.1079
0.1034	0.1035	0.1035	0.1034
0.0941	0.0942	0.0941	0.0941
0.0932	0.0933	0.0933	0.0932
0.0844	0.0848	0.0848	0.0844
0.0836	0.0836	0.0836	0.0836
0.0806	0.0814	0.0813	0.0806
0.0738	0.0738	0.0738	0.0738
0.0736	0.0736	0.0736	0.0736
0.0735	0.0737	0.0737	0.0735
0.0719	0.0719	0.0719	0.0719
0.0645	0.0644	0.0644	0.0645
0.0636	0.0636	0.0636	0.0636
0.0636	0.0636	0.0636	0.0636
0.0636	0.0636	0.0636	0.0636
0.0636	0.0636	0.0636	0.0636
0.0636	0.0636	0.0636	0.0636
0.0635	0.0634	0.0634	0.0635
0.0629	0.0627	0.0627	0.0629
0.0598	0.0606	0.0606	0.0598
0.0561	0.0561	0.0561	0.0561
0.0548	0.0545	0.0545	0.0548
0.0543	0.0541	0.0541	0.0543
0.0537	0.0536	0.0536	0.0537
0.0536	0.0537	0.0537	0.0536
0.0536	0.0536	0.0536	0.0536
0.0536	0.0536	0.0536	0.0536
0.0536	0.0536	0.0536	0.0536
0.0536	0.0536	0.0536	0.0536
0.0536	0.0536	0.0536	0.0536
0.0534	0.0538	0.0538	0.0534
0.0536	0.0536	0.0536	0.0536
0.0536	0.0536	0.0536	0.0536
0.0536	0.0536	0.0536	0.0536
0.0536	0.0536	0.0536	0.0536
0.0536	0.0536	0.0536	0.0536
0.0536	0.0536	0.0536	0.0536
0.0536	0.0536	0.0536	0.0536
0.0536	0.0536	0.0536	0.0536
0.0536	0.0536	0.0536	0.0536
0.0536	0.0536	0.0536	0.0536
0.0536	0.0536	0.0536	0.0536
0.0536	0.0536	0.0536	0.0536
0.0536	0.0536	0.0536	0.0536
0.0536	0.0536	0.0536	0.0536
0.0536	0.0536	0.0536	0.0536
0.0535	0.0537	0.0537	0.0535
0.0536	0.0536	0.0536	0.0536
0.0536	0.0536	0.0536	0.0536
0.0536	0.0536	0.0536	0.0536
0.0536	0.0536	0.0536	0.0536
0.0536	0.0536	0.0536	0.0536
0.0536	0.0536	0.0536	0.0536
0.0536	0.0536	0.0536	0.0536
0.0537	0.0535	0.0535	0.0537
0.0536	0.0536	0.0536	0.0536
0.0536	0.0536	0.0536	0.0536
0.0535	0.0537	0.0537	0.0535
0.0536	0.0536	0.0536	0.0536
0.0536	0.0536	0.0536	0.0536
0.0536	0.0536	0.0536	0.0536
0.0536	0.0536	0.0536	0.0536
0.0535	0.0537	0.0537	0.0535
0.0536	0.0536	0.0536	0.0536
0.0535	0.0537	0.0537	0.0535
0.0536	0.0536	0.0536	0.0536
0.0536	0.0536	0.0536	0.0536
0.0536	0.0536	0.0536	0.0536
0.0536	0.0536	0.0536	0.0536
0.0536	0.0536	0.0536	0.0536
0.0536	0.0536	0.0536	0.0536
0.0536	0.0536	0.0536	0.0536
0.0536	0.0536	0.0536	0.0536
0.0536	0.0536	0.0536	0.0536
0.0536	0.0536	0.0536	0.0536
0.0536	0.0536	0.0536	0.0536
