5.3885	5.3449	5.2917	5.2190
4.2241	4.1974	4.1730	4.1459
3.6758	3.6552	3.6376	3.6181
3.2418	3.2271	3.2141	3.1990
2.8674	2.8559	2.8456	2.8354
2.5378	2.5294	2.5213	2.5137
2.2474	2.2412	2.2352	2.2293
1.9909	1.9865	1.9820	1.9774
1.7651	1.7614	1.7579	1.7549
1.5654	1.5626	1.5605	1.5576
1.3891	1.3866	1.3849	1.3831
1.2336	1.2316	1.2309	1.2286
1.0959	1.0945	1.0936	1.0926
0.9745	0.9737	0.9729	0.9717
0.8671	0.8665	0.8660	0.8651
0.7725	0.7719	0.7715	0.7710
0.6887	0.6881	0.6880	0.6873
0.6148	0.6143	0.6140	0.6138
0.5498	0.5491	0.5489	0.5489
0.4918	0.4913	0.4911	0.4913
0.4408	0.4408	0.4407	0.4406
0.3954	0.3955	0.3954	0.3952
0.3562	0.3559	0.3559	0.3561
0.3208	0.3203	0.3202	0.3206
0.2899	0.2899	0.2899	0.2898
0.2626	0.2626	0.2626	0.2625
0.2380	0.2378	0.2378	0.2379
0.2166	0.2166	0.2166	0.2166
0.1979	0.1976	0.1976	0.1979
0.1800	0.1801	0.1801	0.1800
0.1666	0.1668	0.1668	0.1666
0.1522	0.1524	0.1524	0.1522
0.1412	0.1410	0.1410	0.1412
0.1312	0.1310	0.1310	0.1312
0.1228	0.1225	0.1225	0.1228
0.1138	0.1136	0.1136	0.1138
0.1062	0.1064	0.1064	0.1062
0.1025	0.1027	0.1026	0.1025
0.0937	0.0937	0.0937	0.0937
0.0928	0.0927	0.0927	0.0928
0.0840	0.0841	0.0841	0.0840
0.0836	0.0836	0.0836	0.0836
0.0800	0.0805	0.0805	0.0800
0.0736	0.0738	0.0738	0.0736
0.0737	0.0735	0.0735	0.0737
0.0736	0.0734	0.0734	0.0736
0.0714	0.0704	0.0704	0.0714
0.0638	0.0646	0.0646	0.0638
0.0636	0.0636	0.0636	0.0636
0.0636	0.0636	0.0636	0.0636
0.0636	0.0636	0.0636	0.0636
0.0636	0.0636	0.0636	0.0636
0.0636	0.0636	0.0636	0.0636
0.0634	0.0634	0.0634	0.0634
0.0627	0.0627	0.0627	0.0627
0.0589	0.0599	0.0599	0.0589
0.0559	0.0552	0.0552	0.0559
0.0543	0.0543	0.0543	0.0543
0.0538	0.0539	0.0539	0.0538
0.0536	0.0537	0.0537	0.0536
0.0536	0.0536	0.0536	0.0536
0.0536	0.0536	0.0536	0.0536
0.0536	0.0536	0.0536	0.0536
0.0536	0.0536	0.0536	0.0536
0.0536	0.0536	0.0536	0.0536
0.0536	0.0536	0.0536	0.0536
0.0536	0.0536	0.0536	0.0536
0.0536	0.0536	0.0536	0.0536
0.0536	0.0536	0.0536	0.0536
0.0535	0.0537	0.0537	0.0535
0.0536	0.0536	0.0536	0.0536
0.0536	0.0536	0.0536	0.0536
0.0536	0.0536	0.0536	0.0536
0.0536	0.0536	0.0536	0.0536
0.0536	0.0536	0.0536	0.0536
0.0536	0.0536	0.0536	0.0536
0.0536	0.0536	0.0536	0.0536
0.0536	0.0536	0.0536	0.0536
0.0536	0.0536	0.0536	0.0536
0.0535	0.0537	0.0537	0.0535
0.0536	0.0536	0.0536	0.0536
0.0535	0.0537	0.0537	0.0535
0.0536	0.0536	0.0536	0.0536
0.0536	0.0536	0.0536	0.0536
0.0535	0.0537	0.0537	0.0535
0.0536	0.0536	0.0536	0.0536
0.0536	0.0536	0.0536	0.0536
0.0536	0.0536	0.0536	0.0536
0.0536	0.0536	0.0536	0.0536
0.0536	0.0536	0.0536	0.0536
0.0536	0.0536	0.0536	0.0536
0.0537	0.0535	0.0535	0.0537
0.0536	0.0536	0.0536	0.0536
0.0537	0.0535	0.0535	0.0537
0.0536	0.0536	0.0536	0.0536
0.0536	0.0536	0.0536	0.0536
0.0536	0.0536	0.0536	0.0536
0.0536	0.0536	0.0536	0.0536
0.0535	0.0537	0.0537	0.0535
0.0536	0.0536	0.0536	0.0536
