5.2286	5.2732	5.0874	5.1553
4.1037	4.1290	4.0438	4.0701
3.5731	3.5925	3.5297	3.5487
3.1546	3.1679	3.1216	3.1362
2.7913	2.8019	2.7666	2.7775
2.4720	2.4800	2.4533	2.4614
2.1902	2.1960	2.1762	2.1819
1.9411	1.9457	1.9310	1.9354
1.7210	1.7245	1.7132	1.7166
1.5269	1.5297	1.5212	1.5237
1.3555	1.3571	1.3510	1.3530
1.2040	1.2050	1.2007	1.2017
1.0698	1.0711	1.0677	1.0685
0.9516	0.9525	0.9499	0.9505
0.8474	0.8479	0.8458	0.8465
0.7547	0.7555	0.7538	0.7543
0.6733	0.6737	0.6724	0.6727
0.6012	0.6017	0.6009	0.6009
0.5377	0.5376	0.5370	0.5374
0.4810	0.4811	0.4807	0.4809
0.4318	0.4316	0.4315	0.4317
0.3874	0.3877	0.3873	0.3874
0.3484	0.3486	0.3484	0.3484
0.3145	0.3148	0.3145	0.3143
0.2839	0.2840	0.2838	0.2838
0.2569	0.2572	0.2572	0.2569
0.2333	0.2335	0.2335	0.2333
0.2127	0.2128	0.2127	0.2126
0.1943	0.1940	0.1940	0.1943
0.1779	0.1779	0.1779	0.1779
0.1632	0.1635	0.1635	0.1632
0.1503	0.1505	0.1505	0.1503
0.1390	0.1392	0.1392	0.1390
0.1294	0.1290	0.1290	0.1294
0.1210	0.1211	0.1211	0.1210
0.1140	0.1130	0.1130	0.1140
0.1043	0.1048	0.1048	0.1043
0.1006	0.1008	0.1008	0.1006
0.0936	0.0936	0.0936	0.0936
0.0910	0.0910	0.0910	0.0910
0.0836	0.0837	0.0837	0.0836
0.0836	0.0835	0.0835	0.0836
0.0785	0.0788	0.0788	0.0785
0.0737	0.0735	0.0735	0.0737
0.0736	0.0736	0.0736	0.0736
0.0736	0.0735	0.0735	0.0736
0.0694	0.0691	0.0691	0.0694
0.0640	0.0639	0.0639	0.0640
0.0636	0.0636	0.0636	0.0636
0.0636	0.0636	0.0636	0.0636
0.0636	0.0636	0.0636	0.0636
0.0636	0.0636	0.0636	0.0636
0.0636	0.0636	0.0636	0.0636
0.0628	0.0635	0.0635	0.0628
0.0620	0.0623	0.0623	0.0620
0.0575	0.0591	0.0591	0.0575
0.0552	0.0552	0.0552	0.0552
0.0539	0.0546	0.0546	0.0539
0.0538	0.0539	0.0539	0.0538
0.0536	0.0536	0.0536	0.0536
0.0537	0.0536	0.0536	0.0537
0.0536	0.0536	0.0536	0.0536
0.0536	0.0536	0.0536	0.0536
0.0536	0.0536	0.0536	0.0536
0.0536	0.0536	0.0536	0.0536
0.0536	0.0536	0.0536	0.0536
0.0536	0.0536	0.0536	0.0536
0.0536	0.0537	0.0537	0.0536
0.0536	0.0536	0.0536	0.0536
0.0536	0.0536	0.0536	0.0536
0.0536	0.0536	0.0536	0.0536
0.0536	0.0536	0.0536	0.0536
0.0535	0.0538	0.0538	0.0535
0.0536	0.0536	0.0536	0.0536
0.0536	0.0536	0.0536	0.0536
0.0536	0.0536	0.0536	0.0536
0.0537	0.0535	0.0535	0.0537
0.0536	0.0536	0.0536	0.0536
0.0536	0.0536	0.0536	0.0536
0.0536	0.0536	0.0536	0.0536
0.0534	0.0538	0.0538	0.0534
0.0536	0.0536	0.0536	0.0536
0.0536	0.0536	0.0536	0.0536
0.0535	0.0537	0.0537	0.0535
0.0536	0.0536	0.0536	0.0536
0.0536	0.0536	0.0536	0.0536
0.0536	0.0536	0.0536	0.0536
0.0536	0.0536	0.0536	0.0536
0.0536	0.0536	0.0536	0.0536
0.0535	0.0537	0.0537	0.0535
0.0536	0.0536	0.0536	0.0536
0.0536	0.0536	0.0536	0.0536
0.0536	0.0536	0.0536	0.0536
0.0537	0.0535	0.0535	0.0537
0.0536	0.0536	0.0536	0.0536
0.0532	0.0540	0.0540	0.0532
0.0536	0.0536	0.0536	0.0536
0.0535	0.0537	0.0537	0.0535
0.0536	0.0536	0.0536	0.0536
0.0536	0.0536	0.0536	0.0536
