3.6757	3.7124	3.5187	3.5610
2.8798	2.8986	2.8089	2.8280
2.5080	2.5215	2.4565	2.4695
2.2144	2.2244	2.1758	2.1856
1.9607	1.9682	1.9311	1.9385
1.7376	1.7429	1.7152	1.7210
1.5405	1.5446	1.5240	1.5278
1.3664	1.3701	1.3541	1.3576
1.2134	1.2155	1.2040	1.2063
1.0777	1.0801	1.0711	1.0729
0.9589	0.9595	0.9535	0.9546
0.8530	0.8540	0.8492	0.8498
0.7601	0.7607	0.7569	0.7581
0.6774	0.6780	0.6753	0.6761
0.6051	0.6052	0.6031	0.6038
0.5409	0.5411	0.5396	0.5394
0.4845	0.4842	0.4825	0.4836
0.4336	0.4341	0.4335	0.4332
0.3900	0.3899	0.3894	0.3896
0.3507	0.3502	0.3498	0.3502
0.3162	0.3162	0.3161	0.3160
0.2855	0.2851	0.2850	0.2854
0.2586	0.2587	0.2586	0.2585
0.2348	0.2345	0.2344	0.2347
0.2129	0.2142	0.2142	0.2129
0.1952	0.1955	0.1952	0.1952
0.1785	0.1785	0.1785	0.1784
0.1644	0.1643	0.1642	0.1643
0.1508	0.1507	0.1507	0.1508
0.1397	0.1400	0.1400	0.1397
0.1300	0.1299	0.1299	0.1299
0.1212	0.1216	0.1216	0.1212
0.1134	0.1136	0.1136	0.1134
0.1052	0.1050	0.1049	0.1052
0.1013	0.1014	0.1014	0.1013
0.0936	0.0936	0.0936	0.0936
0.0912	0.0912	0.0912	0.0912
0.0836	0.0837	0.0837	0.0836
0.0836	0.0836	0.0836	0.0836
0.0787	0.0788	0.0788	0.0787
0.0736	0.0736	0.0736	0.0736
0.0736	0.0736	0.0736	0.0736
0.0735	0.0735	0.0735	0.0735
0.0699	0.0696	0.0696	0.0699
0.0637	0.0640	0.0640	0.0637
0.0636	0.0636	0.0636	0.0636
0.0636	0.0636	0.0636	0.0636
0.0636	0.0636	0.0636	0.0636
0.0636	0.0636	0.0636	0.0636
0.0633	0.0636	0.0636	0.0633
0.0630	0.0632	0.0632	0.0630
0.0617	0.0624	0.0624	0.0617
0.0597	0.0583	0.0583	0.0597
0.0551	0.0559	0.0559	0.0551
0.0538	0.0542	0.0542	0.0538
0.0537	0.0540	0.0540	0.0537
0.0536	0.0536	0.0536	0.0536
0.0536	0.0536	0.0536	0.0536
0.0536	0.0536	0.0536	0.0536
0.0536	0.0536	0.0536	0.0536
0.0536	0.0536	0.0536	0.0536
0.0536	0.0536	0.0536	0.0536
0.0536	0.0536	0.0536	0.0536
0.0536	0.0536	0.0536	0.0536
0.0536	0.0536	0.0536	0.0536
0.0536	0.0536	0.0536	0.0536
0.0535	0.0537	0.0537	0.0535
0.0536	0.0536	0.0536	0.0536
0.0536	0.0536	0.0536	0.0536
0.0536	0.0536	0.0536	0.0536
0.0536	0.0536	0.0536	0.0536
0.0536	0.0536	0.0536	0.0536
0.0536	0.0536	0.0536	0.0536
0.0537	0.0535	0.0535	0.0537
0.0536	0.0536	0.0536	0.0536
0.0536	0.0536	0.0536	0.0536
0.0536	0.0536	0.0536	0.0536
0.0536	0.0536	0.0536	0.0536
0.0536	0.0536	0.0536	0.0536
0.0536	0.0536	0.0536	0.0536
0.0536	0.0536	0.0536	0.0536
0.0536	0.0536	0.0536	0.0536
0.0536	0.0536	0.0536	0.0536
0.0536	0.0536	0.0536	0.0536
0.0536	0.0536	0.0536	0.0536
0.0537	0.0535	0.0535	0.0537
0.0536	0.0536	0.0536	0.0536
0.0536	0.0536	0.0536	0.0536
0.0535	0.0537	0.0537	0.0535
0.0536	0.0536	0.0536	0.0536
0.0536	0.0536	0.0536	0.0536
0.0536	0.0536	0.0536	0.0536
0.0536	0.0536	0.0536	0.0536
0.0536	0.0536	0.0536	0.0536
0.0536	0.0536	0.0536	0.0536
0.0538	0.0534	0.0534	0.0538
0.0536	0.0536	0.0536	0.0536
0.0536	0.0536	0.0536	0.0536
0.0536	0.0536	0.0536	0.0536
0.0536	0.0536	0.0536	0.0536
