1.1361	1.0648	1.0648	1.0040
0.8803	0.8496	0.8496	0.8199
0.7681	0.7465	0.7465	0.7242
0.6808	0.6641	0.6641	0.6471
0.6056	0.5930	0.5930	0.5805
0.5399	0.5303	0.5303	0.5207
0.4815	0.4750	0.4750	0.4676
0.4316	0.4254	0.4254	0.4210
0.3863	0.3823	0.3823	0.3787
0.3477	0.3442	0.3442	0.3410
0.3124	0.3102	0.3102	0.3084
0.2825	0.2808	0.2808	0.2792
0.2549	0.2541	0.2541	0.2532
0.2322	0.2311	0.2311	0.2302
0.2106	0.2104	0.2104	0.2091
0.1923	0.1917	0.1917	0.1914
0.1771	0.1765	0.1765	0.1762
0.1609	0.1613	0.1613	0.1606
0.1496	0.1490	0.1490	0.1494
0.1382	0.1380	0.1380	0.1378
0.1286	0.1279	0.1279	0.1280
0.1197	0.1198	0.1198	0.1194
0.1134	0.1131	0.1131	0.1133
0.1038	0.1041	0.1041	0.1037
0.0999	0.0993	0.0993	0.0996
0.0936	0.0936	0.0936	0.0936
0.0897	0.0905	0.0905	0.0895
0.0836	0.0837	0.0837	0.0836
0.0835	0.0835	0.0835	0.0835
0.0772	0.0770	0.0770	0.0771
0.0735	0.0738	0.0738	0.0735
0.0736	0.0736	0.0736	0.0736
0.0732	0.0734	0.0734	0.0732
0.0682	0.0683	0.0683	0.0681
0.0639	0.0637	0.0637	0.0639
0.0636	0.0636	0.0636	0.0636
0.0636	0.0636	0.0636	0.0636
0.0637	0.0635	0.0635	0.0637
0.0636	0.0636	0.0636	0.0636
0.0636	0.0635	0.0635	0.0636
0.0630	0.0631	0.0631	0.0630
0.0616	0.0618	0.0618	0.0616
0.0585	0.0577	0.0577	0.0585
0.0550	0.0551	0.0551	0.0550
0.0542	0.0540	0.0540	0.0542
0.0540	0.0538	0.0538	0.0540
0.0537	0.0536	0.0536	0.0537
0.0536	0.0536	0.0536	0.0536
0.0536	0.0536	0.0536	0.0536
0.0536	0.0536	0.0536	0.0536
0.0536	0.0536	0.0536	0.0536
0.0536	0.0536	0.0536	0.0536
0.0536	0.0536	0.0536	0.0536
0.0536	0.0536	0.0536	0.0536
0.0536	0.0536	0.0536	0.0536
0.0536	0.0536	0.0536	0.0536
0.0536	0.0536	0.0536	0.0536
0.0536	0.0536	0.0536	0.0536
0.0536	0.0536	0.0536	0.0536
0.0539	0.0534	0.0534	0.0539
0.0536	0.0536	0.0536	0.0536
0.0536	0.0536	0.0536	0.0536
0.0536	0.0536	0.0536	0.0536
0.0536	0.0536	0.0536	0.0536
0.0536	0.0536	0.0536	0.0536
0.0536	0.0536	0.0536	0.0536
0.0536	0.0536	0.0536	0.0536
0.0536	0.0536	0.0536	0.0536
0.0536	0.0536	0.0536	0.0536
0.0535	0.0537	0.0537	0.0535
0.0536	0.0536	0.0536	0.0536
0.0536	0.0536	0.0536	0.0536
0.0536	0.0536	0.0536	0.0536
0.0537	0.0535	0.0535	0.0537
0.0536	0.0536	0.0536	0.0536
0.0536	0.0536	0.0536	0.0536
0.0536	0.0536	0.0536	0.0536
0.0536	0.0536	0.0536	0.0536
0.0536	0.0536	0.0536	0.0536
0.0536	0.0536	0.0536	0.0536
0.0536	0.0536	0.0536	0.0536
0.0536	0.0536	0.0536	0.0536
0.0537	0.0535	0.0535	0.0537
0.0536	0.0536	0.0536	0.0536
0.0536	0.0536	0.0536	0.0536
0.0536	0.0536	0.0536	0.0536
0.0536	0.0536	0.0536	0.0536
0.0536	0.0536	0.0536	0.0536
0.0536	0.0536	0.0536	0.0536
0.0536	0.0536	0.0536	0.0536
0.0536	0.0536	0.0536	0.0536
0.0536	0.0536	0.0536	0.0536
0.0536	0.0536	0.0536	0.0536
0.0536	0.0536	0.0536	0.0536
0.0536	0.0536	0.0536	0.0536
0.0536	0.0536	0.0536	0.0536
0.0536	0.0536	0.0536	0.0536
0.0536	0.0536	0.0536	0.0536
0.0536	0.0536	0.0536	0.0536
0.0536	0.0536	0.0536	0.0536
