1.9739	1.8471	1.8471	1.7406
1.5208	1.4675	1.4675	1.4134
1.3225	1.2832	1.2832	1.2434
1.1671	1.1371	1.1371	1.1078
1.0327	1.0109	1.0109	0.9886
0.9163	0.8990	0.8990	0.8829
0.8137	0.8011	0.8011	0.7887
0.7235	0.7140	0.7140	0.7048
0.6447	0.6377	0.6377	0.6303
0.5744	0.5698	0.5698	0.5640
0.5134	0.5094	0.5094	0.5056
0.4593	0.4565	0.4565	0.4540
0.4118	0.4098	0.4098	0.4072
0.3701	0.3682	0.3682	0.3666
0.3334	0.3312	0.3312	0.3304
0.3001	0.2993	0.2993	0.2982
0.2719	0.2709	0.2709	0.2702
0.2458	0.2451	0.2451	0.2444
0.2236	0.2232	0.2232	0.2226
0.2039	0.2035	0.2035	0.2030
0.1868	0.1859	0.1859	0.1866
0.1702	0.1698	0.1698	0.1700
0.1573	0.1572	0.1572	0.1572
0.1454	0.1455	0.1455	0.1452
0.1345	0.1342	0.1342	0.1344
0.1246	0.1246	0.1246	0.1246
0.1164	0.1157	0.1157	0.1162
0.1097	0.1099	0.1099	0.1095
0.1033	0.1037	0.1037	0.1033
0.0961	0.0960	0.0960	0.0961
0.0936	0.0936	0.0936	0.0936
0.0862	0.0868	0.0868	0.0862
0.0836	0.0836	0.0836	0.0836
0.0827	0.0830	0.0830	0.0827
0.0746	0.0738	0.0738	0.0746
0.0736	0.0736	0.0736	0.0736
0.0735	0.0736	0.0736	0.0735
0.0725	0.0727	0.0727	0.0725
0.0658	0.0657	0.0657	0.0658
0.0636	0.0636	0.0636	0.0636
0.0636	0.0636	0.0636	0.0636
0.0636	0.0636	0.0636	0.0636
0.0636	0.0636	0.0636	0.0636
0.0636	0.0635	0.0635	0.0636
0.0634	0.0637	0.0637	0.0634
0.0623	0.0629	0.0629	0.0623
0.0605	0.0609	0.0609	0.0605
0.0560	0.0565	0.0565	0.0560
0.0540	0.0550	0.0550	0.0540
0.0540	0.0542	0.0542	0.0540
0.0540	0.0536	0.0536	0.0540
0.0536	0.0536	0.0536	0.0536
0.0536	0.0536	0.0536	0.0536
0.0536	0.0536	0.0536	0.0536
0.0536	0.0536	0.0536	0.0536
0.0536	0.0536	0.0536	0.0536
0.0534	0.0538	0.0538	0.0534
0.0536	0.0536	0.0536	0.0536
0.0536	0.0536	0.0536	0.0536
0.0536	0.0536	0.0536	0.0536
0.0536	0.0536	0.0536	0.0536
0.0536	0.0536	0.0536	0.0536
0.0536	0.0536	0.0536	0.0536
0.0536	0.0536	0.0536	0.0536
0.0536	0.0536	0.0536	0.0536
0.0536	0.0536	0.0536	0.0536
0.0535	0.0537	0.0537	0.0535
0.0536	0.0536	0.0536	0.0536
0.0538	0.0534	0.0534	0.0538
0.0548	0.0524	0.0524	0.0548
0.0536	0.0536	0.0536	0.0536
0.0536	0.0536	0.0536	0.0536
0.0536	0.0536	0.0536	0.0536
0.0536	0.0536	0.0536	0.0536
0.0534	0.0538	0.0538	0.0534
0.0536	0.0536	0.0536	0.0536
0.0536	0.0536	0.0536	0.0536
0.0535	0.0537	0.0537	0.0535
0.0536	0.0536	0.0536	0.0536
0.0536	0.0536	0.0536	0.0536
0.0536	0.0536	0.0536	0.0536
0.0536	0.0536	0.0536	0.0536
0.0537	0.0535	0.0535	0.0537
0.0536	0.0536	0.0536	0.0536
0.0536	0.0536	0.0536	0.0536
0.0536	0.0536	0.0536	0.0536
0.0536	0.0536	0.0536	0.0536
0.0537	0.0535	0.0535	0.0537
0.0536	0.0536	0.0536	0.0536
0.0536	0.0536	0.0536	0.0536
0.0536	0.0536	0.0536	0.0536
0.0536	0.0536	0.0536	0.0536
0.0536	0.0536	0.0536	0.0536
0.0536	0.0536	0.0536	0.0536
0.0536	0.0536	0.0536	0.0536
0.0536	0.0536	0.0536	0.0536
0.0536	0.0536	0.0536	0.0536
0.0537	0.0535	0.0535	0.0537
0.0534	0.0538	0.0538	0.0534
0.0536	0.0536	0.0536	0.0536
