2.5415	2.3851	2.5529	2.3952
1.9847	1.9127	1.9899	1.9177
1.7291	1.6758	1.7322	1.6798
1.5269	1.4874	1.5295	1.4901
1.3526	1.3231	1.3545	1.3249
1.1997	1.1777	1.2012	1.1788
1.0651	1.0479	1.0660	1.0495
0.9462	0.9336	0.9474	0.9347
0.8416	0.8322	0.8424	0.8327
0.7498	0.7425	0.7500	0.7427
0.6679	0.6627	0.6682	0.6630
0.5964	0.5922	0.5967	0.5924
0.5335	0.5296	0.5326	0.5299
0.4769	0.4748	0.4772	0.4747
0.4277	0.4257	0.4279	0.4257
0.3843	0.3825	0.3839	0.3829
0.3457	0.3448	0.3460	0.3447
0.3120	0.3101	0.3111	0.3113
0.2815	0.2813	0.2818	0.2811
0.2548	0.2546	0.2549	0.2546
0.2317	0.2312	0.2315	0.2316
0.2108	0.2107	0.2109	0.2105
0.1924	0.1922	0.1923	0.1922
0.1773	0.1769	0.1769	0.1770
0.1616	0.1615	0.1616	0.1615
0.1491	0.1496	0.1496	0.1491
0.1384	0.1384	0.1384	0.1383
0.1286	0.1282	0.1283	0.1285
0.1198	0.1202	0.1203	0.1198
0.1131	0.1127	0.1127	0.1131
0.1042	0.1037	0.1037	0.1042
0.0996	0.0996	0.0996	0.0996
0.0936	0.0935	0.0935	0.0936
0.0896	0.0903	0.0903	0.0896
0.0837	0.0835	0.0835	0.0837
0.0835	0.0836	0.0836	0.0835
0.0778	0.0772	0.0772	0.0778
0.0736	0.0737	0.0737	0.0736
0.0736	0.0736	0.0736	0.0736
0.0733	0.0736	0.0736	0.0733
0.0685	0.0686	0.0686	0.0685
0.0639	0.0636	0.0636	0.0639
0.0636	0.0636	0.0636	0.0636
0.0635	0.0637	0.0637	0.0635
0.0636	0.0636	0.0636	0.0636
0.0636	0.0636	0.0636	0.0636
0.0636	0.0636	0.0636	0.0636
0.0629	0.0630	0.0630	0.0629
0.0623	0.0620	0.0620	0.0623
0.0574	0.0583	0.0583	0.0574
0.0554	0.0551	0.0551	0.0554
0.0542	0.0543	0.0543	0.0542
0.0517	0.0557	0.0557	0.0517
0.0536	0.0538	0.0538	0.0536
0.0536	0.0536	0.0536	0.0536
0.0536	0.0536	0.0536	0.0536
0.0536	0.0536	0.0536	0.0536
0.0536	0.0536	0.0536	0.0536
0.0536	0.0536	0.0536	0.0536
0.0536	0.0536	0.0536	0.0536
0.0536	0.0536	0.0536	0.0536
0.0536	0.0536	0.0536	0.0536
0.0536	0.0536	0.0536	0.0536
0.0536	0.0536	0.0536	0.0536
0.0536	0.0536	0.0536	0.0536
0.0536	0.0536	0.0536	0.0536
0.0536	0.0536	0.0536	0.0536
0.0536	0.0536	0.0536	0.0536
0.0536	0.0536	0.0536	0.0536
0.0536	0.0536	0.0536	0.0536
0.0536	0.0536	0.0536	0.0536
0.0536	0.0536	0.0536	0.0536
0.0537	0.0535	0.0535	0.0537
0.0536	0.0536	0.0536	0.0536
0.0536	0.0536	0.0536	0.0536
0.0536	0.0536	0.0536	0.0536
0.0535	0.0537	0.0537	0.0535
0.0536	0.0536	0.0536	0.0536
0.0536	0.0536	0.0536	0.0536
0.0536	0.0536	0.0536	0.0536
0.0536	0.0536	0.0536	0.0536
0.0536	0.0536	0.0536	0.0536
0.0536	0.0536	0.0536	0.0536
0.0536	0.0536	0.0536	0.0536
0.0535	0.0537	0.0537	0.0535
0.0536	0.0536	0.0536	0.0536
0.0536	0.0536	0.0536	0.0536
0.0536	0.0536	0.0536	0.0536
0.0536	0.0536	0.0536	0.0536
0.0536	0.0536	0.0536	0.0536
0.0536	0.0536	0.0536	0.0536
0.0536	0.0536	0.0536	0.0536
0.0533	0.0539	0.0539	0.0533
0.0536	0.0536	0.0536	0.0536
0.0536	0.0536	0.0536	0.0536
0.0536	0.0536	0.0536	0.0536
0.0538	0.0534	0.0534	0.0538
0.0536	0.0536	0.0536	0.0536
0.0536	0.0536	0.0536	0.0536
0.0536	0.0536	0.0536	0.0536
