4.4868	4.3495	4.5465	4.4224
3.5236	3.4639	3.5547	3.4947
3.0698	3.0258	3.0921	3.0478
2.7106	2.6775	2.7275	2.6942
2.3991	2.3748	2.4125	2.3873
2.1257	2.1072	2.1354	2.1168
1.8843	1.8704	1.8911	1.8775
1.6709	1.6604	1.6760	1.6657
1.4824	1.4745	1.4866	1.4786
1.3163	1.3102	1.3190	1.3134
1.1687	1.1649	1.1712	1.1672
1.0395	1.0359	1.0409	1.0377
0.9250	0.9224	0.9254	0.9233
0.8232	0.8210	0.8246	0.8225
0.7338	0.7322	0.7339	0.7329
0.6546	0.6534	0.6550	0.6540
0.5842	0.5837	0.5848	0.5839
0.5226	0.5225	0.5234	0.5224
0.4686	0.4678	0.4684	0.4681
0.4199	0.4201	0.4206	0.4198
0.3771	0.3774	0.3777	0.3767
0.3395	0.3390	0.3392	0.3394
0.3066	0.3065	0.3066	0.3065
0.2769	0.2771	0.2772	0.2768
0.2517	0.2510	0.2511	0.2515
0.2283	0.2278	0.2278	0.2282
0.2079	0.2080	0.2082	0.2079
0.1897	0.1892	0.1893	0.1897
0.1742	0.1741	0.1741	0.1742
0.1595	0.1598	0.1598	0.1595
0.1479	0.1475	0.1475	0.1479
0.1370	0.1363	0.1363	0.1370
0.1265	0.1270	0.1270	0.1265
0.1186	0.1184	0.1184	0.1186
0.1113	0.1123	0.1123	0.1113
0.1036	0.1036	0.1036	0.1036
0.0981	0.0984	0.0984	0.0981
0.0937	0.0935	0.0935	0.0937
0.0885	0.0883	0.0883	0.0885
0.0836	0.0836	0.0836	0.0836
0.0833	0.0836	0.0836	0.0833
0.0761	0.0755	0.0755	0.0761
0.0736	0.0736	0.0736	0.0736
0.0736	0.0736	0.0736	0.0736
0.0734	0.0734	0.0734	0.0734
0.0679	0.0673	0.0673	0.0679
0.0637	0.0636	0.0636	0.0637
0.0636	0.0636	0.0636	0.0636
0.0636	0.0636	0.0636	0.0636
0.0636	0.0636	0.0636	0.0636
0.0638	0.0634	0.0634	0.0638
0.0636	0.0635	0.0635	0.0636
0.0634	0.0629	0.0629	0.0634
0.0613	0.0625	0.0625	0.0613
0.0578	0.0572	0.0572	0.0578
0.0550	0.0548	0.0548	0.0550
0.0541	0.0539	0.0539	0.0541
0.0541	0.0534	0.0534	0.0541
0.0536	0.0536	0.0536	0.0536
0.0536	0.0536	0.0536	0.0536
0.0536	0.0536	0.0536	0.0536
0.0536	0.0536	0.0536	0.0536
0.0536	0.0536	0.0536	0.0536
0.0536	0.0536	0.0536	0.0536
0.0536	0.0536	0.0536	0.0536
0.0534	0.0539	0.0539	0.0534
0.0536	0.0536	0.0536	0.0536
0.0536	0.0536	0.0536	0.0536
0.0536	0.0536	0.0536	0.0536
0.0536	0.0536	0.0536	0.0536
0.0536	0.0536	0.0536	0.0536
0.0536	0.0536	0.0536	0.0536
0.0536	0.0536	0.0536	0.0536
0.0536	0.0536	0.0536	0.0536
0.0536	0.0536	0.0536	0.0536
0.0536	0.0536	0.0536	0.0536
0.0536	0.0536	0.0536	0.0536
0.0536	0.0536	0.0536	0.0536
0.0536	0.0536	0.0536	0.0536
0.0536	0.0536	0.0536	0.0536
0.0536	0.0536	0.0536	0.0536
0.0536	0.0536	0.0536	0.0536
0.0536	0.0536	0.0536	0.0536
0.0536	0.0536	0.0536	0.0536
0.0536	0.0536	0.0536	0.0536
0.0540	0.0532	0.0532	0.0540
0.0536	0.0536	0.0536	0.0536
0.0536	0.0536	0.0536	0.0536
0.0536	0.0536	0.0536	0.0536
0.0536	0.0536	0.0536	0.0536
0.0536	0.0536	0.0536	0.0536
0.0536	0.0536	0.0536	0.0536
0.0536	0.0536	0.0536	0.0536
0.0536	0.0536	0.0536	0.0536
0.0536	0.0536	0.0536	0.0536
0.0536	0.0536	0.0536	0.0536
0.0540	0.0532	0.0532	0.0540
0.0536	0.0536	0.0536	0.0536
0.0536	0.0536	0.0536	0.0536
0.0536	0.0536	0.0536	0.0536
