7.5060	7.5400	7.5664	7.6006
5.9255	5.9405	5.9537	5.9685
5.1629	5.1747	5.1836	5.1948
4.5591	4.5674	4.5746	4.5833
4.0355	4.0415	4.0463	4.0530
3.5733	3.5777	3.5817	3.5868
3.1647	3.1684	3.1712	3.1750
2.8035	2.8067	2.8079	2.8111
2.4842	2.4862	2.4882	2.4902
2.2018	2.2036	2.2048	2.2067
1.9524	1.9543	1.9547	1.9558
1.7319	1.7329	1.7332	1.7342
1.5366	1.5377	1.5382	1.5388
1.3645	1.3652	1.3657	1.3655
1.2124	1.2126	1.2127	1.2134
1.0774	1.0782	1.0784	1.0783
0.9588	0.9591	0.9591	0.9592
0.8533	0.8535	0.8539	0.8539
0.7604	0.7601	0.7602	0.7609
0.6782	0.6784	0.6784	0.6784
0.6056	0.6057	0.6058	0.6061
0.5411	0.5417	0.5417	0.5415
0.4849	0.4850	0.4850	0.4849
0.4344	0.4346	0.4346	0.4345
0.3905	0.3901	0.3902	0.3908
0.3509	0.3511	0.3511	0.3509
0.3170	0.3166	0.3166	0.3170
0.2860	0.2859	0.2859	0.2861
0.2594	0.2588	0.2588	0.2594
0.2347	0.2349	0.2349	0.2347
0.2141	0.2140	0.2140	0.2141
0.1955	0.1958	0.1958	0.1955
0.1785	0.1788	0.1788	0.1785
0.1646	0.1646	0.1646	0.1646
0.1509	0.1510	0.1510	0.1509
0.1400	0.1396	0.1396	0.1400
0.1301	0.1300	0.1300	0.1301
0.1220	0.1212	0.1212	0.1220
0.1135	0.1136	0.1136	0.1135
0.1054	0.1049	0.1049	0.1054
0.1011	0.1013	0.1013	0.1011
0.0936	0.0936	0.0936	0.0936
0.0915	0.0916	0.0916	0.0915
0.0837	0.0836	0.0836	0.0837
0.0836	0.0836	0.0836	0.0836
0.0787	0.0792	0.0792	0.0787
0.0737	0.0736	0.0736	0.0737
0.0736	0.0736	0.0736	0.0736
0.0734	0.0734	0.0734	0.0734
0.0700	0.0699	0.0699	0.0700
0.0645	0.0637	0.0637	0.0645
0.0636	0.0636	0.0636	0.0636
0.0636	0.0636	0.0636	0.0636
0.0636	0.0636	0.0636	0.0636
0.0636	0.0636	0.0636	0.0636
0.0636	0.0635	0.0635	0.0636
0.0631	0.0631	0.0631	0.0631
0.0628	0.0620	0.0620	0.0628
0.0580	0.0592	0.0592	0.0580
0.0553	0.0551	0.0551	0.0553
0.0545	0.0545	0.0545	0.0545
0.0537	0.0536	0.0536	0.0537
0.0538	0.0537	0.0537	0.0538
0.0539	0.0535	0.0535	0.0539
0.0537	0.0535	0.0535	0.0537
0.0539	0.0535	0.0535	0.0539
0.0536	0.0536	0.0536	0.0536
0.0536	0.0536	0.0536	0.0536
0.0536	0.0536	0.0536	0.0536
0.0536	0.0536	0.0536	0.0536
0.0536	0.0536	0.0536	0.0536
0.0536	0.0536	0.0536	0.0536
0.0537	0.0536	0.0536	0.0537
0.0536	0.0536	0.0536	0.0536
0.0536	0.0536	0.0536	0.0536
0.0537	0.0535	0.0535	0.0537
0.0536	0.0537	0.0537	0.0536
0.0536	0.0536	0.0536	0.0536
0.0536	0.0536	0.0536	0.0536
0.0539	0.0533	0.0533	0.0539
0.0536	0.0536	0.0536	0.0536
0.0536	0.0536	0.0536	0.0536
0.0536	0.0536	0.0536	0.0536
0.0536	0.0536	0.0536	0.0536
0.0536	0.0536	0.0536	0.0536
0.0536	0.0536	0.0536	0.0536
0.0536	0.0536	0.0536	0.0536
0.0536	0.0536	0.0536	0.0536
0.0537	0.0535	0.0535	0.0537
0.0537	0.0535	0.0535	0.0537
0.0536	0.0536	0.0536	0.0536
0.0536	0.0536	0.0536	0.0536
0.0537	0.0535	0.0535	0.0537
0.0536	0.0536	0.0536	0.0536
0.0536	0.0536	0.0536	0.0536
0.0536	0.0536	0.0536	0.0536
0.0537	0.0535	0.0535	0.0537
0.0536	0.0536	0.0536	0.0536
0.0536	0.0536	0.0536	0.0536
0.0536	0.0536	0.0536	0.0536
