1.1338	1.0691	1.2100	1.1338
0.9046	0.8722	0.9368	0.9046
0.7938	0.7702	0.8179	0.7938
0.7055	0.6885	0.7239	0.7055
0.6299	0.6163	0.6433	0.6299
0.5628	0.5525	0.5728	0.5628
0.5037	0.4959	0.5110	0.5037
0.4514	0.4453	0.4570	0.4514
0.4051	0.4009	0.4096	0.4051
0.3643	0.3610	0.3678	0.3643
0.3279	0.3260	0.3303	0.3279
0.2962	0.2943	0.2981	0.2962
0.2681	0.2662	0.2694	0.2681
0.2434	0.2419	0.2438	0.2434
0.2211	0.2202	0.2215	0.2211
0.2015	0.2006	0.2019	0.2015
0.1845	0.1835	0.1851	0.1845
0.1689	0.1686	0.1693	0.1689
0.1563	0.1560	0.1564	0.1563
0.1437	0.1441	0.1446	0.1437
0.1334	0.1333	0.1335	0.1334
0.1236	0.1240	0.1240	0.1236
0.1154	0.1146	0.1148	0.1154
0.1084	0.1084	0.1086	0.1084
0.1036	0.1034	0.1035	0.1036
0.0951	0.0947	0.0948	0.0951
0.0936	0.0936	0.0936	0.0936
0.0853	0.0852	0.0854	0.0853
0.0836	0.0836	0.0836	0.0836
0.0820	0.0822	0.0822	0.0820
0.0744	0.0740	0.0740	0.0744
0.0736	0.0736	0.0736	0.0736
0.0736	0.0736	0.0736	0.0736
0.0723	0.0722	0.0723	0.0723
0.0645	0.0645	0.0645	0.0645
0.0636	0.0636	0.0636	0.0636
0.0636	0.0636	0.0636	0.0636
0.0636	0.0636	0.0636	0.0636
0.0636	0.0636	0.0636	0.0636
0.0635	0.0636	0.0636	0.0635
0.0634	0.0634	0.0634	0.0634
0.0625	0.0632	0.0632	0.0625
0.0603	0.0606	0.0606	0.0603
0.0561	0.0561	0.0561	0.0561
0.0543	0.0544	0.0544	0.0543
0.0541	0.0538	0.0538	0.0541
0.0537	0.0537	0.0537	0.0537
0.0536	0.0536	0.0536	0.0536
0.0536	0.0536	0.0536	0.0536
0.0537	0.0536	0.0536	0.0537
0.0536	0.0536	0.0536	0.0536
0.0536	0.0536	0.0536	0.0536
0.0536	0.0536	0.0536	0.0536
0.0536	0.0536	0.0536	0.0536
0.0536	0.0536	0.0536	0.0536
0.0536	0.0536	0.0536	0.0536
0.0536	0.0536	0.0536	0.0536
0.0536	0.0536	0.0536	0.0536
0.0536	0.0536	0.0536	0.0536
0.0536	0.0536	0.0536	0.0536
0.0536	0.0536	0.0536	0.0536
0.0536	0.0536	0.0536	0.0536
0.0536	0.0536	0.0536	0.0536
0.0536	0.0537	0.0537	0.0536
0.0536	0.0536	0.0536	0.0536
0.0536	0.0536	0.0536	0.0536
0.0536	0.0536	0.0536	0.0536
0.0536	0.0536	0.0536	0.0536
0.0536	0.0536	0.0536	0.0536
0.0536	0.0536	0.0536	0.0536
0.0534	0.0538	0.0538	0.0534
0.0536	0.0536	0.0536	0.0536
0.0536	0.0536	0.0536	0.0536
0.0536	0.0536	0.0536	0.0536
0.0536	0.0536	0.0536	0.0536
0.0536	0.0536	0.0536	0.0536
0.0536	0.0536	0.0536	0.0536
0.0536	0.0536	0.0536	0.0536
0.0536	0.0536	0.0536	0.0536
0.0536	0.0536	0.0536	0.0536
0.0536	0.0536	0.0536	0.0536
0.0536	0.0536	0.0536	0.0536
0.0536	0.0536	0.0536	0.0536
0.0536	0.0536	0.0536	0.0536
0.0536	0.0536	0.0536	0.0536
0.0536	0.0536	0.0536	0.0536
0.0536	0.0536	0.0536	0.0536
0.0536	0.0536	0.0536	0.0536
0.0536	0.0536	0.0536	0.0536
0.0536	0.0536	0.0536	0.0536
0.0536	0.0536	0.0536	0.0536
0.0536	0.0536	0.0536	0.0536
0.0536	0.0536	0.0536	0.0536
0.0535	0.0537	0.0537	0.0535
0.0536	0.0536	0.0536	0.0536
0.0535	0.0537	0.0537	0.0535
0.0536	0.0536	0.0536	0.0536
0.0536	0.0536	0.0536	0.0536
0.0536	0.0536	0.0536	0.0536
0.0536	0.0536	0.0536	0.0536
