5.5811	5.4494	5.6120	5.4705
4.3810	4.3181	4.3933	4.3303
3.8138	3.7676	3.8226	3.7763
3.3650	3.3302	3.3717	3.3375
2.9771	2.9510	2.9820	2.9561
2.6355	2.6156	2.6394	2.6202
2.3341	2.3197	2.3374	2.3227
2.0663	2.0593	2.0722	2.0575
1.8332	1.8250	1.8348	1.8268
1.6261	1.6197	1.6273	1.6210
1.4428	1.4382	1.4437	1.4391
1.2809	1.2774	1.2818	1.2783
1.1383	1.1355	1.1386	1.1362
1.0121	1.0096	1.0121	1.0104
0.9005	0.8988	0.9007	0.8996
0.8018	0.8006	0.8021	0.8009
0.7149	0.7143	0.7147	0.7140
0.6378	0.6371	0.6378	0.6375
0.5702	0.5692	0.5699	0.5697
0.5098	0.5095	0.5099	0.5093
0.4569	0.4564	0.4572	0.4566
0.4102	0.4096	0.4099	0.4099
0.3684	0.3684	0.3686	0.3684
0.3313	0.3314	0.3316	0.3313
0.2997	0.2990	0.2992	0.2996
0.2709	0.2711	0.2711	0.2709
0.2456	0.2453	0.2453	0.2455
0.2232	0.2232	0.2232	0.2232
0.2035	0.2032	0.2033	0.2035
0.1865	0.1868	0.1868	0.1865
0.1701	0.1705	0.1705	0.1701
0.1573	0.1576	0.1576	0.1573
0.1456	0.1452	0.1452	0.1456
0.1347	0.1344	0.1344	0.1347
0.1245	0.1245	0.1246	0.1245
0.1163	0.1163	0.1163	0.1163
0.1097	0.1096	0.1096	0.1097
0.1035	0.1036	0.1036	0.1035
0.0956	0.0961	0.0961	0.0956
0.0935	0.0936	0.0936	0.0935
0.0867	0.0864	0.0864	0.0867
0.0836	0.0836	0.0836	0.0836
0.0829	0.0830	0.0830	0.0829
0.0741	0.0743	0.0743	0.0741
0.0736	0.0736	0.0736	0.0736
0.0736	0.0735	0.0735	0.0736
0.0729	0.0728	0.0728	0.0729
0.0664	0.0661	0.0661	0.0664
0.0638	0.0637	0.0637	0.0638
0.0636	0.0636	0.0636	0.0636
0.0636	0.0636	0.0636	0.0636
0.0636	0.0636	0.0636	0.0636
0.0636	0.0636	0.0636	0.0636
0.0634	0.0632	0.0632	0.0634
0.0622	0.0631	0.0631	0.0622
0.0606	0.0618	0.0618	0.0606
0.0559	0.0568	0.0568	0.0559
0.0545	0.0550	0.0550	0.0545
0.0541	0.0541	0.0541	0.0541
0.0538	0.0537	0.0537	0.0538
0.0536	0.0537	0.0537	0.0536
0.0536	0.0536	0.0536	0.0536
0.0536	0.0536	0.0536	0.0536
0.0536	0.0536	0.0536	0.0536
0.0535	0.0537	0.0537	0.0535
0.0536	0.0536	0.0536	0.0536
0.0537	0.0535	0.0535	0.0537
0.0536	0.0536	0.0536	0.0536
0.0536	0.0536	0.0536	0.0536
0.0536	0.0536	0.0536	0.0536
0.0536	0.0536	0.0536	0.0536
0.0535	0.0537	0.0537	0.0535
0.0536	0.0536	0.0536	0.0536
0.0534	0.0538	0.0538	0.0534
0.0536	0.0536	0.0536	0.0536
0.0536	0.0536	0.0536	0.0536
0.0538	0.0535	0.0535	0.0538
0.0536	0.0536	0.0536	0.0536
0.0536	0.0536	0.0536	0.0536
0.0536	0.0536	0.0536	0.0536
0.0536	0.0536	0.0536	0.0536
0.0537	0.0535	0.0535	0.0537
0.0536	0.0536	0.0536	0.0536
0.0536	0.0536	0.0536	0.0536
0.0536	0.0536	0.0536	0.0536
0.0536	0.0536	0.0536	0.0536
0.0537	0.0535	0.0535	0.0537
0.0536	0.0536	0.0536	0.0536
0.0536	0.0536	0.0536	0.0536
0.0536	0.0536	0.0536	0.0536
0.0536	0.0536	0.0536	0.0536
0.0536	0.0536	0.0536	0.0536
0.0536	0.0536	0.0536	0.0536
0.0536	0.0536	0.0536	0.0536
0.0536	0.0536	0.0536	0.0536
0.0536	0.0536	0.0536	0.0536
0.0536	0.0536	0.0536	0.0536
0.0536	0.0536	0.0536	0.0536
0.0536	0.0536	0.0536	0.0536
0.0536	0.0536	0.0536	0.0536
