3.6039	3.5716	3.7448	3.7228
2.8608	2.8489	2.9278	2.9150
2.4988	2.4896	2.5475	2.5390
2.2112	2.2043	2.2478	2.2417
1.9612	1.9567	1.9893	1.9839
1.7409	1.7374	1.7618	1.7579
1.5459	1.5431	1.5615	1.5585
1.3733	1.3712	1.3852	1.3831
1.2201	1.2190	1.2296	1.2273
1.0853	1.0841	1.0921	1.0908
0.9659	0.9645	0.9705	0.9695
0.8600	0.8593	0.8636	0.8634
0.7663	0.7659	0.7695	0.7688
0.6835	0.6831	0.6858	0.6853
0.6103	0.6106	0.6120	0.6121
0.5459	0.5457	0.5468	0.5468
0.4882	0.4884	0.4894	0.4891
0.4380	0.4378	0.4386	0.4385
0.3932	0.3937	0.3943	0.3935
0.3540	0.3541	0.3546	0.3542
0.3190	0.3188	0.3193	0.3194
0.2881	0.2883	0.2886	0.2883
0.2612	0.2612	0.2617	0.2614
0.2364	0.2364	0.2365	0.2366
0.2154	0.2154	0.2156	0.2154
0.1972	0.1972	0.1973	0.1972
0.1794	0.1798	0.1799	0.1794
0.1658	0.1660	0.1660	0.1658
0.1520	0.1518	0.1519	0.1520
0.1408	0.1405	0.1406	0.1408
0.1308	0.1307	0.1307	0.1308
0.1226	0.1224	0.1224	0.1226
0.1136	0.1136	0.1136	0.1136
0.1062	0.1060	0.1060	0.1062
0.1017	0.1019	0.1019	0.1017
0.0939	0.0936	0.0936	0.0939
0.0923	0.0923	0.0923	0.0923
0.0837	0.0838	0.0838	0.0837
0.0836	0.0836	0.0836	0.0836
0.0794	0.0797	0.0797	0.0794
0.0736	0.0738	0.0738	0.0736
0.0736	0.0736	0.0736	0.0736
0.0736	0.0735	0.0735	0.0736
0.0713	0.0699	0.0699	0.0713
0.0639	0.0642	0.0642	0.0639
0.0636	0.0636	0.0636	0.0636
0.0636	0.0637	0.0637	0.0636
0.0636	0.0636	0.0636	0.0636
0.0636	0.0635	0.0635	0.0636
0.0636	0.0636	0.0636	0.0636
0.0634	0.0635	0.0635	0.0634
0.0622	0.0624	0.0624	0.0622
0.0589	0.0591	0.0591	0.0589
0.0553	0.0552	0.0552	0.0553
0.0546	0.0542	0.0542	0.0546
0.0538	0.0540	0.0540	0.0538
0.0537	0.0536	0.0536	0.0537
0.0536	0.0536	0.0536	0.0536
0.0538	0.0534	0.0534	0.0538
0.0537	0.0536	0.0536	0.0537
0.0536	0.0536	0.0536	0.0536
0.0538	0.0534	0.0534	0.0538
0.0536	0.0536	0.0536	0.0536
0.0535	0.0537	0.0537	0.0535
0.0536	0.0536	0.0536	0.0536
0.0537	0.0535	0.0535	0.0537
0.0536	0.0536	0.0536	0.0536
0.0536	0.0536	0.0536	0.0536
0.0536	0.0536	0.0536	0.0536
0.0535	0.0537	0.0537	0.0535
0.0536	0.0537	0.0537	0.0536
0.0536	0.0536	0.0536	0.0536
0.0536	0.0536	0.0536	0.0536
0.0536	0.0536	0.0536	0.0536
0.0536	0.0536	0.0536	0.0536
0.0536	0.0536	0.0536	0.0536
0.0536	0.0536	0.0536	0.0536
0.0536	0.0537	0.0537	0.0536
0.0536	0.0536	0.0536	0.0536
0.0536	0.0536	0.0536	0.0536
0.0536	0.0536	0.0536	0.0536
0.0536	0.0536	0.0536	0.0536
0.0536	0.0536	0.0536	0.0536
0.0536	0.0536	0.0536	0.0536
0.0536	0.0536	0.0536	0.0536
0.0536	0.0536	0.0536	0.0536
0.0536	0.0536	0.0536	0.0536
0.0536	0.0536	0.0536	0.0536
0.0536	0.0536	0.0536	0.0536
0.0533	0.0539	0.0539	0.0533
0.0536	0.0536	0.0536	0.0536
0.0536	0.0536	0.0536	0.0536
0.0536	0.0536	0.0536	0.0536
0.0536	0.0536	0.0536	0.0536
0.0536	0.0536	0.0536	0.0536
0.0536	0.0536	0.0536	0.0536
0.0536	0.0536	0.0536	0.0536
0.0536	0.0536	0.0536	0.0536
0.0535	0.0537	0.0537	0.0535
0.0536	0.0536	0.0536	0.0536
