0.9618	1.0192	1.0192	1.0875
0.7860	0.8146	0.8146	0.8434
0.6939	0.7146	0.7146	0.7367
0.6208	0.6372	0.6372	0.6529
0.5573	0.5688	0.5688	0.5811
0.4996	0.5088	0.5088	0.5179
0.4492	0.4562	0.4562	0.4630
0.4042	0.4096	0.4096	0.4142
0.3641	0.3680	0.3680	0.3716
0.3286	0.3312	0.3312	0.3344
0.2969	0.2989	0.2989	0.3013
0.2687	0.2706	0.2706	0.2724
0.2439	0.2450	0.2450	0.2462
0.2223	0.2228	0.2228	0.2239
0.2021	0.2031	0.2031	0.2039
0.1858	0.1865	0.1865	0.1867
0.1697	0.1701	0.1701	0.1703
0.1570	0.1571	0.1571	0.1574
0.1450	0.1453	0.1453	0.1455
0.1339	0.1343	0.1343	0.1342
0.1245	0.1246	0.1246	0.1245
0.1154	0.1162	0.1162	0.1158
0.1096	0.1095	0.1095	0.1098
0.1036	0.1035	0.1035	0.1036
0.0958	0.0960	0.0960	0.0958
0.0935	0.0935	0.0935	0.0935
0.0844	0.0877	0.0877	0.0846
0.0835	0.0836	0.0836	0.0835
0.0824	0.0831	0.0831	0.0824
0.0740	0.0745	0.0745	0.0740
0.0736	0.0736	0.0736	0.0736
0.0734	0.0737	0.0737	0.0734
0.0724	0.0728	0.0728	0.0724
0.0661	0.0647	0.0647	0.0661
0.0636	0.0637	0.0637	0.0636
0.0636	0.0637	0.0637	0.0636
0.0636	0.0636	0.0636	0.0636
0.0636	0.0636	0.0636	0.0636
0.0636	0.0636	0.0636	0.0636
0.0634	0.0635	0.0635	0.0634
0.0628	0.0628	0.0628	0.0629
0.0615	0.0604	0.0604	0.0615
0.0569	0.0560	0.0560	0.0569
0.0545	0.0546	0.0546	0.0545
0.0539	0.0541	0.0541	0.0539
0.0537	0.0536	0.0536	0.0537
0.0536	0.0536	0.0536	0.0536
0.0536	0.0537	0.0537	0.0536
0.0536	0.0536	0.0536	0.0536
0.0536	0.0536	0.0536	0.0536
0.0536	0.0536	0.0536	0.0536
0.0536	0.0536	0.0536	0.0536
0.0537	0.0536	0.0536	0.0537
0.0536	0.0536	0.0536	0.0536
0.0534	0.0539	0.0539	0.0534
0.0536	0.0536	0.0536	0.0536
0.0536	0.0536	0.0536	0.0536
0.0535	0.0537	0.0537	0.0535
0.0536	0.0536	0.0536	0.0536
0.0536	0.0536	0.0536	0.0536
0.0536	0.0536	0.0536	0.0536
0.0536	0.0536	0.0536	0.0536
0.0536	0.0536	0.0536	0.0536
0.0536	0.0536	0.0536	0.0536
0.0537	0.0535	0.0535	0.0537
0.0535	0.0537	0.0537	0.0535
0.0536	0.0536	0.0536	0.0536
0.0536	0.0536	0.0536	0.0536
0.0536	0.0536	0.0536	0.0536
0.0536	0.0536	0.0536	0.0536
0.0536	0.0536	0.0536	0.0536
0.0536	0.0536	0.0536	0.0536
0.0536	0.0536	0.0536	0.0536
0.0536	0.0536	0.0536	0.0536
0.0536	0.0536	0.0536	0.0536
0.0536	0.0536	0.0536	0.0536
0.0536	0.0536	0.0536	0.0536
0.0536	0.0536	0.0536	0.0536
0.0536	0.0536	0.0536	0.0536
0.0536	0.0536	0.0536	0.0536
0.0536	0.0536	0.0536	0.0536
0.0536	0.0536	0.0536	0.0536
0.0536	0.0536	0.0536	0.0536
0.0536	0.0536	0.0536	0.0536
0.0536	0.0536	0.0536	0.0536
0.0536	0.0536	0.0536	0.0536
0.0537	0.0535	0.0535	0.0537
0.0536	0.0536	0.0536	0.0536
0.0536	0.0536	0.0536	0.0536
0.0536	0.0536	0.0536	0.0536
0.0536	0.0536	0.0536	0.0536
0.0536	0.0536	0.0536	0.0536
0.0536	0.0536	0.0536	0.0536
0.0536	0.0536	0.0536	0.0536
0.0536	0.0536	0.0536	0.0536
0.0536	0.0536	0.0536	0.0536
0.0536	0.0536	0.0536	0.0536
0.0534	0.0538	0.0538	0.0534
0.0536	0.0536	0.0536	0.0536
0.0537	0.0535	0.0535	0.0537
