4.5871	4.7200	4.6067	4.7115
3.6423	3.6967	3.6448	3.6987
3.1779	3.2182	3.1802	3.2201
2.8107	2.8407	2.8117	2.8419
2.4908	2.5138	2.4921	2.5146
2.2090	2.2260	2.2097	2.2265
1.9590	1.9723	1.9603	1.9726
1.7386	1.7484	1.7391	1.7488
1.5434	1.5507	1.5438	1.5509
1.3705	1.3761	1.3711	1.3763
1.2181	1.2221	1.2180	1.2225
1.0828	1.0859	1.0830	1.0860
0.9635	0.9657	0.9635	0.9658
0.8579	0.8595	0.8576	0.8594
0.7643	0.7656	0.7647	0.7657
0.6817	0.6827	0.6819	0.6824
0.6085	0.6096	0.6088	0.6095
0.5440	0.5449	0.5447	0.5448
0.4870	0.4879	0.4875	0.4878
0.4366	0.4376	0.4370	0.4370
0.3925	0.3928	0.3925	0.3926
0.3529	0.3531	0.3529	0.3532
0.3182	0.3185	0.3181	0.3184
0.2876	0.2875	0.2874	0.2878
0.2604	0.2602	0.2601	0.2605
0.2359	0.2359	0.2359	0.2359
0.2152	0.2151	0.2151	0.2152
0.1962	0.1968	0.1967	0.1962
0.1792	0.1794	0.1793	0.1793
0.1652	0.1656	0.1656	0.1652
0.1514	0.1518	0.1518	0.1514
0.1406	0.1400	0.1400	0.1406
0.1303	0.1305	0.1305	0.1303
0.1220	0.1219	0.1219	0.1220
0.1137	0.1135	0.1135	0.1137
0.1057	0.1059	0.1059	0.1057
0.1021	0.1023	0.1023	0.1021
0.0937	0.0936	0.0936	0.0937
0.0921	0.0918	0.0918	0.0921
0.0837	0.0837	0.0837	0.0837
0.0836	0.0836	0.0836	0.0836
0.0794	0.0793	0.0793	0.0794
0.0737	0.0736	0.0736	0.0737
0.0736	0.0736	0.0736	0.0736
0.0735	0.0735	0.0735	0.0735
0.0704	0.0710	0.0710	0.0704
0.0644	0.0640	0.0640	0.0644
0.0636	0.0636	0.0636	0.0636
0.0636	0.0636	0.0636	0.0636
0.0636	0.0636	0.0636	0.0636
0.0636	0.0636	0.0636	0.0636
0.0636	0.0636	0.0636	0.0636
0.0632	0.0634	0.0634	0.0632
0.0623	0.0627	0.0627	0.0623
0.0586	0.0601	0.0601	0.0586
0.0559	0.0553	0.0553	0.0559
0.0545	0.0550	0.0550	0.0545
0.0537	0.0538	0.0538	0.0537
0.0537	0.0538	0.0538	0.0537
0.0536	0.0537	0.0537	0.0536
0.0536	0.0536	0.0536	0.0536
0.0536	0.0536	0.0536	0.0536
0.0536	0.0536	0.0536	0.0536
0.0536	0.0536	0.0536	0.0536
0.0536	0.0536	0.0536	0.0536
0.0536	0.0536	0.0536	0.0536
0.0536	0.0536	0.0536	0.0536
0.0536	0.0536	0.0536	0.0536
0.0537	0.0535	0.0535	0.0537
0.0536	0.0536	0.0536	0.0536
0.0536	0.0536	0.0536	0.0536
0.0536	0.0536	0.0536	0.0536
0.0536	0.0536	0.0536	0.0536
0.0536	0.0536	0.0536	0.0536
0.0537	0.0535	0.0535	0.0537
0.0536	0.0536	0.0536	0.0536
0.0536	0.0536	0.0536	0.0536
0.0536	0.0536	0.0536	0.0536
0.0536	0.0536	0.0536	0.0536
0.0536	0.0536	0.0536	0.0536
0.0536	0.0536	0.0536	0.0536
0.0536	0.0536	0.0536	0.0536
0.0536	0.0536	0.0536	0.0536
0.0536	0.0536	0.0536	0.0536
0.0535	0.0537	0.0537	0.0535
0.0536	0.0536	0.0536	0.0536
0.0536	0.0536	0.0536	0.0536
0.0536	0.0536	0.0536	0.0536
0.0536	0.0536	0.0536	0.0536
0.0536	0.0536	0.0536	0.0536
0.0536	0.0536	0.0536	0.0536
0.0536	0.0536	0.0536	0.0536
0.0536	0.0536	0.0536	0.0536
0.0536	0.0536	0.0536	0.0536
0.0536	0.0536	0.0536	0.0536
0.0536	0.0536	0.0536	0.0536
0.0536	0.0536	0.0536	0.0536
0.0536	0.0536	0.0536	0.0536
0.0535	0.0537	0.0537	0.0535
0.0536	0.0536	0.0536	0.0536
