3.7443	3.7770	3.5130	3.5412
2.9218	2.9354	2.8146	2.8282
2.5422	2.5516	2.4626	2.4734
2.2423	2.2499	2.1833	2.1910
1.9832	1.9892	1.9389	1.9449
1.7562	1.7606	1.7231	1.7273
1.5565	1.5599	1.5314	1.5341
1.3805	1.3826	1.3613	1.3635
1.2248	1.2266	1.2106	1.2127
1.0881	1.0896	1.0773	1.0786
0.9670	0.9682	0.9589	0.9598
0.8603	0.8611	0.8544	0.8551
0.7660	0.7667	0.7618	0.7620
0.6828	0.6838	0.6796	0.6802
0.6097	0.6099	0.6069	0.6076
0.5449	0.5450	0.5430	0.5432
0.4878	0.4879	0.4860	0.4867
0.4372	0.4373	0.4358	0.4361
0.3922	0.3925	0.3919	0.3917
0.3529	0.3529	0.3522	0.3523
0.3186	0.3182	0.3176	0.3180
0.2872	0.2874	0.2870	0.2866
0.2610	0.2604	0.2601	0.2603
0.2358	0.2358	0.2356	0.2355
0.2147	0.2149	0.2148	0.2145
0.1961	0.1966	0.1965	0.1960
0.1790	0.1794	0.1794	0.1789
0.1657	0.1656	0.1654	0.1654
0.1515	0.1519	0.1518	0.1514
0.1404	0.1402	0.1402	0.1404
0.1306	0.1303	0.1302	0.1305
0.1229	0.1209	0.1208	0.1229
0.1135	0.1136	0.1135	0.1135
0.1055	0.1057	0.1057	0.1055
0.1012	0.1021	0.1021	0.1012
0.0937	0.0936	0.0936	0.0937
0.0923	0.0921	0.0920	0.0923
0.0841	0.0836	0.0836	0.0841
0.0836	0.0836	0.0836	0.0836
0.0795	0.0787	0.0787	0.0795
0.0737	0.0735	0.0735	0.0737
0.0736	0.0736	0.0736	0.0736
0.0735	0.0735	0.0735	0.0735
0.0697	0.0709	0.0709	0.0697
0.0641	0.0641	0.0641	0.0641
0.0630	0.0642	0.0642	0.0630
0.0635	0.0637	0.0637	0.0635
0.0636	0.0636	0.0636	0.0636
0.0636	0.0636	0.0636	0.0636
0.0636	0.0635	0.0635	0.0636
0.0633	0.0633	0.0633	0.0633
0.0624	0.0627	0.0627	0.0624
0.0590	0.0595	0.0595	0.0590
0.0548	0.0560	0.0560	0.0548
0.0542	0.0542	0.0542	0.0542
0.0538	0.0538	0.0538	0.0538
0.0537	0.0536	0.0536	0.0537
0.0536	0.0536	0.0536	0.0536
0.0536	0.0536	0.0536	0.0536
0.0536	0.0536	0.0536	0.0536
0.0537	0.0535	0.0535	0.0537
0.0536	0.0536	0.0536	0.0536
0.0535	0.0537	0.0537	0.0535
0.0536	0.0536	0.0536	0.0536
0.0536	0.0536	0.0536	0.0536
0.0536	0.0536	0.0536	0.0536
0.0536	0.0536	0.0536	0.0536
0.0535	0.0537	0.0537	0.0535
0.0535	0.0537	0.0537	0.0535
0.0539	0.0534	0.0534	0.0539
0.0537	0.0536	0.0536	0.0537
0.0536	0.0536	0.0536	0.0536
0.0536	0.0536	0.0536	0.0536
0.0536	0.0536	0.0536	0.0536
0.0536	0.0536	0.0536	0.0536
0.0536	0.0536	0.0536	0.0536
0.0536	0.0536	0.0536	0.0536
0.0536	0.0536	0.0536	0.0536
0.0536	0.0536	0.0536	0.0536
0.0536	0.0536	0.0536	0.0536
0.0536	0.0536	0.0536	0.0536
0.0536	0.0536	0.0536	0.0536
0.0536	0.0536	0.0536	0.0536
0.0536	0.0536	0.0536	0.0536
0.0535	0.0537	0.0537	0.0535
0.0536	0.0536	0.0536	0.0536
0.0536	0.0536	0.0536	0.0536
0.0536	0.0536	0.0536	0.0536
0.0536	0.0536	0.0536	0.0536
0.0536	0.0536	0.0536	0.0536
0.0536	0.0536	0.0536	0.0536
0.0536	0.0536	0.0536	0.0536
0.0536	0.0536	0.0536	0.0536
0.0538	0.0534	0.0534	0.0538
0.0536	0.0536	0.0536	0.0536
0.0541	0.0531	0.0531	0.0541
0.0535	0.0537	0.0537	0.0535
0.0537	0.0535	0.0535	0.0537
0.0536	0.0536	0.0536	0.0536
0.0536	0.0536	0.0536	0.0536
