3.5584	3.6528	3.5015	3.6095
2.8136	2.8601	2.7904	2.8366
2.4555	2.4894	2.4385	2.4725
2.1719	2.1970	2.1586	2.1844
1.9256	1.9447	1.9158	1.9353
1.7083	1.7228	1.7012	1.7157
1.5158	1.5274	1.5107	1.5216
1.3467	1.3545	1.3425	1.3508
1.1961	1.2028	1.1936	1.1992
1.0635	1.0683	1.0616	1.0662
0.9465	0.9496	0.9449	0.9480
0.8427	0.8455	0.8418	0.8438
0.7513	0.7533	0.7506	0.7521
0.6701	0.6711	0.6693	0.6709
0.5984	0.5995	0.5979	0.5988
0.5349	0.5365	0.5350	0.5352
0.4790	0.4797	0.4790	0.4791
0.4296	0.4303	0.4294	0.4301
0.3858	0.3865	0.3857	0.3858
0.3474	0.3477	0.3473	0.3474
0.3131	0.3137	0.3133	0.3132
0.2830	0.2836	0.2836	0.2830
0.2559	0.2561	0.2559	0.2559
0.2327	0.2329	0.2328	0.2327
0.2118	0.2120	0.2120	0.2118
0.1938	0.1933	0.1933	0.1938
0.1777	0.1775	0.1774	0.1777
0.1629	0.1625	0.1625	0.1629
0.1499	0.1500	0.1500	0.1499
0.1391	0.1390	0.1389	0.1391
0.1288	0.1290	0.1290	0.1288
0.1204	0.1207	0.1207	0.1204
0.1131	0.1133	0.1133	0.1131
0.1043	0.1044	0.1044	0.1043
0.1000	0.1010	0.1010	0.1000
0.0936	0.0936	0.0936	0.0936
0.0839	0.0970	0.0970	0.0839
0.0836	0.0837	0.0837	0.0836
0.0836	0.0835	0.0835	0.0836
0.0778	0.0781	0.0781	0.0778
0.0736	0.0736	0.0736	0.0736
0.0736	0.0736	0.0736	0.0736
0.0736	0.0735	0.0735	0.0736
0.0694	0.0690	0.0690	0.0694
0.0638	0.0639	0.0639	0.0638
0.0636	0.0636	0.0636	0.0636
0.0636	0.0636	0.0636	0.0636
0.0635	0.0637	0.0637	0.0635
0.0636	0.0636	0.0636	0.0636
0.0636	0.0636	0.0636	0.0636
0.0635	0.0630	0.0630	0.0635
0.0621	0.0618	0.0618	0.0621
0.0581	0.0585	0.0585	0.0581
0.0553	0.0552	0.0552	0.0553
0.0546	0.0543	0.0543	0.0546
0.0540	0.0539	0.0539	0.0540
0.0536	0.0537	0.0537	0.0536
0.0536	0.0536	0.0536	0.0536
0.0536	0.0536	0.0536	0.0536
0.0536	0.0536	0.0536	0.0536
0.0536	0.0536	0.0536	0.0536
0.0536	0.0536	0.0536	0.0536
0.0536	0.0537	0.0537	0.0536
0.0536	0.0536	0.0536	0.0536
0.0536	0.0536	0.0536	0.0536
0.0536	0.0536	0.0536	0.0536
0.0536	0.0536	0.0536	0.0536
0.0536	0.0536	0.0536	0.0536
0.0536	0.0536	0.0536	0.0536
0.0536	0.0536	0.0536	0.0536
0.0536	0.0536	0.0536	0.0536
0.0536	0.0536	0.0536	0.0536
0.0536	0.0536	0.0536	0.0536
0.0536	0.0536	0.0536	0.0536
0.0536	0.0536	0.0536	0.0536
0.0536	0.0536	0.0536	0.0536
0.0536	0.0536	0.0536	0.0536
0.0535	0.0537	0.0537	0.0535
0.0536	0.0536	0.0536	0.0536
0.0536	0.0536	0.0536	0.0536
0.0536	0.0536	0.0536	0.0536
0.0536	0.0536	0.0536	0.0536
0.0535	0.0537	0.0537	0.0535
0.0536	0.0536	0.0536	0.0536
0.0535	0.0537	0.0537	0.0535
0.0536	0.0536	0.0536	0.0536
0.0536	0.0536	0.0536	0.0536
0.0536	0.0536	0.0536	0.0536
0.0535	0.0537	0.0537	0.0535
0.0536	0.0536	0.0536	0.0536
0.0536	0.0536	0.0536	0.0536
0.0536	0.0536	0.0536	0.0536
0.0536	0.0536	0.0536	0.0536
0.0536	0.0536	0.0536	0.0536
0.0533	0.0539	0.0539	0.0533
0.0536	0.0536	0.0536	0.0536
0.0536	0.0536	0.0536	0.0536
0.0536	0.0536	0.0536	0.0536
0.0536	0.0536	0.0536	0.0536
0.0536	0.0536	0.0536	0.0536
