3.1649	3.1361	3.2265	3.1649
2.5048	2.4843	2.5256	2.5048
2.1857	2.1703	2.2010	2.1857
1.9330	1.9209	1.9443	1.9330
1.7135	1.7050	1.7221	1.7135
1.5201	1.5139	1.5268	1.5201
1.3501	1.3446	1.3545	1.3501
1.1992	1.1956	1.2027	1.1992
1.0659	1.0630	1.0688	1.0659
0.9479	0.9462	0.9503	0.9479
0.8442	0.8424	0.8460	0.8442
0.7524	0.7509	0.7532	0.7524
0.6707	0.6704	0.6717	0.6707
0.5990	0.5984	0.5998	0.5990
0.5359	0.5354	0.5363	0.5359
0.4794	0.4792	0.4800	0.4794
0.4303	0.4297	0.4300	0.4303
0.3863	0.3862	0.3868	0.3863
0.3478	0.3475	0.3479	0.3478
0.3134	0.3137	0.3140	0.3134
0.2830	0.2835	0.2837	0.2830
0.2561	0.2562	0.2566	0.2561
0.2328	0.2329	0.2330	0.2328
0.2118	0.2120	0.2120	0.2118
0.1939	0.1935	0.1935	0.1939
0.1777	0.1779	0.1779	0.1777
0.1625	0.1632	0.1632	0.1625
0.1499	0.1496	0.1496	0.1499
0.1386	0.1389	0.1389	0.1386
0.1290	0.1293	0.1293	0.1290
0.1205	0.1205	0.1205	0.1205
0.1135	0.1135	0.1135	0.1135
0.1041	0.1042	0.1042	0.1041
0.1003	0.1005	0.1005	0.1003
0.0936	0.0936	0.0936	0.0936
0.0904	0.0910	0.0910	0.0904
0.0838	0.0837	0.0837	0.0838
0.0836	0.0836	0.0836	0.0836
0.0781	0.0782	0.0782	0.0781
0.0736	0.0736	0.0736	0.0736
0.0736	0.0736	0.0736	0.0736
0.0736	0.0734	0.0734	0.0736
0.0692	0.0700	0.0700	0.0692
0.0639	0.0636	0.0636	0.0639
0.0636	0.0636	0.0636	0.0636
0.0636	0.0636	0.0636	0.0636
0.0636	0.0636	0.0636	0.0636
0.0636	0.0636	0.0636	0.0636
0.0636	0.0636	0.0636	0.0636
0.0630	0.0631	0.0631	0.0630
0.0624	0.0615	0.0615	0.0624
0.0586	0.0585	0.0585	0.0586
0.0552	0.0554	0.0554	0.0552
0.0545	0.0539	0.0539	0.0545
0.0538	0.0541	0.0541	0.0538
0.0536	0.0536	0.0536	0.0536
0.0537	0.0536	0.0536	0.0537
0.0536	0.0536	0.0536	0.0536
0.0535	0.0537	0.0537	0.0535
0.0536	0.0536	0.0536	0.0536
0.0536	0.0536	0.0536	0.0536
0.0539	0.0533	0.0533	0.0539
0.0536	0.0536	0.0536	0.0536
0.0536	0.0536	0.0536	0.0536
0.0536	0.0536	0.0536	0.0536
0.0536	0.0536	0.0536	0.0536
0.0536	0.0536	0.0536	0.0536
0.0536	0.0536	0.0536	0.0536
0.0536	0.0536	0.0536	0.0536
0.0535	0.0537	0.0537	0.0535
0.0536	0.0536	0.0536	0.0536
0.0537	0.0535	0.0535	0.0537
0.0536	0.0536	0.0536	0.0536
0.0536	0.0536	0.0536	0.0536
0.0536	0.0536	0.0536	0.0536
0.0536	0.0536	0.0536	0.0536
0.0535	0.0537	0.0537	0.0535
0.0536	0.0536	0.0536	0.0536
0.0536	0.0536	0.0536	0.0536
0.0535	0.0537	0.0537	0.0535
0.0536	0.0536	0.0536	0.0536
0.0536	0.0536	0.0536	0.0536
0.0536	0.0536	0.0536	0.0536
0.0536	0.0536	0.0536	0.0536
0.0536	0.0536	0.0536	0.0536
0.0536	0.0536	0.0536	0.0536
0.0536	0.0536	0.0536	0.0536
0.0536	0.0536	0.0536	0.0536
0.0536	0.0536	0.0536	0.0536
0.0536	0.0536	0.0536	0.0536
0.0536	0.0536	0.0536	0.0536
0.0537	0.0535	0.0535	0.0537
0.0536	0.0536	0.0536	0.0536
0.0536	0.0536	0.0536	0.0536
0.0536	0.0536	0.0536	0.0536
0.0536	0.0536	0.0536	0.0536
0.0536	0.0536	0.0536	0.0536
0.0535	0.0537	0.0537	0.0535
0.0535	0.0537	0.0537	0.0535
0.0536	0.0536	0.0536	0.0536
