3.2495	3.2869	3.0502	3.0810
2.5385	2.5544	2.4461	2.4617
2.2099	2.2214	2.1418	2.1531
1.9499	1.9592	1.8997	1.9071
1.7264	1.7326	1.6880	1.6942
1.5297	1.5345	1.5007	1.5054
1.3564	1.3598	1.3344	1.3383
1.2035	1.2063	1.1873	1.1899
1.0690	1.0715	1.0570	1.0589
0.9504	0.9516	0.9413	0.9425
0.8457	0.8465	0.8385	0.8400
0.7528	0.7539	0.7479	0.7485
0.6713	0.6726	0.6674	0.6683
0.5996	0.5996	0.5963	0.5969
0.5359	0.5357	0.5333	0.5340
0.4795	0.4796	0.4780	0.4782
0.4298	0.4306	0.4289	0.4287
0.3862	0.3863	0.3853	0.3850
0.3474	0.3477	0.3469	0.3468
0.3132	0.3134	0.3125	0.3126
0.2832	0.2832	0.2824	0.2831
0.2557	0.2562	0.2558	0.2556
0.2328	0.2328	0.2325	0.2327
0.2119	0.2117	0.2116	0.2118
0.1932	0.1940	0.1939	0.1931
0.1776	0.1776	0.1776	0.1775
0.1625	0.1625	0.1624	0.1625
0.1500	0.1495	0.1494	0.1500
0.1385	0.1388	0.1388	0.1385
0.1292	0.1290	0.1289	0.1292
0.1202	0.1207	0.1207	0.1202
0.1135	0.1135	0.1135	0.1135
0.1041	0.1046	0.1045	0.1041
0.0996	0.1001	0.1000	0.0996
0.0936	0.0936	0.0936	0.0936
0.0909	0.0904	0.0904	0.0909
0.0837	0.0836	0.0836	0.0837
0.0836	0.0835	0.0835	0.0836
0.0779	0.0778	0.0778	0.0779
0.0735	0.0737	0.0737	0.0735
0.0736	0.0736	0.0736	0.0736
0.0735	0.0734	0.0734	0.0735
0.0691	0.0690	0.0690	0.0691
0.0638	0.0639	0.0639	0.0638
0.0637	0.0636	0.0636	0.0637
0.0638	0.0635	0.0635	0.0638
0.0636	0.0636	0.0636	0.0636
0.0636	0.0636	0.0636	0.0636
0.0636	0.0636	0.0636	0.0636
0.0633	0.0633	0.0633	0.0633
0.0623	0.0617	0.0617	0.0623
0.0581	0.0588	0.0588	0.0581
0.0549	0.0554	0.0554	0.0549
0.0544	0.0544	0.0544	0.0544
0.0539	0.0538	0.0538	0.0539
0.0537	0.0537	0.0537	0.0537
0.0536	0.0536	0.0536	0.0536
0.0535	0.0537	0.0537	0.0535
0.0536	0.0536	0.0536	0.0536
0.0536	0.0536	0.0536	0.0536
0.0536	0.0536	0.0536	0.0536
0.0536	0.0536	0.0536	0.0536
0.0536	0.0536	0.0536	0.0536
0.0536	0.0536	0.0536	0.0536
0.0536	0.0536	0.0536	0.0536
0.0536	0.0536	0.0536	0.0536
0.0537	0.0535	0.0535	0.0537
0.0536	0.0537	0.0537	0.0536
0.0536	0.0536	0.0536	0.0536
0.0536	0.0536	0.0536	0.0536
0.0536	0.0536	0.0536	0.0536
0.0536	0.0536	0.0536	0.0536
0.0536	0.0536	0.0536	0.0536
0.0536	0.0536	0.0536	0.0536
0.0536	0.0536	0.0536	0.0536
0.0535	0.0537	0.0537	0.0535
0.0536	0.0536	0.0536	0.0536
0.0537	0.0535	0.0535	0.0537
0.0537	0.0535	0.0535	0.0537
0.0536	0.0536	0.0536	0.0536
0.0536	0.0536	0.0536	0.0536
0.0535	0.0537	0.0537	0.0535
0.0536	0.0536	0.0536	0.0536
0.0536	0.0536	0.0536	0.0536
0.0536	0.0536	0.0536	0.0536
0.0536	0.0536	0.0536	0.0536
0.0536	0.0536	0.0536	0.0536
0.0536	0.0536	0.0536	0.0536
0.0536	0.0536	0.0536	0.0536
0.0536	0.0536	0.0536	0.0536
0.0536	0.0536	0.0536	0.0536
0.0536	0.0536	0.0536	0.0536
0.0536	0.0536	0.0536	0.0536
0.0536	0.0536	0.0536	0.0536
0.0536	0.0536	0.0536	0.0536
0.0535	0.0537	0.0537	0.0535
0.0536	0.0536	0.0536	0.0536
0.0536	0.0536	0.0536	0.0536
0.0534	0.0538	0.0538	0.0534
0.0536	0.0536	0.0536	0.0536
