3.8748	3.6338	3.8691	3.6293
3.0159	2.9058	3.0135	2.9034
2.6221	2.5411	2.6208	2.5398
2.3124	2.2514	2.3112	2.2503
2.0448	1.9990	2.0439	1.9983
1.8101	1.7751	1.8090	1.7749
1.6031	1.5773	1.6030	1.5772
1.4212	1.4020	1.4210	1.4018
1.2612	1.2463	1.2608	1.2462
1.1195	1.1086	1.1190	1.1085
0.9952	0.9867	0.9947	0.9866
0.8851	0.8790	0.8846	0.8786
0.7877	0.7831	0.7879	0.7834
0.7019	0.6987	0.7024	0.6986
0.6266	0.6239	0.6265	0.6235
0.5598	0.5575	0.5600	0.5577
0.5009	0.4988	0.5008	0.4992
0.4482	0.4476	0.4487	0.4474
0.4027	0.4020	0.4026	0.4022
0.3617	0.3614	0.3621	0.3612
0.3262	0.3256	0.3264	0.3257
0.2944	0.2939	0.2945	0.2941
0.2663	0.2656	0.2662	0.2661
0.2415	0.2418	0.2419	0.2413
0.2198	0.2198	0.2198	0.2196
0.2000	0.2003	0.2004	0.2000
0.1831	0.1831	0.1833	0.1830
0.1683	0.1681	0.1681	0.1682
0.1555	0.1557	0.1557	0.1554
0.1430	0.1431	0.1431	0.1430
0.1327	0.1329	0.1329	0.1327
0.1237	0.1236	0.1236	0.1237
0.1145	0.1145	0.1146	0.1145
0.1079	0.1080	0.1080	0.1079
0.1034	0.1035	0.1035	0.1034
0.0943	0.0947	0.0947	0.0943
0.0933	0.0937	0.0937	0.0933
0.0850	0.0844	0.0844	0.0850
0.0838	0.0834	0.0834	0.0838
0.0813	0.0821	0.0821	0.0813
0.0740	0.0741	0.0741	0.0740
0.0736	0.0736	0.0736	0.0736
0.0736	0.0736	0.0736	0.0736
0.0725	0.0715	0.0715	0.0725
0.0643	0.0650	0.0650	0.0643
0.0636	0.0636	0.0636	0.0636
0.0636	0.0636	0.0636	0.0636
0.0635	0.0637	0.0637	0.0635
0.0635	0.0636	0.0636	0.0635
0.0636	0.0636	0.0636	0.0636
0.0634	0.0633	0.0633	0.0634
0.0629	0.0626	0.0626	0.0629
0.0601	0.0600	0.0600	0.0601
0.0555	0.0558	0.0558	0.0555
0.0547	0.0544	0.0544	0.0547
0.0541	0.0538	0.0538	0.0541
0.0538	0.0536	0.0536	0.0538
0.0535	0.0538	0.0538	0.0535
0.0537	0.0535	0.0535	0.0537
0.0536	0.0536	0.0536	0.0536
0.0536	0.0536	0.0536	0.0536
0.0536	0.0536	0.0536	0.0536
0.0534	0.0538	0.0538	0.0534
0.0536	0.0536	0.0536	0.0536
0.0536	0.0536	0.0536	0.0536
0.0536	0.0536	0.0536	0.0536
0.0536	0.0536	0.0536	0.0536
0.0536	0.0536	0.0536	0.0536
0.0536	0.0536	0.0536	0.0536
0.0805	0.0267	0.0267	0.0805
0.0536	0.0536	0.0536	0.0536
0.0536	0.0536	0.0536	0.0536
0.0537	0.0535	0.0535	0.0537
0.0535	0.0537	0.0537	0.0535
0.0536	0.0536	0.0536	0.0536
0.0536	0.0536	0.0536	0.0536
0.0535	0.0537	0.0537	0.0535
0.0537	0.0535	0.0535	0.0537
0.0536	0.0536	0.0536	0.0536
0.0536	0.0536	0.0536	0.0536
0.0536	0.0536	0.0536	0.0536
0.0536	0.0536	0.0536	0.0536
0.0536	0.0536	0.0536	0.0536
0.0536	0.0536	0.0536	0.0536
0.0536	0.0536	0.0536	0.0536
0.0537	0.0535	0.0535	0.0537
0.0536	0.0536	0.0536	0.0536
0.0536	0.0536	0.0536	0.0536
0.0536	0.0536	0.0536	0.0536
0.0534	0.0538	0.0538	0.0534
0.0536	0.0536	0.0536	0.0536
0.0536	0.0536	0.0536	0.0536
0.0536	0.0536	0.0536	0.0536
0.0535	0.0537	0.0537	0.0535
0.0536	0.0536	0.0536	0.0536
0.0536	0.0536	0.0536	0.0536
0.0536	0.0536	0.0536	0.0536
0.0536	0.0536	0.0536	0.0536
0.0536	0.0536	0.0536	0.0536
0.0536	0.0536	0.0536	0.0536
