2.0684	2.1966	2.1966	2.3478
1.6780	1.7424	1.7424	1.8060
1.4751	1.5220	1.5220	1.5696
1.3125	1.3478	1.3478	1.3833
1.1700	1.1973	1.1973	1.2233
1.0438	1.0639	1.0639	1.0839
0.9312	0.9466	0.9466	0.9610
0.8313	0.8428	0.8428	0.8538
0.7423	0.7507	0.7507	0.7593
0.6636	0.6695	0.6695	0.6762
0.5933	0.5980	0.5980	0.6030
0.5313	0.5346	0.5346	0.5383
0.4760	0.4788	0.4788	0.4817
0.4274	0.4291	0.4291	0.4316
0.3842	0.3857	0.3857	0.3874
0.3465	0.3468	0.3468	0.3485
0.3117	0.3130	0.3130	0.3142
0.2822	0.2830	0.2830	0.2833
0.2550	0.2558	0.2558	0.2558
0.2326	0.2328	0.2328	0.2330
0.2113	0.2117	0.2117	0.2124
0.1933	0.1932	0.1932	0.1939
0.1775	0.1775	0.1775	0.1777
0.1615	0.1634	0.1634	0.1619
0.1498	0.1497	0.1497	0.1499
0.1390	0.1389	0.1389	0.1391
0.1290	0.1289	0.1289	0.1291
0.1204	0.1205	0.1205	0.1206
0.1134	0.1133	0.1133	0.1134
0.1041	0.1045	0.1045	0.1041
0.1004	0.1001	0.1001	0.1004
0.0936	0.0936	0.0936	0.0936
0.0907	0.0908	0.0908	0.0907
0.0836	0.0837	0.0837	0.0836
0.0836	0.0836	0.0836	0.0836
0.0778	0.0781	0.0781	0.0778
0.0736	0.0736	0.0736	0.0736
0.0736	0.0736	0.0736	0.0736
0.0733	0.0733	0.0733	0.0733
0.0695	0.0687	0.0687	0.0695
0.0639	0.0635	0.0635	0.0639
0.0636	0.0636	0.0636	0.0636
0.0636	0.0636	0.0636	0.0636
0.0636	0.0636	0.0636	0.0636
0.0636	0.0636	0.0636	0.0636
0.0636	0.0636	0.0636	0.0636
0.0634	0.0629	0.0629	0.0634
0.0614	0.0623	0.0623	0.0614
0.0581	0.0578	0.0578	0.0581
0.0554	0.0553	0.0553	0.0554
0.0542	0.0543	0.0543	0.0542
0.0539	0.0539	0.0539	0.0539
0.0537	0.0536	0.0536	0.0537
0.0536	0.0536	0.0536	0.0536
0.0536	0.0536	0.0536	0.0536
0.0536	0.0536	0.0536	0.0536
0.0536	0.0536	0.0536	0.0536
0.0536	0.0536	0.0536	0.0536
0.0536	0.0536	0.0536	0.0536
0.0536	0.0536	0.0536	0.0536
0.0536	0.0536	0.0536	0.0536
0.0536	0.0536	0.0536	0.0536
0.0536	0.0536	0.0536	0.0536
0.0537	0.0535	0.0535	0.0537
0.0536	0.0536	0.0536	0.0536
0.0536	0.0536	0.0536	0.0536
0.0536	0.0536	0.0536	0.0536
0.0536	0.0536	0.0536	0.0536
0.0536	0.0536	0.0536	0.0536
0.0536	0.0536	0.0536	0.0536
0.0537	0.0535	0.0535	0.0537
0.0533	0.0540	0.0540	0.0533
0.0536	0.0536	0.0536	0.0536
0.0536	0.0536	0.0536	0.0536
0.0536	0.0536	0.0536	0.0536
0.0536	0.0536	0.0536	0.0536
0.0535	0.0537	0.0537	0.0535
0.0536	0.0536	0.0536	0.0536
0.0536	0.0536	0.0536	0.0536
0.0536	0.0536	0.0536	0.0536
0.0536	0.0536	0.0536	0.0536
0.0536	0.0536	0.0536	0.0536
0.0536	0.0536	0.0536	0.0536
0.0535	0.0537	0.0537	0.0535
0.0537	0.0535	0.0535	0.0537
0.0536	0.0536	0.0536	0.0536
0.0536	0.0536	0.0536	0.0536
0.0536	0.0536	0.0536	0.0536
0.0536	0.0536	0.0536	0.0536
0.0536	0.0536	0.0536	0.0536
0.0536	0.0536	0.0536	0.0536
0.0536	0.0536	0.0536	0.0536
0.0536	0.0536	0.0536	0.0536
0.0536	0.0536	0.0536	0.0536
0.0536	0.0536	0.0536	0.0536
0.0536	0.0536	0.0536	0.0536
0.0536	0.0536	0.0536	0.0536
0.0536	0.0536	0.0536	0.0536
0.0536	0.0536	0.0536	0.0536
0.0536	0.0536	0.0536	0.0536
