2.8799	2.6994	2.8089	2.6383
2.2328	2.1527	2.2030	2.1223
1.9418	1.8821	1.9194	1.8604
1.7123	1.6678	1.6959	1.6509
1.5150	1.4810	1.5021	1.4694
1.3419	1.3165	1.3324	1.3074
1.1895	1.1707	1.1824	1.1639
1.0559	1.0417	1.0511	1.0362
0.9380	0.9268	0.9341	0.9233
0.8343	0.8264	0.8312	0.8236
0.7428	0.7366	0.7406	0.7341
0.6620	0.6575	0.6602	0.6561
0.5912	0.5875	0.5899	0.5861
0.5281	0.5253	0.5272	0.5248
0.4729	0.4709	0.4720	0.4698
0.4237	0.4227	0.4233	0.4219
0.3808	0.3798	0.3802	0.3791
0.3425	0.3412	0.3417	0.3413
0.3088	0.3084	0.3090	0.3076
0.2792	0.2786	0.2789	0.2786
0.2530	0.2527	0.2528	0.2526
0.2299	0.2292	0.2293	0.2293
0.2089	0.2088	0.2088	0.2087
0.1909	0.1907	0.1909	0.1904
0.1756	0.1758	0.1759	0.1752
0.1601	0.1603	0.1603	0.1601
0.1483	0.1485	0.1485	0.1482
0.1375	0.1372	0.1372	0.1375
0.1277	0.1277	0.1277	0.1276
0.1194	0.1190	0.1190	0.1194
0.1120	0.1122	0.1122	0.1120
0.1037	0.1036	0.1036	0.1037
0.0987	0.0988	0.0988	0.0987
0.0936	0.0936	0.0936	0.0936
0.0894	0.0889	0.0889	0.0894
0.0836	0.0836	0.0836	0.0836
0.0836	0.0833	0.0833	0.0836
0.0766	0.0760	0.0760	0.0766
0.0736	0.0736	0.0736	0.0736
0.0736	0.0736	0.0736	0.0736
0.0733	0.0730	0.0730	0.0733
0.0675	0.0674	0.0674	0.0675
0.0636	0.0639	0.0639	0.0636
0.0637	0.0635	0.0635	0.0637
0.0636	0.0636	0.0636	0.0636
0.0636	0.0636	0.0636	0.0636
0.0636	0.0636	0.0636	0.0636
0.0636	0.0635	0.0635	0.0636
0.0630	0.0634	0.0634	0.0630
0.0619	0.0611	0.0611	0.0619
0.0575	0.0583	0.0583	0.0575
0.0548	0.0545	0.0545	0.0548
0.0538	0.0546	0.0546	0.0538
0.0538	0.0540	0.0540	0.0538
0.0536	0.0536	0.0536	0.0536
0.0536	0.0536	0.0536	0.0536
0.0536	0.0536	0.0536	0.0536
0.0536	0.0536	0.0536	0.0536
0.0536	0.0536	0.0536	0.0536
0.0536	0.0536	0.0536	0.0536
0.0536	0.0536	0.0536	0.0536
0.0536	0.0536	0.0536	0.0536
0.0536	0.0536	0.0536	0.0536
0.0535	0.0537	0.0537	0.0535
0.0536	0.0536	0.0536	0.0536
0.0536	0.0536	0.0536	0.0536
0.0536	0.0536	0.0536	0.0536
0.0536	0.0536	0.0536	0.0536
0.0536	0.0536	0.0536	0.0536
0.0536	0.0536	0.0536	0.0536
0.0536	0.0536	0.0536	0.0536
0.0536	0.0536	0.0536	0.0536
0.0537	0.0536	0.0536	0.0537
0.0536	0.0536	0.0536	0.0536
0.0536	0.0536	0.0536	0.0536
0.0536	0.0536	0.0536	0.0536
0.0536	0.0536	0.0536	0.0536
0.0536	0.0536	0.0536	0.0536
0.0536	0.0536	0.0536	0.0536
0.0536	0.0536	0.0536	0.0536
0.0536	0.0536	0.0536	0.0536
0.0536	0.0536	0.0536	0.0536
0.0536	0.0536	0.0536	0.0536
0.0536	0.0536	0.0536	0.0536
0.0536	0.0536	0.0536	0.0536
0.0535	0.0537	0.0537	0.0535
0.0536	0.0536	0.0536	0.0536
0.0535	0.0537	0.0537	0.0535
0.0537	0.0535	0.0535	0.0537
0.0536	0.0536	0.0536	0.0536
0.0536	0.0536	0.0536	0.0536
0.0536	0.0536	0.0536	0.0536
0.0536	0.0536	0.0536	0.0536
0.0536	0.0536	0.0536	0.0536
0.0536	0.0536	0.0536	0.0536
0.0536	0.0536	0.0536	0.0536
0.0536	0.0536	0.0536	0.0536
0.0536	0.0536	0.0536	0.0536
0.0536	0.0536	0.0536	0.0536
0.0536	0.0536	0.0536	0.0536
