5.6616	5.6936	5.6947	5.7337
4.4708	4.4868	4.4874	4.5042
3.8976	3.9090	3.9097	3.9219
3.4428	3.4522	3.4523	3.4611
3.0485	3.0557	3.0560	3.0628
2.7012	2.7064	2.7066	2.7115
2.3941	2.3977	2.3979	2.4020
2.1225	2.1253	2.1253	2.1279
1.8823	1.8845	1.8848	1.8867
1.6699	1.6714	1.6714	1.6733
1.4822	1.4831	1.4832	1.4847
1.3163	1.3172	1.3172	1.3183
1.1699	1.1700	1.1700	1.1708
1.0394	1.0402	1.0403	1.0407
0.9249	0.9258	0.9258	0.9260
0.8240	0.8242	0.8242	0.8244
0.7344	0.7346	0.7346	0.7349
0.6555	0.6557	0.6557	0.6559
0.5849	0.5854	0.5854	0.5852
0.5235	0.5237	0.5237	0.5238
0.4686	0.4690	0.4690	0.4688
0.4207	0.4212	0.4212	0.4208
0.3780	0.3774	0.3774	0.3780
0.3401	0.3400	0.3400	0.3401
0.3073	0.3067	0.3067	0.3073
0.2776	0.2774	0.2774	0.2777
0.2518	0.2515	0.2515	0.2519
0.2288	0.2281	0.2281	0.2288
0.2081	0.2081	0.2081	0.2081
0.1896	0.1897	0.1897	0.1896
0.1746	0.1744	0.1744	0.1746
0.1595	0.1600	0.1600	0.1595
0.1481	0.1475	0.1475	0.1481
0.1369	0.1367	0.1367	0.1369
0.1272	0.1267	0.1267	0.1272
0.1186	0.1187	0.1187	0.1186
0.1119	0.1119	0.1119	0.1119
0.1037	0.1037	0.1037	0.1037
0.0982	0.0986	0.0986	0.0982
0.0935	0.0936	0.0936	0.0935
0.0886	0.0888	0.0888	0.0886
0.0836	0.0836	0.0836	0.0836
0.0834	0.0832	0.0832	0.0834
0.0762	0.0765	0.0765	0.0762
0.0737	0.0736	0.0736	0.0737
0.0736	0.0736	0.0736	0.0736
0.0734	0.0733	0.0733	0.0734
0.0681	0.0673	0.0673	0.0681
0.0639	0.0640	0.0640	0.0639
0.0636	0.0636	0.0636	0.0636
0.0636	0.0636	0.0636	0.0636
0.0636	0.0636	0.0636	0.0636
0.0636	0.0636	0.0636	0.0636
0.0634	0.0635	0.0635	0.0634
0.0630	0.0633	0.0633	0.0630
0.0612	0.0618	0.0618	0.0612
0.0569	0.0574	0.0574	0.0569
0.0548	0.0543	0.0543	0.0548
0.0541	0.0541	0.0541	0.0541
0.0536	0.0538	0.0538	0.0536
0.0537	0.0536	0.0536	0.0537
0.0537	0.0537	0.0537	0.0537
0.0536	0.0536	0.0536	0.0536
0.0536	0.0536	0.0536	0.0536
0.0536	0.0536	0.0536	0.0536
0.0536	0.0536	0.0536	0.0536
0.0536	0.0536	0.0536	0.0536
0.0536	0.0536	0.0536	0.0536
0.0536	0.0536	0.0536	0.0536
0.0535	0.0537	0.0537	0.0535
0.0536	0.0537	0.0537	0.0536
0.0536	0.0536	0.0536	0.0536
0.0536	0.0536	0.0536	0.0536
0.0536	0.0536	0.0536	0.0536
0.0536	0.0536	0.0536	0.0536
0.0538	0.0534	0.0534	0.0538
0.0536	0.0536	0.0536	0.0536
0.0536	0.0536	0.0536	0.0536
0.0537	0.0535	0.0535	0.0537
0.0535	0.0537	0.0537	0.0535
0.0536	0.0536	0.0536	0.0536
0.0536	0.0536	0.0536	0.0536
0.0536	0.0536	0.0536	0.0536
0.0535	0.0537	0.0537	0.0535
0.0536	0.0536	0.0536	0.0536
0.0536	0.0536	0.0536	0.0536
0.0536	0.0536	0.0536	0.0536
0.0536	0.0536	0.0536	0.0536
0.0536	0.0536	0.0536	0.0536
0.0536	0.0536	0.0536	0.0536
0.0536	0.0536	0.0536	0.0536
0.0536	0.0536	0.0536	0.0536
0.0536	0.0536	0.0536	0.0536
0.0536	0.0536	0.0536	0.0536
0.0536	0.0536	0.0536	0.0536
0.0536	0.0536	0.0536	0.0536
0.0536	0.0536	0.0536	0.0536
0.0544	0.0528	0.0528	0.0544
0.0536	0.0536	0.0536	0.0536
0.0536	0.0536	0.0536	0.0536
