3.1207	3.2467	3.2357	3.3685
2.5027	2.5620	2.5574	2.6167
2.1912	2.2347	2.2316	2.2749
1.9432	1.9759	1.9732	2.0057
1.7269	1.7519	1.7493	1.7737
1.5355	1.5535	1.5523	1.5708
1.3652	1.3793	1.3783	1.3920
1.2144	1.2251	1.2244	1.2344
1.0812	1.0889	1.0883	1.0960
0.9629	0.9685	0.9681	0.9740
0.8573	0.8620	0.8615	0.8662
0.7646	0.7677	0.7674	0.7712
0.6823	0.6844	0.6843	0.6875
0.6095	0.6114	0.6113	0.6132
0.5451	0.5468	0.5467	0.5476
0.4881	0.4893	0.4892	0.4902
0.4378	0.4384	0.4384	0.4391
0.3930	0.3938	0.3937	0.3946
0.3538	0.3545	0.3543	0.3548
0.3187	0.3191	0.3191	0.3192
0.2885	0.2881	0.2881	0.2889
0.2613	0.2616	0.2613	0.2617
0.2366	0.2366	0.2366	0.2372
0.2157	0.2155	0.2154	0.2158
0.1970	0.1971	0.1971	0.1974
0.1795	0.1794	0.1794	0.1796
0.1659	0.1664	0.1664	0.1662
0.1517	0.1516	0.1516	0.1518
0.1407	0.1408	0.1408	0.1408
0.1310	0.1305	0.1305	0.1310
0.1226	0.1221	0.1221	0.1226
0.1137	0.1136	0.1136	0.1137
0.1060	0.1064	0.1064	0.1060
0.1016	0.1020	0.1020	0.1016
0.0937	0.0936	0.0936	0.0937
0.0920	0.0925	0.0925	0.0920
0.0841	0.0837	0.0837	0.0841
0.0833	0.0838	0.0838	0.0833
0.0795	0.0799	0.0799	0.0795
0.0737	0.0737	0.0737	0.0737
0.0736	0.0736	0.0736	0.0736
0.0736	0.0735	0.0735	0.0736
0.0711	0.0703	0.0703	0.0711
0.0644	0.0642	0.0642	0.0644
0.0636	0.0636	0.0636	0.0636
0.0637	0.0635	0.0635	0.0637
0.0636	0.0636	0.0636	0.0636
0.0636	0.0636	0.0636	0.0636
0.0636	0.0636	0.0636	0.0636
0.0634	0.0636	0.0636	0.0634
0.0622	0.0621	0.0621	0.0622
0.0595	0.0591	0.0591	0.0595
0.0552	0.0552	0.0552	0.0552
0.0541	0.0543	0.0543	0.0541
0.0541	0.0536	0.0536	0.0541
0.0536	0.0537	0.0537	0.0536
0.0536	0.0536	0.0536	0.0536
0.0536	0.0536	0.0536	0.0536
0.0536	0.0536	0.0536	0.0536
0.0536	0.0536	0.0536	0.0536
0.0536	0.0536	0.0536	0.0536
0.0535	0.0537	0.0537	0.0535
0.0536	0.0536	0.0536	0.0536
0.0537	0.0536	0.0536	0.0537
0.0536	0.0536	0.0536	0.0536
0.0536	0.0536	0.0536	0.0536
0.0536	0.0536	0.0536	0.0536
0.0536	0.0536	0.0536	0.0536
0.0536	0.0536	0.0536	0.0536
0.0536	0.0536	0.0536	0.0536
0.0536	0.0537	0.0537	0.0536
0.0536	0.0536	0.0536	0.0536
0.0536	0.0536	0.0536	0.0536
0.0536	0.0536	0.0536	0.0536
0.0536	0.0536	0.0536	0.0536
0.0536	0.0536	0.0536	0.0536
0.0536	0.0536	0.0536	0.0536
0.0538	0.0534	0.0534	0.0538
0.0536	0.0536	0.0536	0.0536
0.0536	0.0536	0.0536	0.0536
0.0536	0.0536	0.0536	0.0536
0.0536	0.0536	0.0536	0.0536
0.0536	0.0536	0.0536	0.0536
0.0536	0.0536	0.0536	0.0536
0.0537	0.0535	0.0535	0.0537
0.0536	0.0536	0.0536	0.0536
0.0536	0.0536	0.0536	0.0536
0.0536	0.0536	0.0536	0.0536
0.0537	0.0535	0.0535	0.0537
0.0536	0.0536	0.0536	0.0536
0.0536	0.0536	0.0536	0.0536
0.0536	0.0536	0.0536	0.0536
0.0536	0.0536	0.0536	0.0536
0.0535	0.0537	0.0537	0.0535
0.0536	0.0536	0.0536	0.0536
0.0536	0.0536	0.0536	0.0536
0.0536	0.0536	0.0536	0.0536
0.0536	0.0536	0.0536	0.0536
0.0536	0.0536	0.0536	0.0536
0.0536	0.0536	0.0536	0.0536
