2.7466	2.7184	2.5755	2.5519
2.1368	2.1253	2.0599	2.0481
1.8592	1.8512	1.8029	1.7939
1.6409	1.6347	1.5985	1.5920
1.4531	1.4479	1.4208	1.4155
1.2874	1.2836	1.2633	1.2597
1.1419	1.1395	1.1242	1.1213
1.0140	1.0120	1.0007	0.9986
0.9016	0.9000	0.8910	0.8901
0.8019	0.8010	0.7942	0.7928
0.7145	0.7133	0.7087	0.7082
0.6372	0.6367	0.6328	0.6327
0.5691	0.5688	0.5657	0.5650
0.5083	0.5087	0.5068	0.5062
0.4558	0.4553	0.4539	0.4538
0.4088	0.4091	0.4074	0.4069
0.3673	0.3678	0.3667	0.3660
0.3307	0.3301	0.3299	0.3300
0.2983	0.2986	0.2980	0.2976
0.2700	0.2705	0.2701	0.2694
0.2446	0.2444	0.2440	0.2441
0.2223	0.2226	0.2225	0.2221
0.2030	0.2029	0.2026	0.2028
0.1860	0.1860	0.1858	0.1859
0.1697	0.1696	0.1696	0.1697
0.1568	0.1569	0.1568	0.1567
0.1451	0.1448	0.1448	0.1451
0.1342	0.1342	0.1342	0.1342
0.1243	0.1242	0.1242	0.1243
0.1157	0.1160	0.1160	0.1157
0.1093	0.1095	0.1095	0.1093
0.1040	0.1031	0.1031	0.1040
0.0952	0.0954	0.0954	0.0952
0.0935	0.0936	0.0936	0.0935
0.0860	0.0859	0.0859	0.0860
0.0836	0.0836	0.0836	0.0836
0.0827	0.0825	0.0825	0.0827
0.0742	0.0740	0.0740	0.0742
0.0736	0.0736	0.0736	0.0736
0.0736	0.0736	0.0736	0.0736
0.0724	0.0730	0.0730	0.0724
0.0655	0.0660	0.0660	0.0655
0.0636	0.0637	0.0637	0.0636
0.0636	0.0636	0.0636	0.0636
0.0636	0.0636	0.0636	0.0636
0.0637	0.0635	0.0635	0.0637
0.0636	0.0636	0.0636	0.0636
0.0634	0.0635	0.0635	0.0634
0.0626	0.0623	0.0623	0.0626
0.0604	0.0607	0.0607	0.0604
0.0556	0.0569	0.0569	0.0556
0.0544	0.0546	0.0546	0.0544
0.0542	0.0539	0.0539	0.0542
0.0537	0.0538	0.0538	0.0537
0.0536	0.0536	0.0536	0.0536
0.0536	0.0536	0.0536	0.0536
0.0534	0.0539	0.0539	0.0534
0.0536	0.0536	0.0536	0.0536
0.0536	0.0536	0.0536	0.0536
0.0533	0.0539	0.0539	0.0533
0.0536	0.0536	0.0536	0.0536
0.0536	0.0536	0.0536	0.0536
0.0536	0.0536	0.0536	0.0536
0.0536	0.0536	0.0536	0.0536
0.0548	0.0524	0.0524	0.0548
0.0535	0.0537	0.0537	0.0535
0.0536	0.0536	0.0536	0.0536
0.0536	0.0536	0.0536	0.0536
0.0536	0.0536	0.0536	0.0536
0.0536	0.0536	0.0536	0.0536
0.0536	0.0536	0.0536	0.0536
0.0537	0.0535	0.0535	0.0537
0.0536	0.0536	0.0536	0.0536
0.0536	0.0536	0.0536	0.0536
0.0536	0.0536	0.0536	0.0536
0.0536	0.0536	0.0536	0.0536
0.0536	0.0536	0.0536	0.0536
0.0536	0.0536	0.0536	0.0536
0.0536	0.0536	0.0536	0.0536
0.0537	0.0535	0.0535	0.0537
0.0537	0.0535	0.0535	0.0537
0.0536	0.0536	0.0536	0.0536
0.0536	0.0536	0.0536	0.0536
0.0536	0.0536	0.0536	0.0536
0.0536	0.0536	0.0536	0.0536
0.0536	0.0536	0.0536	0.0536
0.0536	0.0536	0.0536	0.0536
0.0536	0.0536	0.0536	0.0536
0.0536	0.0536	0.0536	0.0536
0.0536	0.0536	0.0536	0.0536
0.0536	0.0536	0.0536	0.0536
0.0536	0.0536	0.0536	0.0536
0.0536	0.0536	0.0536	0.0536
0.0536	0.0536	0.0536	0.0536
0.0536	0.0536	0.0536	0.0536
0.0536	0.0536	0.0536	0.0536
0.0536	0.0536	0.0536	0.0536
0.0537	0.0535	0.0535	0.0537
0.0536	0.0536	0.0536	0.0536
0.0536	0.0536	0.0536	0.0536
