2.2521	2.3052	2.3052	2.3838
1.7973	1.8283	1.8283	1.8581
1.5746	1.5966	1.5966	1.6191
1.3968	1.4138	1.4138	1.4303
1.2421	1.2552	1.2552	1.2674
1.1058	1.1154	1.1154	1.1247
0.9847	0.9915	0.9915	0.9990
0.8772	0.8827	0.8827	0.8878
0.7821	0.7865	0.7865	0.7899
0.6980	0.7010	0.7010	0.7041
0.6237	0.6258	0.6258	0.6280
0.5574	0.5595	0.5595	0.5612
0.4990	0.5001	0.5001	0.5018
0.4475	0.4485	0.4485	0.4491
0.4020	0.4025	0.4025	0.4032
0.3616	0.3618	0.3618	0.3625
0.3262	0.3262	0.3262	0.3268
0.2941	0.2945	0.2945	0.2946
0.2661	0.2662	0.2662	0.2666
0.2421	0.2417	0.2417	0.2423
0.2195	0.2201	0.2201	0.2198
0.1998	0.2002	0.2002	0.2000
0.1831	0.1835	0.1835	0.1832
0.1686	0.1684	0.1684	0.1686
0.1553	0.1559	0.1559	0.1553
0.1432	0.1433	0.1433	0.1432
0.1330	0.1327	0.1327	0.1331
0.1235	0.1237	0.1237	0.1235
0.1148	0.1143	0.1143	0.1148
0.1081	0.1081	0.1081	0.1081
0.1035	0.1031	0.1031	0.1035
0.0946	0.0944	0.0944	0.0946
0.0935	0.0934	0.0934	0.0935
0.0845	0.0850	0.0850	0.0845
0.0836	0.0836	0.0836	0.0836
0.0818	0.0816	0.0816	0.0818
0.0740	0.0737	0.0737	0.0740
0.0736	0.0736	0.0736	0.0736
0.0736	0.0736	0.0736	0.0736
0.0716	0.0727	0.0727	0.0716
0.0644	0.0647	0.0647	0.0644
0.0638	0.0636	0.0636	0.0638
0.0636	0.0636	0.0636	0.0636
0.0636	0.0636	0.0636	0.0636
0.0636	0.0636	0.0636	0.0636
0.0636	0.0636	0.0636	0.0636
0.0636	0.0634	0.0634	0.0636
0.0621	0.0627	0.0627	0.0621
0.0606	0.0603	0.0603	0.0606
0.0555	0.0552	0.0552	0.0555
0.0548	0.0545	0.0545	0.0548
0.0542	0.0542	0.0542	0.0542
0.0536	0.0539	0.0539	0.0536
0.0536	0.0536	0.0536	0.0536
0.0536	0.0536	0.0536	0.0536
0.0536	0.0536	0.0536	0.0536
0.0536	0.0536	0.0536	0.0536
0.0537	0.0535	0.0535	0.0537
0.0536	0.0536	0.0536	0.0536
0.0536	0.0536	0.0536	0.0536
0.0536	0.0536	0.0536	0.0536
0.0536	0.0536	0.0536	0.0536
0.0536	0.0536	0.0536	0.0536
0.0536	0.0536	0.0536	0.0536
0.0536	0.0536	0.0536	0.0536
0.0536	0.0536	0.0536	0.0536
0.0536	0.0536	0.0536	0.0536
0.0536	0.0536	0.0536	0.0536
0.0536	0.0536	0.0536	0.0536
0.0536	0.0536	0.0536	0.0536
0.0537	0.0535	0.0535	0.0537
0.0536	0.0536	0.0536	0.0536
0.0536	0.0536	0.0536	0.0536
0.0536	0.0536	0.0536	0.0536
0.0536	0.0536	0.0536	0.0536
0.0536	0.0536	0.0536	0.0536
0.0536	0.0536	0.0536	0.0536
0.0536	0.0536	0.0536	0.0536
0.0536	0.0536	0.0536	0.0536
0.0536	0.0536	0.0536	0.0536
0.0536	0.0536	0.0536	0.0536
0.0537	0.0535	0.0535	0.0537
0.0536	0.0536	0.0536	0.0536
0.0536	0.0536	0.0536	0.0536
0.0536	0.0536	0.0536	0.0536
0.0536	0.0536	0.0536	0.0536
0.0538	0.0534	0.0534	0.0538
0.0536	0.0536	0.0536	0.0536
0.0536	0.0536	0.0536	0.0536
0.0536	0.0536	0.0536	0.0536
0.0536	0.0536	0.0536	0.0536
0.0536	0.0536	0.0536	0.0536
0.0536	0.0536	0.0536	0.0536
0.0536	0.0536	0.0536	0.0536
0.0535	0.0537	0.0537	0.0535
0.0536	0.0536	0.0536	0.0536
0.0536	0.0536	0.0536	0.0536
0.0536	0.0536	0.0536	0.0536
0.0536	0.0536	0.0536	0.0536
0.0536	0.0536	0.0536	0.0536
