4.9693	4.8446	5.0874	4.9758
3.9149	3.8609	3.9718	3.9180
3.4117	3.3721	3.4541	3.4143
3.0139	2.9840	3.0451	3.0152
2.6686	2.6458	2.6925	2.6703
2.3649	2.3475	2.3822	2.3652
2.0959	2.0828	2.1089	2.0966
1.8583	1.8490	1.8684	1.8588
1.6483	1.6411	1.6560	1.6489
1.4631	1.4579	1.4688	1.4636
1.2993	1.2951	1.3033	1.2996
1.1546	1.1512	1.1576	1.1546
1.0265	1.0241	1.0289	1.0265
0.9133	0.9116	0.9150	0.9133
0.8135	0.8121	0.8146	0.8136
0.7251	0.7237	0.7258	0.7251
0.6471	0.6463	0.6476	0.6472
0.5779	0.5775	0.5788	0.5779
0.5168	0.5166	0.5173	0.5169
0.4632	0.4626	0.4635	0.4632
0.4156	0.4149	0.4154	0.4156
0.3735	0.3729	0.3735	0.3736
0.3367	0.3366	0.3368	0.3367
0.3035	0.3030	0.3032	0.3036
0.2741	0.2742	0.2744	0.2741
0.2488	0.2482	0.2485	0.2488
0.2259	0.2259	0.2260	0.2259
0.2062	0.2062	0.2062	0.2062
0.1886	0.1882	0.1884	0.1886
0.1720	0.1722	0.1724	0.1720
0.1586	0.1588	0.1588	0.1586
0.1468	0.1465	0.1465	0.1468
0.1355	0.1358	0.1358	0.1355
0.1260	0.1257	0.1257	0.1260
0.1173	0.1174	0.1174	0.1173
0.1111	0.1107	0.1107	0.1111
0.1035	0.1037	0.1037	0.1035
0.0973	0.0972	0.0972	0.0973
0.0936	0.0936	0.0936	0.0936
0.0877	0.0874	0.0874	0.0877
0.0836	0.0836	0.0836	0.0836
0.0831	0.0831	0.0831	0.0831
0.0752	0.0751	0.0751	0.0752
0.0736	0.0736	0.0736	0.0736
0.0736	0.0736	0.0736	0.0736
0.0730	0.0732	0.0732	0.0730
0.0670	0.0664	0.0664	0.0670
0.0637	0.0636	0.0636	0.0637
0.0639	0.0634	0.0634	0.0639
0.0636	0.0636	0.0636	0.0636
0.0636	0.0636	0.0636	0.0636
0.0636	0.0635	0.0635	0.0636
0.0636	0.0635	0.0635	0.0636
0.0624	0.0630	0.0630	0.0624
0.0609	0.0619	0.0619	0.0609
0.0565	0.0574	0.0574	0.0565
0.0547	0.0545	0.0545	0.0547
0.0539	0.0539	0.0539	0.0539
0.0537	0.0538	0.0538	0.0537
0.0536	0.0536	0.0536	0.0536
0.0536	0.0536	0.0536	0.0536
0.0538	0.0535	0.0535	0.0538
0.0535	0.0537	0.0537	0.0535
0.0536	0.0536	0.0536	0.0536
0.0536	0.0536	0.0536	0.0536
0.0536	0.0536	0.0536	0.0536
0.0536	0.0536	0.0536	0.0536
0.0536	0.0536	0.0536	0.0536
0.0543	0.0529	0.0529	0.0543
0.0536	0.0536	0.0536	0.0536
0.0536	0.0536	0.0536	0.0536
0.0536	0.0536	0.0536	0.0536
0.0536	0.0536	0.0536	0.0536
0.0536	0.0536	0.0536	0.0536
0.0536	0.0536	0.0536	0.0536
0.0536	0.0536	0.0536	0.0536
0.0535	0.0537	0.0537	0.0535
0.0536	0.0536	0.0536	0.0536
0.0536	0.0536	0.0536	0.0536
0.0536	0.0536	0.0536	0.0536
0.0536	0.0536	0.0536	0.0536
0.0536	0.0536	0.0536	0.0536
0.0536	0.0536	0.0536	0.0536
0.0536	0.0536	0.0536	0.0536
0.0536	0.0536	0.0536	0.0536
0.0536	0.0536	0.0536	0.0536
0.0536	0.0536	0.0536	0.0536
0.0535	0.0537	0.0537	0.0535
0.0536	0.0536	0.0536	0.0536
0.0536	0.0536	0.0536	0.0536
0.0536	0.0536	0.0536	0.0536
0.0536	0.0536	0.0536	0.0536
0.0537	0.0535	0.0535	0.0537
0.0536	0.0536	0.0536	0.0536
0.0536	0.0536	0.0536	0.0536
0.0536	0.0536	0.0536	0.0536
0.0536	0.0536	0.0536	0.0536
0.0536	0.0536	0.0536	0.0536
0.0536	0.0536	0.0536	0.0536
0.0536	0.0536	0.0536	0.0536
