2.4758	2.3161	2.3161	2.1808
1.9036	1.8364	1.8364	1.7686
1.6535	1.6039	1.6039	1.5542
1.4576	1.4201	1.4201	1.3832
1.2885	1.2609	1.2609	1.2327
1.1409	1.1205	1.1205	1.0992
1.0122	0.9963	0.9963	0.9803
0.8987	0.8864	0.8864	0.8749
0.7987	0.7899	0.7899	0.7808
0.7109	0.7043	0.7043	0.6972
0.6337	0.6285	0.6285	0.6238
0.5656	0.5613	0.5613	0.5582
0.5053	0.5028	0.5028	0.4998
0.4523	0.4506	0.4506	0.4482
0.4056	0.4039	0.4039	0.4027
0.3648	0.3634	0.3634	0.3623
0.3283	0.3272	0.3272	0.3270
0.2965	0.2958	0.2958	0.2949
0.2677	0.2677	0.2677	0.2669
0.2430	0.2427	0.2427	0.2421
0.2210	0.2208	0.2208	0.2203
0.2012	0.2010	0.2010	0.2009
0.1844	0.1843	0.1843	0.1841
0.1688	0.1689	0.1689	0.1686
0.1561	0.1561	0.1561	0.1559
0.1436	0.1439	0.1439	0.1436
0.1333	0.1332	0.1332	0.1333
0.1236	0.1237	0.1237	0.1236
0.1148	0.1149	0.1149	0.1147
0.1082	0.1085	0.1085	0.1081
0.1035	0.1033	0.1033	0.1035
0.0953	0.0943	0.0943	0.0952
0.0936	0.0930	0.0930	0.0936
0.0854	0.0851	0.0851	0.0854
0.0836	0.0836	0.0836	0.0836
0.0816	0.0820	0.0820	0.0816
0.0743	0.0740	0.0740	0.0742
0.0736	0.0736	0.0736	0.0736
0.0736	0.0736	0.0736	0.0736
0.0722	0.0724	0.0724	0.0722
0.0646	0.0651	0.0651	0.0646
0.0636	0.0636	0.0636	0.0636
0.0636	0.0636	0.0636	0.0636
0.0637	0.0635	0.0635	0.0637
0.0636	0.0636	0.0636	0.0636
0.0636	0.0636	0.0636	0.0636
0.0635	0.0633	0.0633	0.0635
0.0628	0.0625	0.0625	0.0628
0.0610	0.0601	0.0601	0.0610
0.0559	0.0556	0.0556	0.0559
0.0545	0.0546	0.0546	0.0545
0.0541	0.0539	0.0539	0.0541
0.0547	0.0527	0.0527	0.0547
0.0536	0.0536	0.0536	0.0536
0.0536	0.0536	0.0536	0.0536
0.0536	0.0536	0.0536	0.0536
0.0536	0.0536	0.0536	0.0536
0.0536	0.0536	0.0536	0.0536
0.0536	0.0536	0.0536	0.0536
0.0536	0.0537	0.0537	0.0536
0.0536	0.0536	0.0536	0.0536
0.0536	0.0536	0.0536	0.0536
0.0536	0.0536	0.0536	0.0536
0.0536	0.0536	0.0536	0.0536
0.0536	0.0536	0.0536	0.0536
0.0536	0.0536	0.0536	0.0536
0.0536	0.0536	0.0536	0.0536
0.0536	0.0536	0.0536	0.0536
0.0536	0.0536	0.0536	0.0536
0.0535	0.0537	0.0537	0.0535
0.0537	0.0535	0.0535	0.0537
0.0536	0.0536	0.0536	0.0536
0.0536	0.0536	0.0536	0.0536
0.0536	0.0536	0.0536	0.0536
0.0536	0.0536	0.0536	0.0536
0.0536	0.0536	0.0536	0.0536
0.0536	0.0536	0.0536	0.0536
0.0536	0.0536	0.0536	0.0536
0.0536	0.0536	0.0536	0.0536
0.0536	0.0536	0.0536	0.0536
0.0536	0.0536	0.0536	0.0536
0.0536	0.0536	0.0536	0.0536
0.0536	0.0536	0.0536	0.0536
0.0536	0.0536	0.0536	0.0536
0.0536	0.0536	0.0536	0.0536
0.0536	0.0536	0.0536	0.0536
0.0536	0.0536	0.0536	0.0536
0.0536	0.0536	0.0536	0.0536
0.0536	0.0536	0.0536	0.0536
0.0536	0.0536	0.0536	0.0536
0.0536	0.0536	0.0536	0.0536
0.0536	0.0536	0.0536	0.0536
0.0536	0.0536	0.0536	0.0536
0.0536	0.0536	0.0536	0.0536
0.0537	0.0535	0.0535	0.0537
0.0536	0.0536	0.0536	0.0536
0.0537	0.0535	0.0535	0.0537
0.0536	0.0536	0.0536	0.0536
0.0537	0.0535	0.0535	0.0537
0.0535	0.0537	0.0537	0.0535
