1.7415	1.7132	1.6339	1.6101
1.3576	1.3452	1.3094	1.2973
1.1836	1.1747	1.1481	1.1392
1.0467	1.0400	1.0200	1.0131
0.9287	0.9235	0.9084	0.9036
0.8255	0.8211	0.8102	0.8067
0.7344	0.7316	0.7229	0.7202
0.6546	0.6521	0.6456	0.6433
0.5832	0.5822	0.5773	0.5754
0.5212	0.5203	0.5168	0.5156
0.4665	0.4661	0.4630	0.4623
0.4183	0.4175	0.4153	0.4150
0.3761	0.3752	0.3731	0.3732
0.3382	0.3378	0.3370	0.3364
0.3049	0.3046	0.3040	0.3036
0.2754	0.2747	0.2744	0.2742
0.2500	0.2498	0.2494	0.2486
0.2266	0.2264	0.2261	0.2260
0.2073	0.2069	0.2067	0.2063
0.1887	0.1888	0.1886	0.1886
0.1730	0.1730	0.1729	0.1723
0.1588	0.1590	0.1587	0.1588
0.1471	0.1470	0.1469	0.1470
0.1361	0.1362	0.1361	0.1361
0.1261	0.1262	0.1260	0.1259
0.1176	0.1179	0.1179	0.1176
0.1111	0.1116	0.1116	0.1111
0.1035	0.1037	0.1037	0.1035
0.0980	0.0974	0.0974	0.0979
0.0936	0.0936	0.0936	0.0936
0.0880	0.0878	0.0878	0.0879
0.0836	0.0836	0.0836	0.0836
0.0831	0.0833	0.0833	0.0831
0.0754	0.0753	0.0753	0.0754
0.0736	0.0736	0.0736	0.0736
0.0738	0.0734	0.0734	0.0738
0.0733	0.0731	0.0731	0.0733
0.0669	0.0667	0.0667	0.0669
0.0636	0.0638	0.0638	0.0636
0.0636	0.0636	0.0636	0.0636
0.0636	0.0636	0.0636	0.0636
0.0636	0.0636	0.0636	0.0636
0.0635	0.0637	0.0637	0.0635
0.0635	0.0636	0.0636	0.0635
0.0629	0.0632	0.0632	0.0629
0.0614	0.0619	0.0619	0.0614
0.0569	0.0567	0.0567	0.0569
0.0546	0.0553	0.0553	0.0546
0.0540	0.0545	0.0545	0.0540
0.0539	0.0536	0.0536	0.0539
0.0536	0.0536	0.0536	0.0536
0.0536	0.0536	0.0536	0.0536
0.0536	0.0536	0.0536	0.0536
0.0537	0.0536	0.0536	0.0537
0.0536	0.0536	0.0536	0.0536
0.0536	0.0536	0.0536	0.0536
0.0536	0.0536	0.0536	0.0536
0.0536	0.0536	0.0536	0.0536
0.0536	0.0536	0.0536	0.0536
0.0536	0.0536	0.0536	0.0536
0.0536	0.0536	0.0536	0.0536
0.0535	0.0537	0.0537	0.0535
0.0536	0.0536	0.0536	0.0536
0.0537	0.0536	0.0536	0.0537
0.0535	0.0538	0.0538	0.0535
0.0536	0.0536	0.0536	0.0536
0.0538	0.0534	0.0534	0.0538
0.0537	0.0535	0.0535	0.0537
0.0536	0.0536	0.0536	0.0536
0.0535	0.0537	0.0537	0.0535
0.0536	0.0536	0.0536	0.0536
0.0536	0.0536	0.0536	0.0536
0.0536	0.0536	0.0536	0.0536
0.0536	0.0536	0.0536	0.0536
0.0536	0.0536	0.0536	0.0536
0.0536	0.0536	0.0536	0.0536
0.0536	0.0536	0.0536	0.0536
0.0536	0.0536	0.0536	0.0536
0.0536	0.0536	0.0536	0.0536
0.0536	0.0536	0.0536	0.0536
0.0536	0.0536	0.0536	0.0536
0.0536	0.0536	0.0536	0.0536
0.0536	0.0536	0.0536	0.0536
0.0536	0.0536	0.0536	0.0536
0.0536	0.0536	0.0536	0.0536
0.0536	0.0536	0.0536	0.0536
0.0536	0.0536	0.0536	0.0536
0.0537	0.0535	0.0535	0.0537
0.0536	0.0536	0.0536	0.0536
0.0536	0.0536	0.0536	0.0536
0.0536	0.0536	0.0536	0.0536
0.0536	0.0536	0.0536	0.0536
0.0536	0.0536	0.0536	0.0536
0.0537	0.0535	0.0535	0.0537
0.0536	0.0536	0.0536	0.0536
0.0535	0.0537	0.0537	0.0535
0.0535	0.0537	0.0537	0.0535
0.0537	0.0535	0.0535	0.0537
0.0536	0.0536	0.0536	0.0536
0.0536	0.0536	0.0536	0.0536
