4.7188	4.6618	4.6125	4.5579
3.6929	3.6666	3.6445	3.6189
3.2136	3.1945	3.1781	3.1592
2.8355	2.8214	2.8081	2.7946
2.5076	2.4978	2.4882	2.4775
2.2205	2.2123	2.2056	2.1973
1.9670	1.9612	1.9552	1.9495
1.7436	1.7390	1.7347	1.7302
1.5457	1.5426	1.5396	1.5362
1.3719	1.3697	1.3667	1.3646
1.2184	1.2161	1.2143	1.2128
1.0824	1.0805	1.0793	1.0784
0.9626	0.9611	0.9604	0.9594
0.8563	0.8558	0.8551	0.8544
0.7628	0.7624	0.7621	0.7611
0.6798	0.6801	0.6797	0.6789
0.6072	0.6072	0.6068	0.6065
0.5426	0.5424	0.5421	0.5423
0.4861	0.4859	0.4858	0.4854
0.4358	0.4354	0.4353	0.4352
0.3910	0.3912	0.3912	0.3907
0.3516	0.3519	0.3518	0.3516
0.3172	0.3173	0.3173	0.3170
0.2865	0.2866	0.2866	0.2864
0.2598	0.2594	0.2593	0.2596
0.2349	0.2354	0.2354	0.2348
0.2144	0.2142	0.2141	0.2144
0.1956	0.1960	0.1960	0.1956
0.1790	0.1788	0.1788	0.1790
0.1649	0.1652	0.1652	0.1649
0.1511	0.1512	0.1511	0.1511
0.1403	0.1397	0.1397	0.1403
0.1301	0.1303	0.1303	0.1301
0.1216	0.1219	0.1219	0.1216
0.1135	0.1135	0.1135	0.1135
0.1052	0.1056	0.1056	0.1052
0.1014	0.1019	0.1019	0.1014
0.0938	0.0936	0.0936	0.0938
0.0922	0.0913	0.0913	0.0921
0.0841	0.0836	0.0836	0.0841
0.0836	0.0836	0.0836	0.0836
0.0790	0.0791	0.0791	0.0790
0.0737	0.0736	0.0736	0.0737
0.0736	0.0736	0.0736	0.0736
0.0737	0.0735	0.0735	0.0737
0.0701	0.0697	0.0697	0.0701
0.0642	0.0637	0.0637	0.0642
0.0636	0.0636	0.0636	0.0636
0.0636	0.0636	0.0636	0.0636
0.0636	0.0636	0.0636	0.0636
0.0634	0.0637	0.0637	0.0634
0.0636	0.0636	0.0636	0.0636
0.0633	0.0629	0.0629	0.0633
0.0619	0.0627	0.0627	0.0619
0.0591	0.0591	0.0591	0.0591
0.0553	0.0551	0.0551	0.0553
0.0543	0.0543	0.0543	0.0543
0.0540	0.0539	0.0539	0.0540
0.0536	0.0536	0.0536	0.0536
0.0536	0.0536	0.0536	0.0536
0.0535	0.0537	0.0537	0.0535
0.0536	0.0536	0.0536	0.0536
0.0536	0.0536	0.0536	0.0536
0.0535	0.0538	0.0538	0.0535
0.0536	0.0536	0.0536	0.0536
0.0536	0.0536	0.0536	0.0536
0.0536	0.0536	0.0536	0.0536
0.0536	0.0536	0.0536	0.0536
0.0536	0.0536	0.0536	0.0536
0.0537	0.0535	0.0535	0.0537
0.0536	0.0536	0.0536	0.0536
0.0535	0.0537	0.0537	0.0535
0.0536	0.0536	0.0536	0.0536
0.0536	0.0536	0.0536	0.0536
0.0536	0.0536	0.0536	0.0536
0.0536	0.0536	0.0536	0.0536
0.0536	0.0536	0.0536	0.0536
0.0536	0.0536	0.0536	0.0536
0.0535	0.0537	0.0537	0.0535
0.0536	0.0536	0.0536	0.0536
0.0536	0.0536	0.0536	0.0536
0.0537	0.0536	0.0536	0.0537
0.0536	0.0536	0.0536	0.0536
0.0536	0.0536	0.0536	0.0536
0.0537	0.0535	0.0535	0.0537
0.0536	0.0536	0.0536	0.0536
0.0536	0.0536	0.0536	0.0536
0.0534	0.0538	0.0538	0.0534
0.0536	0.0536	0.0536	0.0536
0.0536	0.0536	0.0536	0.0536
0.0536	0.0536	0.0536	0.0536
0.0537	0.0535	0.0535	0.0537
0.0536	0.0536	0.0536	0.0536
0.0536	0.0536	0.0536	0.0536
0.0536	0.0536	0.0536	0.0536
0.0536	0.0536	0.0536	0.0536
0.0536	0.0536	0.0536	0.0536
0.0537	0.0535	0.0535	0.0537
0.0536	0.0536	0.0536	0.0536
0.0536	0.0536	0.0536	0.0536
