5.1307	4.9661	5.1987	5.0490
4.0273	3.9556	4.0620	3.9897
3.5064	3.4539	3.5325	3.4794
3.0954	3.0562	3.1150	3.0749
2.7390	2.7097	2.7536	2.7235
2.4259	2.4032	2.4365	2.4144
2.1487	2.1322	2.1574	2.1404
1.9048	1.8925	1.9113	1.8987
1.6894	1.6798	1.6939	1.6842
1.4987	1.4915	1.5024	1.4951
1.3304	1.3252	1.3327	1.3277
1.1817	1.1777	1.1840	1.1794
1.0507	1.0473	1.0517	1.0488
0.9343	0.9321	0.9357	0.9332
0.8319	0.8298	0.8327	0.8309
0.7414	0.7404	0.7421	0.7405
0.6612	0.6603	0.6618	0.6606
0.5905	0.5901	0.5913	0.5903
0.5282	0.5277	0.5285	0.5279
0.4731	0.4724	0.4731	0.4728
0.4241	0.4237	0.4241	0.4240
0.3813	0.3809	0.3810	0.3812
0.3429	0.3427	0.3429	0.3429
0.3094	0.3092	0.3093	0.3094
0.2797	0.2797	0.2797	0.2796
0.2536	0.2533	0.2533	0.2534
0.2300	0.2305	0.2306	0.2300
0.2096	0.2094	0.2094	0.2096
0.1912	0.1909	0.1910	0.1912
0.1762	0.1756	0.1757	0.1762
0.1605	0.1603	0.1603	0.1605
0.1488	0.1487	0.1487	0.1488
0.1378	0.1380	0.1380	0.1378
0.1278	0.1280	0.1280	0.1278
0.1195	0.1195	0.1196	0.1195
0.1128	0.1126	0.1126	0.1128
0.1036	0.1036	0.1036	0.1036
0.0987	0.0992	0.0992	0.0987
0.0938	0.0934	0.0934	0.0938
0.0893	0.0895	0.0895	0.0893
0.0836	0.0836	0.0836	0.0836
0.0835	0.0835	0.0835	0.0835
0.0772	0.0768	0.0768	0.0772
0.0736	0.0736	0.0736	0.0736
0.0736	0.0736	0.0736	0.0736
0.0730	0.0735	0.0735	0.0730
0.0683	0.0681	0.0681	0.0683
0.0638	0.0637	0.0637	0.0638
0.0636	0.0636	0.0636	0.0636
0.0636	0.0636	0.0636	0.0636
0.0637	0.0633	0.0633	0.0637
0.0636	0.0636	0.0636	0.0636
0.0636	0.0636	0.0636	0.0636
0.0627	0.0631	0.0631	0.0627
0.0619	0.0616	0.0616	0.0619
0.0563	0.0586	0.0586	0.0563
0.0558	0.0552	0.0552	0.0558
0.0544	0.0540	0.0540	0.0544
0.0539	0.0537	0.0537	0.0539
0.0537	0.0537	0.0537	0.0537
0.0536	0.0536	0.0536	0.0536
0.0536	0.0536	0.0536	0.0536
0.0536	0.0536	0.0536	0.0536
0.0536	0.0536	0.0536	0.0536
0.0536	0.0536	0.0536	0.0536
0.0536	0.0536	0.0536	0.0536
0.0536	0.0536	0.0536	0.0536
0.0536	0.0536	0.0536	0.0536
0.0536	0.0536	0.0536	0.0536
0.0537	0.0535	0.0535	0.0537
0.0536	0.0536	0.0536	0.0536
0.0536	0.0536	0.0536	0.0536
0.0536	0.0536	0.0536	0.0536
0.0536	0.0536	0.0536	0.0536
0.0536	0.0536	0.0536	0.0536
0.0535	0.0537	0.0537	0.0535
0.0536	0.0536	0.0536	0.0536
0.0536	0.0536	0.0536	0.0536
0.0536	0.0536	0.0536	0.0536
0.0536	0.0536	0.0536	0.0536
0.0536	0.0536	0.0536	0.0536
0.0535	0.0537	0.0537	0.0535
0.0535	0.0537	0.0537	0.0535
0.0536	0.0536	0.0536	0.0536
0.0536	0.0536	0.0536	0.0536
0.0536	0.0536	0.0536	0.0536
0.0536	0.0536	0.0536	0.0536
0.0537	0.0535	0.0535	0.0537
0.0536	0.0536	0.0536	0.0536
0.0536	0.0536	0.0536	0.0536
0.0536	0.0536	0.0536	0.0536
0.0536	0.0536	0.0536	0.0536
0.0536	0.0536	0.0536	0.0536
0.0536	0.0536	0.0536	0.0536
0.0537	0.0535	0.0535	0.0537
0.0536	0.0536	0.0536	0.0536
0.0536	0.0536	0.0536	0.0536
0.0536	0.0536	0.0536	0.0536
0.0536	0.0536	0.0536	0.0536
0.0538	0.0534	0.0534	0.0538
