1.3134	1.4020	1.2379	1.3134
1.0459	1.0839	1.0083	1.0459
0.9166	0.9443	0.8889	0.9166
0.8145	0.8353	0.7939	0.8145
0.7256	0.7410	0.7098	0.7256
0.6472	0.6591	0.6358	0.6472
0.5787	0.5872	0.5698	0.5787
0.5171	0.5242	0.5107	0.5171
0.4635	0.4685	0.4585	0.4635
0.4158	0.4198	0.4123	0.4158
0.3738	0.3766	0.3706	0.3738
0.3364	0.3386	0.3347	0.3364
0.3040	0.3053	0.3019	0.3040
0.2743	0.2754	0.2731	0.2743
0.2488	0.2502	0.2476	0.2488
0.2261	0.2268	0.2251	0.2261
0.2062	0.2068	0.2057	0.2062
0.1884	0.1885	0.1880	0.1884
0.1721	0.1730	0.1722	0.1721
0.1588	0.1589	0.1587	0.1588
0.1471	0.1467	0.1465	0.1471
0.1360	0.1359	0.1357	0.1360
0.1262	0.1262	0.1259	0.1262
0.1174	0.1173	0.1173	0.1174
0.1110	0.1113	0.1110	0.1110
0.1036	0.1036	0.1036	0.1036
0.0970	0.0975	0.0974	0.0970
0.0936	0.0936	0.0936	0.0936
0.0863	0.0884	0.0883	0.0863
0.0836	0.0836	0.0836	0.0836
0.0832	0.0832	0.0832	0.0832
0.0750	0.0754	0.0754	0.0750
0.0736	0.0736	0.0736	0.0736
0.0736	0.0736	0.0736	0.0736
0.0728	0.0731	0.0731	0.0728
0.0666	0.0667	0.0666	0.0666
0.0636	0.0636	0.0636	0.0636
0.0636	0.0636	0.0636	0.0636
0.0636	0.0636	0.0636	0.0636
0.0635	0.0637	0.0637	0.0635
0.0636	0.0636	0.0636	0.0636
0.0635	0.0636	0.0636	0.0635
0.0628	0.0622	0.0622	0.0628
0.0624	0.0611	0.0611	0.0624
0.0566	0.0567	0.0567	0.0566
0.0541	0.0545	0.0545	0.0541
0.0539	0.0545	0.0545	0.0539
0.0537	0.0537	0.0537	0.0537
0.0538	0.0536	0.0536	0.0538
0.0536	0.0536	0.0536	0.0536
0.0536	0.0536	0.0536	0.0536
0.0536	0.0537	0.0537	0.0536
0.0536	0.0536	0.0536	0.0536
0.0536	0.0536	0.0536	0.0536
0.0536	0.0536	0.0536	0.0536
0.0536	0.0536	0.0536	0.0536
0.0536	0.0536	0.0536	0.0536
0.0536	0.0537	0.0537	0.0536
0.0536	0.0536	0.0536	0.0536
0.0536	0.0536	0.0536	0.0536
0.0534	0.0538	0.0538	0.0534
0.0536	0.0536	0.0536	0.0536
0.0536	0.0536	0.0536	0.0536
0.0536	0.0536	0.0536	0.0536
0.0536	0.0536	0.0536	0.0536
0.0536	0.0536	0.0536	0.0536
0.0536	0.0536	0.0536	0.0536
0.0536	0.0536	0.0536	0.0536
0.0536	0.0536	0.0536	0.0536
0.0536	0.0536	0.0536	0.0536
0.0536	0.0536	0.0536	0.0536
0.0536	0.0536	0.0536	0.0536
0.0536	0.0536	0.0536	0.0536
0.0536	0.0536	0.0536	0.0536
0.0536	0.0536	0.0536	0.0536
0.0536	0.0536	0.0536	0.0536
0.0536	0.0536	0.0536	0.0536
0.0536	0.0536	0.0536	0.0536
0.0536	0.0536	0.0536	0.0536
0.0536	0.0536	0.0536	0.0536
0.0536	0.0536	0.0536	0.0536
0.0536	0.0536	0.0536	0.0536
0.0536	0.0536	0.0536	0.0536
0.0536	0.0536	0.0536	0.0536
0.0536	0.0536	0.0536	0.0536
0.0535	0.0537	0.0537	0.0535
0.0536	0.0536	0.0536	0.0536
0.0536	0.0536	0.0536	0.0536
0.0536	0.0536	0.0536	0.0536
0.0537	0.0535	0.0535	0.0537
0.0537	0.0535	0.0535	0.0537
0.0536	0.0536	0.0536	0.0536
0.0536	0.0536	0.0536	0.0536
0.0536	0.0536	0.0536	0.0536
0.0536	0.0536	0.0536	0.0536
0.0536	0.0536	0.0536	0.0536
0.0536	0.0536	0.0536	0.0536
0.0536	0.0536	0.0536	0.0536
0.0536	0.0536	0.0536	0.0536
0.0536	0.0536	0.0536	0.0536
