4.0260	3.8660	4.1044	3.9478
3.1615	3.0889	3.1986	3.1256
2.7545	2.7010	2.7812	2.7281
2.4323	2.3920	2.4527	2.4125
2.1533	2.1233	2.1686	2.1383
1.9079	1.8856	1.9196	1.8970
1.6920	1.6751	1.7004	1.6835
1.5009	1.4877	1.5069	1.4944
1.3323	1.3223	1.3370	1.3270
1.1829	1.1760	1.1863	1.1797
1.0519	1.0460	1.0541	1.0490
0.9349	0.9312	0.9376	0.9333
0.8326	0.8298	0.8343	0.8309
0.7418	0.7401	0.7428	0.7411
0.6618	0.6599	0.6625	0.6607
0.5914	0.5898	0.5917	0.5903
0.5283	0.5277	0.5287	0.5278
0.4735	0.4720	0.4738	0.4729
0.4244	0.4238	0.4247	0.4241
0.3812	0.3808	0.3816	0.3810
0.3429	0.3427	0.3436	0.3429
0.3094	0.3091	0.3095	0.3092
0.2796	0.2796	0.2799	0.2794
0.2533	0.2534	0.2536	0.2532
0.2305	0.2300	0.2303	0.2305
0.2096	0.2095	0.2096	0.2095
0.1911	0.1908	0.1909	0.1911
0.1760	0.1758	0.1759	0.1760
0.1605	0.1607	0.1607	0.1605
0.1486	0.1486	0.1486	0.1486
0.1376	0.1374	0.1374	0.1376
0.1278	0.1278	0.1278	0.1278
0.1194	0.1193	0.1193	0.1194
0.1129	0.1127	0.1127	0.1129
0.1037	0.1039	0.1039	0.1037
0.0991	0.0996	0.0996	0.0991
0.0936	0.0936	0.0936	0.0936
0.0899	0.0890	0.0890	0.0899
0.0836	0.0837	0.0837	0.0836
0.0834	0.0836	0.0836	0.0834
0.0765	0.0769	0.0769	0.0765
0.0736	0.0736	0.0736	0.0736
0.0737	0.0735	0.0735	0.0737
0.0735	0.0732	0.0732	0.0735
0.0685	0.0685	0.0685	0.0685
0.0637	0.0636	0.0636	0.0637
0.0636	0.0636	0.0636	0.0636
0.0636	0.0636	0.0636	0.0636
0.0637	0.0635	0.0635	0.0637
0.0636	0.0636	0.0636	0.0636
0.0636	0.0635	0.0635	0.0636
0.0632	0.0632	0.0632	0.0632
0.0612	0.0620	0.0620	0.0612
0.0582	0.0574	0.0574	0.0582
0.0549	0.0549	0.0549	0.0549
0.0542	0.0539	0.0539	0.0542
0.0539	0.0538	0.0538	0.0539
0.0536	0.0536	0.0536	0.0536
0.0536	0.0536	0.0536	0.0536
0.0537	0.0536	0.0536	0.0537
0.0536	0.0536	0.0536	0.0536
0.0536	0.0536	0.0536	0.0536
0.0537	0.0535	0.0535	0.0537
0.0536	0.0536	0.0536	0.0536
0.0536	0.0538	0.0538	0.0536
0.0536	0.0536	0.0536	0.0536
0.0536	0.0536	0.0536	0.0536
0.0536	0.0536	0.0536	0.0536
0.0536	0.0536	0.0536	0.0536
0.0536	0.0536	0.0536	0.0536
0.0536	0.0536	0.0536	0.0536
0.0536	0.0536	0.0536	0.0536
0.0536	0.0536	0.0536	0.0536
0.0536	0.0536	0.0536	0.0536
0.0537	0.0535	0.0535	0.0537
0.0536	0.0536	0.0536	0.0536
0.0536	0.0536	0.0536	0.0536
0.0536	0.0536	0.0536	0.0536
0.0536	0.0536	0.0536	0.0536
0.0536	0.0536	0.0536	0.0536
0.0536	0.0536	0.0536	0.0536
0.0536	0.0536	0.0536	0.0536
0.0536	0.0536	0.0536	0.0536
0.0536	0.0536	0.0536	0.0536
0.0536	0.0536	0.0536	0.0536
0.0536	0.0536	0.0536	0.0536
0.0536	0.0536	0.0536	0.0536
0.0536	0.0536	0.0536	0.0536
0.0536	0.0536	0.0536	0.0536
0.0536	0.0536	0.0536	0.0536
0.0536	0.0536	0.0536	0.0536
0.0537	0.0535	0.0535	0.0537
0.0536	0.0536	0.0536	0.0536
0.0536	0.0536	0.0536	0.0536
0.0537	0.0535	0.0535	0.0537
0.0536	0.0536	0.0536	0.0536
0.0536	0.0536	0.0536	0.0536
0.0536	0.0536	0.0536	0.0536
0.0536	0.0536	0.0536	0.0536
0.0536	0.0536	0.0536	0.0536
