4.2329	4.2655	3.9709	3.9991
3.3010	3.3144	3.1793	3.1935
2.8705	2.8803	2.7813	2.7914
2.5311	2.5387	2.4644	2.4718
2.2380	2.2438	2.1879	2.1940
1.9810	1.9851	1.9430	1.9475
1.7546	1.7583	1.7263	1.7299
1.5552	1.5578	1.5338	1.5363
1.3791	1.3814	1.3637	1.3648
1.2245	1.2253	1.2123	1.2138
1.0872	1.0884	1.0785	1.0791
0.9669	0.9674	0.9598	0.9606
0.8600	0.8607	0.8553	0.8554
0.7661	0.7661	0.7622	0.7627
0.6830	0.6832	0.6799	0.6807
0.6096	0.6100	0.6074	0.6074
0.5447	0.5449	0.5434	0.5433
0.4877	0.4878	0.4865	0.4866
0.4365	0.4374	0.4361	0.4358
0.3925	0.3922	0.3919	0.3920
0.3529	0.3530	0.3525	0.3526
0.3184	0.3180	0.3175	0.3178
0.2875	0.2872	0.2867	0.2871
0.2606	0.2605	0.2601	0.2605
0.2359	0.2357	0.2356	0.2357
0.2152	0.2150	0.2150	0.2152
0.1967	0.1965	0.1963	0.1966
0.1793	0.1790	0.1790	0.1792
0.1656	0.1657	0.1657	0.1656
0.1511	0.1515	0.1515	0.1511
0.1400	0.1405	0.1405	0.1400
0.1305	0.1305	0.1305	0.1305
0.1220	0.1219	0.1219	0.1220
0.1137	0.1134	0.1134	0.1137
0.1053	0.1055	0.1055	0.1053
0.1016	0.1016	0.1016	0.1016
0.0936	0.0937	0.0937	0.0936
0.0923	0.0917	0.0917	0.0923
0.0836	0.0837	0.0837	0.0836
0.0836	0.0836	0.0836	0.0836
0.0794	0.0795	0.0795	0.0794
0.0738	0.0736	0.0736	0.0738
0.0736	0.0736	0.0736	0.0736
0.0736	0.0736	0.0736	0.0736
0.0701	0.0697	0.0697	0.0701
0.0643	0.0643	0.0643	0.0643
0.0636	0.0636	0.0636	0.0636
0.0636	0.0636	0.0636	0.0636
0.0636	0.0636	0.0636	0.0636
0.0636	0.0636	0.0636	0.0636
0.0636	0.0636	0.0636	0.0636
0.0634	0.0634	0.0634	0.0634
0.0624	0.0618	0.0618	0.0624
0.0592	0.0583	0.0583	0.0592
0.0551	0.0552	0.0552	0.0551
0.0543	0.0548	0.0548	0.0543
0.0539	0.0536	0.0536	0.0539
0.0536	0.0536	0.0536	0.0536
0.0536	0.0536	0.0536	0.0536
0.0536	0.0536	0.0536	0.0536
0.0536	0.0537	0.0537	0.0536
0.0536	0.0536	0.0536	0.0536
0.0536	0.0536	0.0536	0.0536
0.0538	0.0535	0.0535	0.0538
0.0536	0.0536	0.0536	0.0536
0.0536	0.0536	0.0536	0.0536
0.0536	0.0536	0.0536	0.0536
0.0536	0.0536	0.0536	0.0536
0.0536	0.0536	0.0536	0.0536
0.0536	0.0536	0.0536	0.0536
0.0536	0.0536	0.0536	0.0536
0.0536	0.0536	0.0536	0.0536
0.0536	0.0536	0.0536	0.0536
0.0536	0.0536	0.0536	0.0536
0.0536	0.0536	0.0536	0.0536
0.0536	0.0536	0.0536	0.0536
0.0536	0.0536	0.0536	0.0536
0.0536	0.0536	0.0536	0.0536
0.0536	0.0536	0.0536	0.0536
0.0536	0.0536	0.0536	0.0536
0.0536	0.0536	0.0536	0.0536
0.0536	0.0536	0.0536	0.0536
0.0536	0.0536	0.0536	0.0536
0.0536	0.0536	0.0536	0.0536
0.0537	0.0535	0.0535	0.0537
0.0536	0.0536	0.0536	0.0536
0.0536	0.0536	0.0536	0.0536
0.0536	0.0536	0.0536	0.0536
0.0536	0.0536	0.0536	0.0536
0.0536	0.0536	0.0536	0.0536
0.0536	0.0536	0.0536	0.0536
0.0536	0.0536	0.0536	0.0536
0.0536	0.0536	0.0536	0.0536
0.0536	0.0536	0.0536	0.0536
0.0536	0.0536	0.0536	0.0536
0.0536	0.0536	0.0536	0.0536
0.0536	0.0536	0.0536	0.0536
0.0536	0.0536	0.0536	0.0536
0.0536	0.0536	0.0536	0.0536
0.0536	0.0536	0.0536	0.0536
