6.0113	5.9010	6.1963	6.1014
4.7476	4.6999	4.8350	4.7883
4.1386	4.1035	4.2031	4.1686
3.6559	3.6295	3.7040	3.6790
3.2373	3.2175	3.2736	3.2543
2.8684	2.8534	2.8954	2.8806
2.5412	2.5306	2.5620	2.5511
2.2528	2.2444	2.2683	2.2602
1.9975	1.9912	2.0093	2.0033
1.7722	1.7672	1.7804	1.7762
1.5724	1.5689	1.5791	1.5754
1.3956	1.3932	1.4010	1.3983
1.2399	1.2380	1.2436	1.2417
1.1023	1.1007	1.1047	1.1034
0.9800	0.9789	0.9823	0.9809
0.8727	0.8714	0.8741	0.8731
0.7775	0.7769	0.7788	0.7777
0.6934	0.6928	0.6942	0.6938
0.6190	0.6184	0.6197	0.6194
0.5534	0.5526	0.5535	0.5534
0.4955	0.4948	0.4955	0.4959
0.4439	0.4434	0.4441	0.4439
0.3982	0.3986	0.3991	0.3983
0.3585	0.3580	0.3584	0.3585
0.3230	0.3228	0.3228	0.3233
0.2917	0.2918	0.2919	0.2919
0.2634	0.2641	0.2642	0.2635
0.2398	0.2396	0.2398	0.2399
0.2174	0.2178	0.2178	0.2175
0.1987	0.1987	0.1988	0.1987
0.1812	0.1813	0.1814	0.1812
0.1673	0.1676	0.1676	0.1673
0.1538	0.1539	0.1540	0.1538
0.1419	0.1423	0.1423	0.1419
0.1319	0.1319	0.1319	0.1319
0.1232	0.1233	0.1233	0.1232
0.1137	0.1137	0.1137	0.1137
0.1072	0.1069	0.1069	0.1072
0.1026	0.1031	0.1031	0.1026
0.0938	0.0941	0.0941	0.0938
0.0931	0.0931	0.0931	0.0931
0.0842	0.0844	0.0844	0.0842
0.0836	0.0836	0.0836	0.0836
0.0803	0.0807	0.0807	0.0803
0.0738	0.0736	0.0736	0.0738
0.0736	0.0736	0.0736	0.0736
0.0736	0.0736	0.0736	0.0736
0.0715	0.0717	0.0717	0.0715
0.0643	0.0643	0.0643	0.0643
0.0636	0.0636	0.0636	0.0636
0.0636	0.0636	0.0636	0.0636
0.0633	0.0638	0.0638	0.0633
0.0636	0.0636	0.0636	0.0636
0.0636	0.0636	0.0636	0.0636
0.0633	0.0636	0.0636	0.0633
0.0628	0.0624	0.0624	0.0628
0.0594	0.0604	0.0604	0.0594
0.0562	0.0557	0.0557	0.0562
0.0541	0.0544	0.0544	0.0541
0.0538	0.0540	0.0540	0.0538
0.0537	0.0536	0.0536	0.0537
0.0536	0.0536	0.0536	0.0536
0.0536	0.0536	0.0536	0.0536
0.0536	0.0536	0.0536	0.0536
0.0536	0.0536	0.0536	0.0536
0.0536	0.0536	0.0536	0.0536
0.0536	0.0536	0.0536	0.0536
0.0536	0.0536	0.0536	0.0536
0.0536	0.0536	0.0536	0.0536
0.0536	0.0536	0.0536	0.0536
0.0536	0.0536	0.0536	0.0536
0.0538	0.0534	0.0534	0.0538
0.0537	0.0535	0.0535	0.0537
0.0536	0.0536	0.0536	0.0536
0.0536	0.0536	0.0536	0.0536
0.0537	0.0535	0.0535	0.0537
0.0536	0.0536	0.0536	0.0536
0.0536	0.0536	0.0536	0.0536
0.0536	0.0536	0.0536	0.0536
0.0534	0.0538	0.0538	0.0534
0.0537	0.0535	0.0535	0.0537
0.0537	0.0535	0.0535	0.0537
0.0536	0.0536	0.0536	0.0536
0.0537	0.0535	0.0535	0.0537
0.0536	0.0536	0.0536	0.0536
0.0536	0.0536	0.0536	0.0536
0.0536	0.0536	0.0536	0.0536
0.0534	0.0538	0.0538	0.0534
0.0536	0.0536	0.0536	0.0536
0.0536	0.0536	0.0536	0.0536
0.0536	0.0536	0.0536	0.0536
0.0534	0.0538	0.0538	0.0534
0.0536	0.0536	0.0536	0.0536
0.0535	0.0537	0.0537	0.0535
0.0536	0.0536	0.0536	0.0536
0.0535	0.0537	0.0537	0.0535
0.0536	0.0536	0.0536	0.0536
0.0536	0.0536	0.0536	0.0536
0.0536	0.0536	0.0536	0.0536
0.0536	0.0536	0.0536	0.0536
