2.1180	2.2492	2.2492	2.4044
1.7180	1.7841	1.7841	1.8495
1.5102	1.5579	1.5579	1.6068
1.3434	1.3799	1.3799	1.4162
1.1981	1.2249	1.2249	1.2526
1.0680	1.0893	1.0893	1.1091
0.9530	0.9684	0.9684	0.9837
0.8507	0.8621	0.8621	0.8736
0.7599	0.7681	0.7681	0.7772
0.6784	0.6850	0.6850	0.6914
0.6067	0.6117	0.6117	0.6164
0.5429	0.5468	0.5468	0.5504
0.4866	0.4891	0.4891	0.4921
0.4362	0.4389	0.4389	0.4406
0.3924	0.3937	0.3937	0.3952
0.3531	0.3545	0.3545	0.3557
0.3185	0.3192	0.3192	0.3199
0.2879	0.2886	0.2886	0.2886
0.2610	0.2616	0.2616	0.2620
0.2362	0.2364	0.2364	0.2374
0.2157	0.2156	0.2156	0.2159
0.1971	0.1971	0.1971	0.1977
0.1794	0.1799	0.1799	0.1800
0.1660	0.1659	0.1659	0.1663
0.1519	0.1518	0.1518	0.1524
0.1407	0.1404	0.1404	0.1408
0.1307	0.1311	0.1311	0.1307
0.1222	0.1224	0.1224	0.1222
0.1137	0.1136	0.1136	0.1137
0.1061	0.1060	0.1060	0.1061
0.1022	0.1020	0.1020	0.1022
0.0938	0.0937	0.0937	0.0938
0.0928	0.0920	0.0920	0.0928
0.0839	0.0837	0.0837	0.0839
0.0836	0.0836	0.0836	0.0836
0.0800	0.0790	0.0790	0.0800
0.0737	0.0737	0.0737	0.0737
0.0736	0.0736	0.0736	0.0736
0.0736	0.0736	0.0736	0.0736
0.0702	0.0708	0.0708	0.0703
0.0646	0.0645	0.0645	0.0646
0.0636	0.0636	0.0636	0.0636
0.0636	0.0636	0.0636	0.0636
0.0636	0.0636	0.0636	0.0636
0.0636	0.0636	0.0636	0.0636
0.0635	0.0636	0.0636	0.0635
0.0633	0.0632	0.0632	0.0633
0.0623	0.0627	0.0627	0.0623
0.0594	0.0600	0.0600	0.0594
0.0555	0.0550	0.0550	0.0555
0.0540	0.0544	0.0544	0.0540
0.0544	0.0537	0.0537	0.0544
0.0536	0.0537	0.0537	0.0536
0.0536	0.0536	0.0536	0.0536
0.0536	0.0536	0.0536	0.0536
0.0536	0.0536	0.0536	0.0536
0.0536	0.0536	0.0536	0.0536
0.0536	0.0536	0.0536	0.0536
0.0536	0.0536	0.0536	0.0536
0.0536	0.0536	0.0536	0.0536
0.0536	0.0536	0.0536	0.0536
0.0536	0.0536	0.0536	0.0536
0.0536	0.0536	0.0536	0.0536
0.0536	0.0536	0.0536	0.0536
0.0536	0.0536	0.0536	0.0536
0.0536	0.0536	0.0536	0.0536
0.0536	0.0536	0.0536	0.0536
0.0537	0.0536	0.0536	0.0537
0.0538	0.0534	0.0534	0.0538
0.0536	0.0536	0.0536	0.0536
0.0535	0.0537	0.0537	0.0535
0.0536	0.0536	0.0536	0.0536
0.0535	0.0537	0.0537	0.0535
0.0536	0.0536	0.0536	0.0536
0.0536	0.0536	0.0536	0.0536
0.0536	0.0536	0.0536	0.0536
0.0536	0.0536	0.0536	0.0536
0.0536	0.0536	0.0536	0.0536
0.0536	0.0536	0.0536	0.0536
0.0536	0.0536	0.0536	0.0536
0.0535	0.0537	0.0537	0.0535
0.0536	0.0536	0.0536	0.0536
0.0536	0.0536	0.0536	0.0536
0.0536	0.0536	0.0536	0.0536
0.0536	0.0536	0.0536	0.0536
0.0536	0.0536	0.0536	0.0536
0.0536	0.0536	0.0536	0.0536
0.0536	0.0536	0.0536	0.0536
0.0536	0.0536	0.0536	0.0536
0.0535	0.0537	0.0537	0.0535
0.0535	0.0537	0.0537	0.0535
0.0536	0.0536	0.0536	0.0536
0.0536	0.0536	0.0536	0.0536
0.0536	0.0536	0.0536	0.0536
0.0536	0.0536	0.0536	0.0536
0.0536	0.0536	0.0536	0.0536
0.0536	0.0536	0.0536	0.0536
0.0538	0.0534	0.0534	0.0538
0.0535	0.0537	0.0537	0.0535
0.0536	0.0536	0.0536	0.0536
