3.0012	3.0457	3.0536	3.0800
2.3859	2.4025	2.4059	2.4221
2.0846	2.0966	2.0996	2.1112
1.8457	1.8546	1.8565	1.8654
1.6377	1.6446	1.6461	1.6527
1.4547	1.4594	1.4607	1.4662
1.2928	1.2960	1.2969	1.3008
1.1490	1.1520	1.1525	1.1553
1.0220	1.0241	1.0246	1.0265
0.9096	0.9112	0.9117	0.9131
0.8103	0.8117	0.8121	0.8127
0.7223	0.7236	0.7239	0.7244
0.6450	0.6458	0.6460	0.6464
0.5760	0.5766	0.5766	0.5771
0.5159	0.5162	0.5162	0.5171
0.4615	0.4624	0.4624	0.4622
0.4142	0.4141	0.4144	0.4147
0.3724	0.3725	0.3725	0.3728
0.3359	0.3354	0.3355	0.3363
0.3026	0.3029	0.3029	0.3028
0.2738	0.2735	0.2736	0.2739
0.2480	0.2483	0.2483	0.2481
0.2250	0.2256	0.2256	0.2250
0.2055	0.2058	0.2058	0.2055
0.1882	0.1878	0.1878	0.1882
0.1719	0.1721	0.1721	0.1720
0.1582	0.1585	0.1585	0.1582
0.1465	0.1463	0.1463	0.1466
0.1356	0.1351	0.1351	0.1356
0.1252	0.1260	0.1260	0.1252
0.1172	0.1173	0.1173	0.1172
0.1112	0.1101	0.1101	0.1113
0.1036	0.1036	0.1036	0.1036
0.0971	0.0965	0.0965	0.0971
0.0935	0.0936	0.0936	0.0935
0.0867	0.0878	0.0878	0.0867
0.0836	0.0836	0.0836	0.0836
0.0832	0.0831	0.0831	0.0832
0.0752	0.0749	0.0749	0.0752
0.0736	0.0736	0.0736	0.0736
0.0736	0.0736	0.0736	0.0736
0.0731	0.0735	0.0735	0.0731
0.0666	0.0670	0.0670	0.0666
0.0638	0.0637	0.0637	0.0638
0.0636	0.0636	0.0636	0.0636
0.0636	0.0636	0.0636	0.0636
0.0636	0.0636	0.0636	0.0636
0.0636	0.0636	0.0636	0.0636
0.0637	0.0634	0.0634	0.0637
0.0628	0.0628	0.0628	0.0628
0.0616	0.0618	0.0618	0.0616
0.0575	0.0555	0.0555	0.0575
0.0547	0.0540	0.0540	0.0547
0.0540	0.0539	0.0539	0.0540
0.0537	0.0536	0.0536	0.0537
0.0537	0.0535	0.0535	0.0537
0.0536	0.0536	0.0536	0.0536
0.0536	0.0536	0.0536	0.0536
0.0536	0.0536	0.0536	0.0536
0.0536	0.0536	0.0536	0.0536
0.0536	0.0536	0.0536	0.0536
0.0536	0.0536	0.0536	0.0536
0.0533	0.0539	0.0539	0.0533
0.0536	0.0536	0.0536	0.0536
0.0536	0.0536	0.0536	0.0536
0.0536	0.0536	0.0536	0.0536
0.0536	0.0536	0.0536	0.0536
0.0536	0.0536	0.0536	0.0536
0.0537	0.0535	0.0535	0.0537
0.0536	0.0536	0.0536	0.0536
0.0538	0.0534	0.0534	0.0538
0.0536	0.0536	0.0536	0.0536
0.0536	0.0536	0.0536	0.0536
0.0536	0.0536	0.0536	0.0536
0.0536	0.0536	0.0536	0.0536
0.0536	0.0536	0.0536	0.0536
0.0536	0.0536	0.0536	0.0536
0.0536	0.0536	0.0536	0.0536
0.0536	0.0536	0.0536	0.0536
0.0536	0.0536	0.0536	0.0536
0.0536	0.0536	0.0536	0.0536
0.0536	0.0536	0.0536	0.0536
0.0536	0.0536	0.0536	0.0536
0.0536	0.0536	0.0536	0.0536
0.0536	0.0536	0.0536	0.0536
0.0536	0.0536	0.0536	0.0536
0.0536	0.0536	0.0536	0.0536
0.0536	0.0536	0.0536	0.0536
0.0536	0.0536	0.0536	0.0536
0.0536	0.0536	0.0536	0.0536
0.0536	0.0536	0.0536	0.0536
0.0536	0.0536	0.0536	0.0536
0.0536	0.0536	0.0536	0.0536
0.0536	0.0536	0.0536	0.0536
0.0536	0.0536	0.0536	0.0536
0.0536	0.0536	0.0536	0.0536
0.0536	0.0536	0.0536	0.0536
0.0536	0.0536	0.0536	0.0536
0.0536	0.0536	0.0536	0.0536
0.0536	0.0536	0.0536	0.0536
