4.1450	4.2794	4.1532	4.2626
3.2927	3.3489	3.2906	3.3467
2.8742	2.9154	2.8727	2.9142
2.5426	2.5734	2.5413	2.5723
2.2537	2.2772	2.2534	2.2765
1.9993	2.0171	1.9987	2.0164
1.7746	1.7873	1.7737	1.7870
1.5754	1.5849	1.5746	1.5844
1.3987	1.4061	1.3988	1.4060
1.2427	1.2481	1.2427	1.2485
1.1048	1.1091	1.1048	1.1089
0.9829	0.9859	0.9827	0.9861
0.8749	0.8774	0.8753	0.8773
0.7799	0.7808	0.7797	0.7816
0.6955	0.6967	0.6952	0.6967
0.6211	0.6217	0.6204	0.6219
0.5548	0.5557	0.5551	0.5554
0.4967	0.4972	0.4968	0.4972
0.4449	0.4453	0.4451	0.4455
0.3998	0.4002	0.3999	0.3999
0.3593	0.3594	0.3591	0.3594
0.3242	0.3241	0.3239	0.3245
0.2926	0.2927	0.2927	0.2927
0.2642	0.2645	0.2643	0.2644
0.2409	0.2406	0.2405	0.2409
0.2185	0.2185	0.2184	0.2186
0.1993	0.1990	0.1990	0.1993
0.1819	0.1824	0.1824	0.1819
0.1676	0.1675	0.1675	0.1677
0.1550	0.1543	0.1543	0.1550
0.1423	0.1421	0.1421	0.1423
0.1320	0.1325	0.1325	0.1320
0.1233	0.1236	0.1236	0.1233
0.1143	0.1142	0.1142	0.1143
0.1077	0.1073	0.1073	0.1077
0.1032	0.1028	0.1028	0.1032
0.0938	0.0941	0.0940	0.0938
0.0934	0.0934	0.0934	0.0934
0.0847	0.0840	0.0840	0.0847
0.0838	0.0835	0.0835	0.0838
0.0808	0.0812	0.0812	0.0808
0.0737	0.0741	0.0741	0.0737
0.0736	0.0736	0.0736	0.0736
0.0736	0.0736	0.0736	0.0736
0.0709	0.0717	0.0717	0.0709
0.0647	0.0644	0.0644	0.0647
0.0636	0.0636	0.0636	0.0636
0.0636	0.0636	0.0636	0.0636
0.0636	0.0636	0.0636	0.0636
0.0636	0.0635	0.0635	0.0636
0.0636	0.0636	0.0636	0.0636
0.0630	0.0631	0.0631	0.0630
0.0624	0.0631	0.0631	0.0624
0.0597	0.0604	0.0604	0.0597
0.0553	0.0556	0.0556	0.0553
0.0542	0.0544	0.0544	0.0542
0.0539	0.0538	0.0538	0.0539
0.0537	0.0536	0.0536	0.0537
0.0536	0.0536	0.0536	0.0536
0.0536	0.0536	0.0536	0.0536
0.0536	0.0536	0.0536	0.0536
0.0535	0.0537	0.0537	0.0535
0.0536	0.0536	0.0536	0.0536
0.0536	0.0537	0.0537	0.0536
0.0536	0.0536	0.0536	0.0536
0.0536	0.0536	0.0536	0.0536
0.0536	0.0536	0.0536	0.0536
0.0536	0.0536	0.0536	0.0536
0.0536	0.0536	0.0536	0.0536
0.0535	0.0537	0.0537	0.0535
0.0536	0.0536	0.0536	0.0536
0.0536	0.0536	0.0536	0.0536
0.0536	0.0536	0.0536	0.0536
0.0536	0.0536	0.0536	0.0536
0.0537	0.0535	0.0535	0.0537
0.0536	0.0536	0.0536	0.0536
0.0536	0.0536	0.0536	0.0536
0.0536	0.0536	0.0536	0.0536
0.0536	0.0536	0.0536	0.0536
0.0535	0.0537	0.0537	0.0535
0.0536	0.0536	0.0536	0.0536
0.0536	0.0536	0.0536	0.0536
0.0536	0.0536	0.0536	0.0536
0.0536	0.0536	0.0536	0.0536
0.0536	0.0536	0.0536	0.0536
0.0536	0.0536	0.0536	0.0536
0.0536	0.0536	0.0536	0.0536
0.0536	0.0536	0.0536	0.0536
0.0537	0.0535	0.0535	0.0537
0.0536	0.0536	0.0536	0.0536
0.0536	0.0536	0.0536	0.0536
0.0536	0.0536	0.0536	0.0536
0.0536	0.0536	0.0536	0.0536
0.0536	0.0536	0.0536	0.0536
0.0536	0.0536	0.0536	0.0536
0.0536	0.0536	0.0536	0.0536
0.0536	0.0536	0.0536	0.0536
0.0536	0.0536	0.0536	0.0536
0.0537	0.0535	0.0535	0.0537
0.0536	0.0536	0.0536	0.0536
