4.2061	4.3067	4.1261	4.2406
3.3197	3.3689	3.2863	3.3355
2.8949	2.9313	2.8701	2.9072
2.5588	2.5860	2.5407	2.5674
2.2674	2.2875	2.2531	2.2738
2.0098	2.0257	1.9996	2.0151
1.7828	1.7945	1.7753	1.7866
1.5819	1.5910	1.5759	1.5851
1.4045	1.4112	1.4002	1.4068
1.2477	1.2524	1.2441	1.2492
1.1089	1.1124	1.1064	1.1099
0.9862	0.9888	0.9843	0.9872
0.8783	0.8798	0.8764	0.8787
0.7822	0.7839	0.7807	0.7825
0.6970	0.6985	0.6967	0.6978
0.6225	0.6235	0.6220	0.6227
0.5563	0.5570	0.5560	0.5565
0.4984	0.4983	0.4974	0.4987
0.4463	0.4465	0.4460	0.4464
0.4008	0.4011	0.4008	0.4008
0.3600	0.3605	0.3598	0.3601
0.3248	0.3251	0.3249	0.3248
0.2934	0.2933	0.2932	0.2934
0.2651	0.2649	0.2648	0.2651
0.2413	0.2409	0.2408	0.2413
0.2189	0.2191	0.2190	0.2189
0.1992	0.1993	0.1992	0.1992
0.1827	0.1824	0.1824	0.1827
0.1678	0.1678	0.1678	0.1678
0.1549	0.1549	0.1548	0.1549
0.1423	0.1425	0.1425	0.1423
0.1322	0.1326	0.1326	0.1322
0.1233	0.1235	0.1235	0.1233
0.1141	0.1142	0.1142	0.1141
0.1080	0.1073	0.1073	0.1080
0.1035	0.1028	0.1028	0.1035
0.0939	0.0943	0.0943	0.0939
0.0932	0.0935	0.0935	0.0932
0.0845	0.0844	0.0844	0.0845
0.0835	0.0836	0.0836	0.0835
0.0809	0.0809	0.0809	0.0809
0.0739	0.0737	0.0737	0.0739
0.0735	0.0737	0.0737	0.0735
0.0736	0.0736	0.0736	0.0736
0.0720	0.0721	0.0721	0.0720
0.0642	0.0642	0.0642	0.0642
0.0636	0.0636	0.0636	0.0636
0.0636	0.0636	0.0636	0.0636
0.0636	0.0636	0.0636	0.0636
0.0636	0.0636	0.0636	0.0636
0.0636	0.0636	0.0636	0.0636
0.0633	0.0634	0.0634	0.0633
0.0631	0.0626	0.0626	0.0631
0.0598	0.0600	0.0600	0.0598
0.0563	0.0556	0.0556	0.0563
0.0547	0.0541	0.0541	0.0547
0.0539	0.0541	0.0541	0.0539
0.0536	0.0536	0.0536	0.0536
0.0535	0.0537	0.0537	0.0535
0.0536	0.0537	0.0537	0.0536
0.0536	0.0536	0.0536	0.0536
0.0536	0.0536	0.0536	0.0536
0.0536	0.0536	0.0536	0.0536
0.0536	0.0536	0.0536	0.0536
0.0536	0.0536	0.0536	0.0536
0.0536	0.0536	0.0536	0.0536
0.0536	0.0536	0.0536	0.0536
0.0537	0.0535	0.0535	0.0537
0.0535	0.0538	0.0538	0.0535
0.0536	0.0536	0.0536	0.0536
0.0536	0.0536	0.0536	0.0536
0.0536	0.0536	0.0536	0.0536
0.0536	0.0536	0.0536	0.0536
0.0536	0.0536	0.0536	0.0536
0.0536	0.0536	0.0536	0.0536
0.0536	0.0536	0.0536	0.0536
0.0536	0.0536	0.0536	0.0536
0.0536	0.0536	0.0536	0.0536
0.0536	0.0536	0.0536	0.0536
0.0536	0.0536	0.0536	0.0536
0.0536	0.0536	0.0536	0.0536
0.0536	0.0536	0.0536	0.0536
0.0533	0.0540	0.0540	0.0533
0.0536	0.0536	0.0536	0.0536
0.0536	0.0536	0.0536	0.0536
0.0536	0.0536	0.0536	0.0536
0.0536	0.0536	0.0536	0.0536
0.0536	0.0536	0.0536	0.0536
0.0536	0.0536	0.0536	0.0536
0.0536	0.0536	0.0536	0.0536
0.0536	0.0536	0.0536	0.0536
0.0536	0.0536	0.0536	0.0536
0.0536	0.0536	0.0536	0.0536
0.0536	0.0536	0.0536	0.0536
0.0536	0.0536	0.0536	0.0536
0.0536	0.0536	0.0536	0.0536
0.0535	0.0537	0.0537	0.0535
0.0536	0.0536	0.0536	0.0536
0.0537	0.0535	0.0535	0.0537
0.0536	0.0536	0.0536	0.0536
