2.1875	2.0592	2.3375	2.1875
1.7347	1.6712	1.7984	1.7347
1.5159	1.4688	1.5628	1.5159
1.3420	1.3072	1.3773	1.3420
1.1919	1.1655	1.2187	1.1919
1.0596	1.0393	1.0791	1.0596
0.9424	0.9281	0.9577	0.9424
0.8390	0.8276	0.8503	0.8390
0.7480	0.7391	0.7559	0.7480
0.6674	0.6605	0.6735	0.6674
0.5958	0.5909	0.6005	0.5958
0.5325	0.5290	0.5365	0.5325
0.4770	0.4742	0.4796	0.4770
0.4278	0.4259	0.4300	0.4278
0.3842	0.3826	0.3858	0.3842
0.3458	0.3450	0.3472	0.3458
0.3112	0.3108	0.3129	0.3112
0.2820	0.2814	0.2825	0.2820
0.2547	0.2548	0.2554	0.2547
0.2320	0.2317	0.2323	0.2320
0.2111	0.2108	0.2110	0.2111
0.1925	0.1925	0.1930	0.1925
0.1772	0.1770	0.1773	0.1772
0.1618	0.1618	0.1619	0.1618
0.1495	0.1494	0.1496	0.1495
0.1384	0.1385	0.1385	0.1384
0.1289	0.1284	0.1285	0.1289
0.1201	0.1200	0.1200	0.1201
0.1133	0.1131	0.1133	0.1133
0.1040	0.1037	0.1037	0.1040
0.1000	0.0999	0.1000	0.1000
0.0936	0.0936	0.0936	0.0936
0.0900	0.0902	0.0902	0.0900
0.0836	0.0836	0.0836	0.0836
0.0835	0.0835	0.0835	0.0835
0.0777	0.0777	0.0777	0.0777
0.0735	0.0738	0.0738	0.0735
0.0736	0.0736	0.0736	0.0736
0.0734	0.0734	0.0734	0.0734
0.0681	0.0685	0.0685	0.0681
0.0640	0.0640	0.0640	0.0640
0.0636	0.0636	0.0636	0.0636
0.0636	0.0636	0.0636	0.0636
0.0636	0.0636	0.0636	0.0636
0.0636	0.0636	0.0636	0.0636
0.0636	0.0636	0.0636	0.0636
0.0633	0.0628	0.0628	0.0633
0.0614	0.0624	0.0624	0.0614
0.0586	0.0578	0.0578	0.0586
0.0548	0.0551	0.0551	0.0548
0.0543	0.0538	0.0538	0.0543
0.0539	0.0537	0.0537	0.0539
0.0537	0.0536	0.0536	0.0537
0.0536	0.0536	0.0536	0.0536
0.0536	0.0536	0.0536	0.0536
0.0536	0.0536	0.0536	0.0536
0.0535	0.0537	0.0537	0.0535
0.0536	0.0536	0.0536	0.0536
0.0536	0.0536	0.0536	0.0536
0.0536	0.0536	0.0536	0.0536
0.0536	0.0536	0.0536	0.0536
0.0536	0.0536	0.0536	0.0536
0.0536	0.0536	0.0536	0.0536
0.0536	0.0536	0.0536	0.0536
0.0536	0.0536	0.0536	0.0536
0.0536	0.0536	0.0536	0.0536
0.0536	0.0536	0.0536	0.0536
0.0536	0.0536	0.0536	0.0536
0.0536	0.0536	0.0536	0.0536
0.0535	0.0537	0.0537	0.0535
0.0536	0.0536	0.0536	0.0536
0.0536	0.0536	0.0536	0.0536
0.0536	0.0536	0.0536	0.0536
0.0536	0.0536	0.0536	0.0536
0.0536	0.0536	0.0536	0.0536
0.0536	0.0536	0.0536	0.0536
0.0536	0.0536	0.0536	0.0536
0.0536	0.0536	0.0536	0.0536
0.0536	0.0536	0.0536	0.0536
0.0536	0.0536	0.0536	0.0536
0.0536	0.0536	0.0536	0.0536
0.0536	0.0536	0.0536	0.0536
0.0536	0.0536	0.0536	0.0536
0.0536	0.0536	0.0536	0.0536
0.0536	0.0536	0.0536	0.0536
0.0536	0.0536	0.0536	0.0536
0.0536	0.0536	0.0536	0.0536
0.0536	0.0536	0.0536	0.0536
0.0536	0.0536	0.0536	0.0536
0.0536	0.0536	0.0536	0.0536
0.0536	0.0536	0.0536	0.0536
0.0538	0.0534	0.0534	0.0538
0.0535	0.0537	0.0537	0.0535
0.0536	0.0536	0.0536	0.0536
0.0532	0.0540	0.0540	0.0532
0.0536	0.0536	0.0536	0.0536
0.0536	0.0536	0.0536	0.0536
0.0536	0.0536	0.0536	0.0536
0.0536	0.0536	0.0536	0.0536
0.0536	0.0536	0.0536	0.0536
