2.2868	2.1392	2.1392	2.0143
1.7592	1.6971	1.6971	1.6347
1.5288	1.4829	1.4829	1.4370
1.3478	1.3133	1.3133	1.2789
1.1923	1.1664	1.1664	1.1406
1.0563	1.0372	1.0372	1.0177
0.9376	0.9227	0.9227	0.9076
0.8327	0.8213	0.8213	0.8107
0.7404	0.7325	0.7325	0.7239
0.6594	0.6534	0.6534	0.6468
0.5882	0.5837	0.5837	0.5793
0.5255	0.5219	0.5219	0.5185
0.4704	0.4677	0.4677	0.4650
0.4214	0.4194	0.4194	0.4172
0.3782	0.3771	0.3771	0.3753
0.3403	0.3393	0.3393	0.3384
0.3071	0.3060	0.3060	0.3051
0.2773	0.2765	0.2765	0.2757
0.2515	0.2510	0.2510	0.2504
0.2284	0.2276	0.2276	0.2275
0.2079	0.2076	0.2076	0.2073
0.1893	0.1889	0.1889	0.1892
0.1738	0.1743	0.1743	0.1735
0.1596	0.1597	0.1597	0.1592
0.1479	0.1477	0.1477	0.1476
0.1365	0.1369	0.1369	0.1364
0.1272	0.1269	0.1269	0.1271
0.1183	0.1183	0.1183	0.1181
0.1118	0.1118	0.1118	0.1116
0.1036	0.1036	0.1036	0.1036
0.0981	0.0981	0.0981	0.0981
0.0936	0.0936	0.0936	0.0936
0.0887	0.0884	0.0884	0.0887
0.0836	0.0836	0.0836	0.0836
0.0835	0.0832	0.0832	0.0835
0.0761	0.0757	0.0757	0.0761
0.0736	0.0736	0.0736	0.0736
0.0736	0.0736	0.0736	0.0736
0.0727	0.0729	0.0729	0.0727
0.0674	0.0667	0.0667	0.0674
0.0636	0.0638	0.0638	0.0636
0.0636	0.0636	0.0636	0.0636
0.0636	0.0636	0.0636	0.0636
0.0636	0.0636	0.0636	0.0636
0.0636	0.0636	0.0636	0.0636
0.0636	0.0636	0.0636	0.0636
0.0633	0.0631	0.0631	0.0633
0.0618	0.0620	0.0620	0.0618
0.0579	0.0570	0.0570	0.0579
0.0542	0.0549	0.0549	0.0542
0.0539	0.0540	0.0540	0.0539
0.0537	0.0537	0.0537	0.0537
0.0536	0.0536	0.0536	0.0536
0.0536	0.0536	0.0536	0.0536
0.0536	0.0536	0.0536	0.0536
0.0536	0.0536	0.0536	0.0536
0.0536	0.0537	0.0537	0.0536
0.0536	0.0536	0.0536	0.0536
0.0536	0.0536	0.0536	0.0536
0.0536	0.0536	0.0536	0.0536
0.0536	0.0536	0.0536	0.0536
0.0536	0.0536	0.0536	0.0536
0.0537	0.0535	0.0535	0.0537
0.0536	0.0536	0.0536	0.0536
0.0536	0.0536	0.0536	0.0536
0.0535	0.0538	0.0538	0.0535
0.0536	0.0536	0.0536	0.0536
0.0536	0.0536	0.0536	0.0536
0.0536	0.0536	0.0536	0.0536
0.0536	0.0536	0.0536	0.0536
0.0536	0.0536	0.0536	0.0536
0.0536	0.0536	0.0536	0.0536
0.0536	0.0536	0.0536	0.0536
0.0536	0.0536	0.0536	0.0536
0.0542	0.0530	0.0530	0.0542
0.0536	0.0536	0.0536	0.0536
0.0536	0.0536	0.0536	0.0536
0.0536	0.0536	0.0536	0.0536
0.0536	0.0536	0.0536	0.0536
0.0536	0.0536	0.0536	0.0536
0.0537	0.0535	0.0535	0.0537
0.0536	0.0536	0.0536	0.0536
0.0536	0.0536	0.0536	0.0536
0.0536	0.0536	0.0536	0.0536
0.0536	0.0536	0.0536	0.0536
0.0534	0.0538	0.0538	0.0534
0.0536	0.0536	0.0536	0.0536
0.0536	0.0536	0.0536	0.0536
0.0536	0.0536	0.0536	0.0536
0.0536	0.0536	0.0536	0.0536
0.0535	0.0537	0.0537	0.0535
0.0536	0.0536	0.0536	0.0536
0.0536	0.0536	0.0536	0.0536
0.0536	0.0536	0.0536	0.0536
0.0536	0.0536	0.0536	0.0536
0.0536	0.0536	0.0536	0.0536
0.0536	0.0536	0.0536	0.0536
0.0536	0.0536	0.0536	0.0536
0.0536	0.0536	0.0536	0.0536
0.0536	0.0536	0.0536	0.0536
