1.5773	1.4861	1.6849	1.5773
1.2544	1.2086	1.2996	1.2544
1.0976	1.0642	1.1312	1.0976
0.9741	0.9485	0.9988	0.9741
0.8664	0.8481	0.8856	0.8664
0.7719	0.7578	0.7859	0.7719
0.6888	0.6770	0.6987	0.6888
0.6149	0.6060	0.6226	0.6149
0.5492	0.5434	0.5549	0.5492
0.4912	0.4872	0.4964	0.4912
0.4408	0.4374	0.4443	0.4408
0.3957	0.3933	0.3984	0.3957
0.3562	0.3537	0.3579	0.3562
0.3205	0.3192	0.3221	0.3205
0.2898	0.2886	0.2907	0.2898
0.2626	0.2617	0.2636	0.2626
0.2380	0.2374	0.2387	0.2380
0.2164	0.2161	0.2169	0.2164
0.1976	0.1976	0.1983	0.1976
0.1803	0.1797	0.1804	0.1803
0.1668	0.1663	0.1665	0.1668
0.1526	0.1527	0.1529	0.1526
0.1412	0.1412	0.1414	0.1412
0.1311	0.1315	0.1318	0.1311
0.1228	0.1227	0.1228	0.1228
0.1138	0.1137	0.1137	0.1138
0.1065	0.1065	0.1065	0.1065
0.1022	0.1022	0.1026	0.1022
0.0936	0.0938	0.0938	0.0936
0.0929	0.0927	0.0927	0.0929
0.0839	0.0839	0.0839	0.0839
0.0836	0.0836	0.0836	0.0836
0.0803	0.0795	0.0795	0.0803
0.0739	0.0736	0.0736	0.0739
0.0736	0.0736	0.0736	0.0736
0.0736	0.0736	0.0736	0.0736
0.0705	0.0712	0.0712	0.0705
0.0645	0.0642	0.0642	0.0645
0.0636	0.0636	0.0636	0.0636
0.0636	0.0636	0.0636	0.0636
0.0636	0.0636	0.0636	0.0636
0.0636	0.0636	0.0636	0.0636
0.0636	0.0636	0.0636	0.0636
0.0633	0.0632	0.0632	0.0633
0.0623	0.0627	0.0627	0.0623
0.0597	0.0591	0.0591	0.0597
0.0556	0.0556	0.0556	0.0556
0.0543	0.0541	0.0541	0.0543
0.0540	0.0540	0.0540	0.0540
0.0531	0.0543	0.0543	0.0531
0.0537	0.0537	0.0537	0.0537
0.0536	0.0536	0.0536	0.0536
0.0496	0.0577	0.0577	0.0496
0.0536	0.0536	0.0536	0.0536
0.0536	0.0536	0.0536	0.0536
0.0537	0.0535	0.0535	0.0537
0.0536	0.0536	0.0536	0.0536
0.0536	0.0536	0.0536	0.0536
0.0536	0.0536	0.0536	0.0536
0.0536	0.0536	0.0536	0.0536
0.0536	0.0536	0.0536	0.0536
0.0536	0.0536	0.0536	0.0536
0.0536	0.0537	0.0537	0.0536
0.0536	0.0536	0.0536	0.0536
0.0536	0.0536	0.0536	0.0536
0.0536	0.0536	0.0536	0.0536
0.0536	0.0536	0.0536	0.0536
0.0536	0.0536	0.0536	0.0536
0.0536	0.0536	0.0536	0.0536
0.0537	0.0535	0.0535	0.0537
0.0536	0.0536	0.0536	0.0536
0.0536	0.0536	0.0536	0.0536
0.0536	0.0536	0.0536	0.0536
0.0536	0.0536	0.0536	0.0536
0.0537	0.0535	0.0535	0.0537
0.0536	0.0536	0.0536	0.0536
0.0536	0.0536	0.0536	0.0536
0.0536	0.0536	0.0536	0.0536
0.0536	0.0536	0.0536	0.0536
0.0536	0.0536	0.0536	0.0536
0.0536	0.0536	0.0536	0.0536
0.0537	0.0535	0.0535	0.0537
0.0536	0.0536	0.0536	0.0536
0.0536	0.0536	0.0536	0.0536
0.0536	0.0536	0.0536	0.0536
0.0536	0.0536	0.0536	0.0536
0.0537	0.0535	0.0535	0.0537
0.0536	0.0536	0.0536	0.0536
0.0536	0.0536	0.0536	0.0536
0.0536	0.0536	0.0536	0.0536
0.0536	0.0536	0.0536	0.0536
0.0538	0.0534	0.0534	0.0538
0.0536	0.0536	0.0536	0.0536
0.0536	0.0536	0.0536	0.0536
0.0536	0.0536	0.0536	0.0536
0.0536	0.0536	0.0536	0.0536
0.0536	0.0536	0.0536	0.0536
0.0533	0.0539	0.0539	0.0533
0.0536	0.0536	0.0536	0.0536
0.0536	0.0536	0.0536	0.0536
