3.7047	3.6745	3.9518	3.9158
2.9587	2.9434	3.0706	3.0555
2.5872	2.5756	2.6687	2.6578
2.2909	2.2823	2.3525	2.3442
2.0334	2.0267	2.0800	2.0737
1.8058	1.8006	1.8407	1.8359
1.6040	1.6004	1.6300	1.6266
1.4254	1.4225	1.4451	1.4425
1.2665	1.2649	1.2816	1.2796
1.1265	1.1251	1.1376	1.1365
1.0025	1.0012	1.0111	1.0094
0.8926	0.8914	0.8993	0.8981
0.7954	0.7951	0.8002	0.7994
0.7094	0.7091	0.7129	0.7125
0.6334	0.6333	0.6362	0.6356
0.5660	0.5656	0.5683	0.5678
0.5067	0.5068	0.5080	0.5079
0.4539	0.4540	0.4554	0.4552
0.4072	0.4073	0.4082	0.4081
0.3663	0.3665	0.3671	0.3672
0.3300	0.3295	0.3302	0.3302
0.2981	0.2977	0.2985	0.2983
0.2698	0.2696	0.2697	0.2703
0.2440	0.2443	0.2447	0.2442
0.2221	0.2221	0.2223	0.2221
0.2026	0.2023	0.2024	0.2029
0.1854	0.1856	0.1857	0.1854
0.1697	0.1697	0.1698	0.1697
0.1567	0.1573	0.1573	0.1567
0.1446	0.1450	0.1451	0.1447
0.1336	0.1342	0.1342	0.1336
0.1244	0.1244	0.1245	0.1244
0.1155	0.1155	0.1156	0.1155
0.1094	0.1098	0.1098	0.1094
0.1035	0.1036	0.1036	0.1035
0.0954	0.0953	0.0953	0.0954
0.0935	0.0935	0.0935	0.0935
0.0862	0.0860	0.0860	0.0862
0.0836	0.0836	0.0836	0.0836
0.0821	0.0827	0.0827	0.0821
0.0739	0.0741	0.0741	0.0739
0.0735	0.0737	0.0737	0.0735
0.0736	0.0736	0.0736	0.0736
0.0728	0.0726	0.0726	0.0728
0.0654	0.0648	0.0648	0.0654
0.0637	0.0636	0.0636	0.0637
0.0636	0.0636	0.0636	0.0636
0.0636	0.0636	0.0636	0.0636
0.0637	0.0635	0.0635	0.0637
0.0636	0.0636	0.0636	0.0636
0.0636	0.0634	0.0634	0.0636
0.0630	0.0629	0.0629	0.0630
0.0605	0.0601	0.0601	0.0605
0.0562	0.0563	0.0563	0.0562
0.0546	0.0546	0.0546	0.0546
0.0542	0.0541	0.0541	0.0542
0.0538	0.0538	0.0538	0.0538
0.0536	0.0536	0.0536	0.0536
0.0536	0.0536	0.0536	0.0536
0.0536	0.0536	0.0536	0.0536
0.0536	0.0536	0.0536	0.0536
0.0536	0.0536	0.0536	0.0536
0.0537	0.0536	0.0536	0.0537
0.0536	0.0536	0.0536	0.0536
0.0532	0.0541	0.0541	0.0532
0.0536	0.0536	0.0536	0.0536
0.0536	0.0536	0.0536	0.0536
0.0536	0.0536	0.0536	0.0536
0.0536	0.0536	0.0536	0.0536
0.0536	0.0536	0.0536	0.0536
0.0536	0.0536	0.0536	0.0536
0.0536	0.0536	0.0536	0.0536
0.0536	0.0536	0.0536	0.0536
0.0536	0.0536	0.0536	0.0536
0.0536	0.0536	0.0536	0.0536
0.0536	0.0536	0.0536	0.0536
0.0536	0.0536	0.0536	0.0536
0.0536	0.0536	0.0536	0.0536
0.0536	0.0536	0.0536	0.0536
0.0537	0.0536	0.0536	0.0537
0.0536	0.0536	0.0536	0.0536
0.0536	0.0536	0.0536	0.0536
0.0536	0.0536	0.0536	0.0536
0.0536	0.0536	0.0536	0.0536
0.0536	0.0536	0.0536	0.0536
0.0537	0.0535	0.0535	0.0537
0.0536	0.0536	0.0536	0.0536
0.0536	0.0536	0.0536	0.0536
0.0535	0.0537	0.0537	0.0535
0.0536	0.0536	0.0536	0.0536
0.0536	0.0536	0.0536	0.0536
0.0536	0.0536	0.0536	0.0536
0.0536	0.0536	0.0536	0.0536
0.0535	0.0537	0.0537	0.0535
0.0536	0.0536	0.0536	0.0536
0.0536	0.0536	0.0536	0.0536
0.0536	0.0536	0.0536	0.0536
0.0537	0.0535	0.0535	0.0537
0.0536	0.0536	0.0536	0.0536
0.0536	0.0536	0.0536	0.0536
