4.7616	4.7561	4.6320	4.6253
3.7310	3.7286	3.6719	3.6688
3.2477	3.2458	3.2039	3.2021
2.8660	2.8644	2.8336	2.8313
2.5356	2.5341	2.5110	2.5098
2.2453	2.2440	2.2263	2.2259
1.9888	1.9885	1.9752	1.9741
1.7632	1.7624	1.7522	1.7521
1.5636	1.5631	1.5556	1.5551
1.3873	1.3868	1.3814	1.3814
1.2316	1.2321	1.2285	1.2264
1.0946	1.0945	1.0913	1.0911
0.9732	0.9731	0.9705	0.9706
0.8658	0.8660	0.8642	0.8645
0.7715	0.7714	0.7700	0.7701
0.6882	0.6878	0.6869	0.6866
0.6143	0.6140	0.6132	0.6131
0.5487	0.5491	0.5485	0.5482
0.4910	0.4911	0.4904	0.4906
0.4401	0.4403	0.4399	0.4400
0.3954	0.3953	0.3948	0.3952
0.3560	0.3558	0.3557	0.3558
0.3201	0.3204	0.3204	0.3200
0.2892	0.2895	0.2894	0.2891
0.2624	0.2622	0.2621	0.2623
0.2383	0.2375	0.2374	0.2382
0.2165	0.2163	0.2162	0.2165
0.1975	0.1977	0.1977	0.1975
0.1800	0.1801	0.1801	0.1799
0.1664	0.1667	0.1667	0.1664
0.1524	0.1525	0.1525	0.1523
0.1411	0.1411	0.1411	0.1411
0.1308	0.1314	0.1314	0.1308
0.1226	0.1229	0.1229	0.1226
0.1136	0.1137	0.1137	0.1136
0.1066	0.1055	0.1055	0.1066
0.1028	0.1022	0.1022	0.1028
0.0938	0.0937	0.0937	0.0938
0.0929	0.0925	0.0925	0.0929
0.0840	0.0837	0.0837	0.0840
0.0835	0.0836	0.0836	0.0835
0.0797	0.0805	0.0805	0.0797
0.0737	0.0738	0.0738	0.0737
0.0735	0.0737	0.0737	0.0735
0.0735	0.0736	0.0736	0.0735
0.0705	0.0711	0.0711	0.0705
0.0638	0.0648	0.0648	0.0638
0.0636	0.0636	0.0636	0.0636
0.0636	0.0637	0.0637	0.0636
0.0636	0.0636	0.0636	0.0636
0.0636	0.0636	0.0636	0.0636
0.0636	0.0636	0.0636	0.0636
0.0635	0.0634	0.0634	0.0635
0.0620	0.0628	0.0628	0.0620
0.0597	0.0591	0.0591	0.0597
0.0556	0.0556	0.0556	0.0556
0.0543	0.0542	0.0542	0.0543
0.0537	0.0539	0.0539	0.0537
0.0537	0.0537	0.0537	0.0537
0.0536	0.0537	0.0537	0.0536
0.0536	0.0536	0.0536	0.0536
0.0536	0.0536	0.0536	0.0536
0.0537	0.0536	0.0536	0.0537
0.0536	0.0536	0.0536	0.0536
0.0535	0.0537	0.0537	0.0535
0.0536	0.0536	0.0536	0.0536
0.0536	0.0536	0.0536	0.0536
0.0536	0.0536	0.0536	0.0536
0.0536	0.0536	0.0536	0.0536
0.0536	0.0536	0.0536	0.0536
0.0536	0.0536	0.0536	0.0536
0.0539	0.0533	0.0533	0.0539
0.0536	0.0536	0.0536	0.0536
0.0536	0.0536	0.0536	0.0536
0.0536	0.0536	0.0536	0.0536
0.0536	0.0536	0.0536	0.0536
0.0536	0.0536	0.0536	0.0536
0.0534	0.0538	0.0538	0.0534
0.0536	0.0536	0.0536	0.0536
0.0536	0.0536	0.0536	0.0536
0.0536	0.0536	0.0536	0.0536
0.0536	0.0536	0.0536	0.0536
0.0535	0.0537	0.0537	0.0535
0.0536	0.0536	0.0536	0.0536
0.0536	0.0536	0.0536	0.0536
0.0536	0.0536	0.0536	0.0536
0.0536	0.0536	0.0536	0.0536
0.0536	0.0536	0.0536	0.0536
0.0536	0.0536	0.0536	0.0536
0.0536	0.0536	0.0536	0.0536
0.0536	0.0536	0.0536	0.0536
0.0536	0.0536	0.0536	0.0536
0.0537	0.0535	0.0535	0.0537
0.0536	0.0536	0.0536	0.0536
0.0536	0.0536	0.0536	0.0536
0.0537	0.0535	0.0535	0.0537
0.0536	0.0536	0.0536	0.0536
0.0536	0.0536	0.0536	0.0536
0.0536	0.0536	0.0536	0.0536
0.0536	0.0536	0.0536	0.0536
