4.5220	4.3802	4.4397	4.2911
3.5283	3.4616	3.4898	3.4225
3.0687	3.0197	3.0394	2.9910
2.7059	2.6688	2.6842	2.6475
2.3930	2.3652	2.3763	2.3492
2.1179	2.0969	2.1052	2.0848
1.8751	1.8603	1.8660	1.8504
1.6616	1.6503	1.6551	1.6433
1.4734	1.4650	1.4684	1.4595
1.3079	1.3006	1.3035	1.2970
1.1614	1.1562	1.1577	1.1530
1.0319	1.0281	1.0296	1.0258
0.9173	0.9148	0.9159	0.9131
0.8167	0.8150	0.8158	0.8137
0.7279	0.7263	0.7272	0.7257
0.6495	0.6478	0.6482	0.6480
0.5802	0.5791	0.5797	0.5784
0.5187	0.5175	0.5179	0.5176
0.4648	0.4639	0.4641	0.4641
0.4165	0.4162	0.4164	0.4159
0.3749	0.3740	0.3741	0.3740
0.3375	0.3369	0.3371	0.3372
0.3041	0.3041	0.3041	0.3037
0.2747	0.2745	0.2745	0.2743
0.2498	0.2490	0.2491	0.2492
0.2260	0.2262	0.2262	0.2260
0.2066	0.2066	0.2066	0.2065
0.1886	0.1882	0.1883	0.1886
0.1727	0.1727	0.1727	0.1727
0.1592	0.1586	0.1586	0.1592
0.1470	0.1469	0.1469	0.1470
0.1361	0.1361	0.1361	0.1361
0.1259	0.1262	0.1262	0.1259
0.1201	0.1154	0.1154	0.1201
0.1109	0.1109	0.1109	0.1109
0.1036	0.1036	0.1036	0.1036
0.0977	0.0969	0.0969	0.0977
0.0936	0.0936	0.0936	0.0936
0.0879	0.0875	0.0875	0.0878
0.0834	0.0838	0.0838	0.0834
0.0834	0.0829	0.0829	0.0834
0.0758	0.0747	0.0747	0.0758
0.0736	0.0736	0.0736	0.0736
0.0736	0.0736	0.0736	0.0736
0.0726	0.0733	0.0733	0.0726
0.0664	0.0675	0.0675	0.0664
0.0638	0.0638	0.0638	0.0638
0.0636	0.0636	0.0636	0.0636
0.0636	0.0636	0.0636	0.0636
0.0636	0.0636	0.0636	0.0636
0.0636	0.0635	0.0635	0.0636
0.0636	0.0636	0.0636	0.0636
0.0634	0.0630	0.0630	0.0634
0.0616	0.0614	0.0614	0.0616
0.0572	0.0566	0.0566	0.0572
0.0550	0.0544	0.0544	0.0550
0.0542	0.0539	0.0539	0.0542
0.0538	0.0539	0.0539	0.0538
0.0537	0.0536	0.0536	0.0537
0.0536	0.0536	0.0536	0.0536
0.0536	0.0536	0.0536	0.0536
0.0536	0.0536	0.0536	0.0536
0.0537	0.0536	0.0536	0.0537
0.0539	0.0533	0.0533	0.0539
0.0536	0.0536	0.0536	0.0536
0.0536	0.0536	0.0536	0.0536
0.0536	0.0536	0.0536	0.0536
0.0536	0.0536	0.0536	0.0536
0.0536	0.0536	0.0536	0.0536
0.0536	0.0536	0.0536	0.0536
0.0536	0.0536	0.0536	0.0536
0.0536	0.0536	0.0536	0.0536
0.0536	0.0536	0.0536	0.0536
0.0536	0.0536	0.0536	0.0536
0.0536	0.0536	0.0536	0.0536
0.0536	0.0536	0.0536	0.0536
0.0536	0.0536	0.0536	0.0536
0.0536	0.0536	0.0536	0.0536
0.0536	0.0536	0.0536	0.0536
0.0536	0.0536	0.0536	0.0536
0.0536	0.0536	0.0536	0.0536
0.0536	0.0536	0.0536	0.0536
0.0536	0.0536	0.0536	0.0536
0.0536	0.0536	0.0536	0.0536
0.0536	0.0536	0.0536	0.0536
0.0536	0.0536	0.0536	0.0536
0.0536	0.0536	0.0536	0.0536
0.0536	0.0536	0.0536	0.0536
0.0536	0.0536	0.0536	0.0536
0.0536	0.0536	0.0536	0.0536
0.0536	0.0536	0.0536	0.0536
0.0536	0.0536	0.0536	0.0536
0.0536	0.0536	0.0536	0.0536
0.0536	0.0536	0.0536	0.0536
0.0536	0.0536	0.0536	0.0536
0.0536	0.0536	0.0536	0.0536
0.0536	0.0536	0.0536	0.0536
0.0536	0.0536	0.0536	0.0536
0.0536	0.0536	0.0536	0.0536
0.0536	0.0536	0.0536	0.0536
