3.2455	3.2331	3.2331	3.2554
2.5565	2.5591	2.5591	2.5613
2.2310	2.2321	2.2321	2.2346
1.9729	1.9744	1.9744	1.9755
1.7490	1.7500	1.7500	1.7513
1.5520	1.5522	1.5522	1.5533
1.3777	1.3784	1.3784	1.3793
1.2241	1.2240	1.2240	1.2248
1.0881	1.0882	1.0882	1.0884
0.9679	0.9681	0.9681	0.9683
0.8613	0.8616	0.8616	0.8615
0.7675	0.7676	0.7676	0.7677
0.6843	0.6846	0.6846	0.6847
0.6110	0.6112	0.6112	0.6111
0.5466	0.5462	0.5462	0.5467
0.4889	0.4892	0.4892	0.4890
0.4386	0.4386	0.4386	0.4386
0.3937	0.3936	0.3936	0.3937
0.3542	0.3541	0.3541	0.3542
0.3190	0.3189	0.3189	0.3190
0.2881	0.2883	0.2883	0.2882
0.2610	0.2615	0.2615	0.2610
0.2368	0.2366	0.2366	0.2368
0.2157	0.2155	0.2155	0.2157
0.1972	0.1972	0.1972	0.1972
0.1796	0.1793	0.1793	0.1796
0.1661	0.1661	0.1661	0.1661
0.1518	0.1520	0.1520	0.1518
0.1403	0.1411	0.1411	0.1403
0.1306	0.1308	0.1308	0.1306
0.1226	0.1225	0.1225	0.1226
0.1137	0.1137	0.1137	0.1137
0.1057	0.1059	0.1059	0.1057
0.1021	0.1017	0.1017	0.1021
0.0936	0.0939	0.0939	0.0936
0.0916	0.0922	0.0922	0.0916
0.0840	0.0838	0.0838	0.0840
0.0836	0.0836	0.0836	0.0836
0.0796	0.0801	0.0801	0.0796
0.0738	0.0736	0.0736	0.0738
0.0735	0.0736	0.0736	0.0735
0.0735	0.0736	0.0736	0.0735
0.0711	0.0703	0.0703	0.0711
0.0642	0.0638	0.0638	0.0642
0.0637	0.0635	0.0635	0.0637
0.0636	0.0636	0.0636	0.0636
0.0636	0.0636	0.0636	0.0636
0.0636	0.0636	0.0636	0.0636
0.0636	0.0636	0.0636	0.0636
0.0633	0.0633	0.0633	0.0633
0.0622	0.0623	0.0623	0.0622
0.0599	0.0593	0.0593	0.0599
0.0554	0.0549	0.0549	0.0554
0.0544	0.0539	0.0539	0.0544
0.0539	0.0539	0.0539	0.0539
0.0537	0.0536	0.0536	0.0537
0.0536	0.0536	0.0536	0.0536
0.0536	0.0536	0.0536	0.0536
0.0535	0.0538	0.0538	0.0535
0.0536	0.0536	0.0536	0.0536
0.0536	0.0536	0.0536	0.0536
0.0536	0.0536	0.0536	0.0536
0.0536	0.0536	0.0536	0.0536
0.0536	0.0536	0.0536	0.0536
0.0536	0.0537	0.0537	0.0536
0.0536	0.0536	0.0536	0.0536
0.0536	0.0536	0.0536	0.0536
0.0536	0.0536	0.0536	0.0536
0.0537	0.0535	0.0535	0.0537
0.0536	0.0536	0.0536	0.0536
0.0535	0.0537	0.0537	0.0535
0.0536	0.0536	0.0536	0.0536
0.0536	0.0536	0.0536	0.0536
0.0536	0.0536	0.0536	0.0536
0.0536	0.0536	0.0536	0.0536
0.0536	0.0536	0.0536	0.0536
0.0536	0.0536	0.0536	0.0536
0.0536	0.0536	0.0536	0.0536
0.0536	0.0536	0.0536	0.0536
0.0533	0.0539	0.0539	0.0533
0.0536	0.0536	0.0536	0.0536
0.0536	0.0536	0.0536	0.0536
0.0536	0.0536	0.0536	0.0536
0.0536	0.0536	0.0536	0.0536
0.0536	0.0536	0.0536	0.0536
0.0536	0.0536	0.0536	0.0536
0.0536	0.0536	0.0536	0.0536
0.0536	0.0536	0.0536	0.0536
0.0536	0.0536	0.0536	0.0536
0.0536	0.0536	0.0536	0.0536
0.0536	0.0536	0.0536	0.0536
0.0536	0.0536	0.0536	0.0536
0.0536	0.0536	0.0536	0.0536
0.0536	0.0536	0.0536	0.0536
0.0536	0.0536	0.0536	0.0536
0.0536	0.0536	0.0536	0.0536
0.0536	0.0536	0.0536	0.0536
0.0536	0.0536	0.0536	0.0536
0.0536	0.0536	0.0536	0.0536
0.0536	0.0536	0.0536	0.0536
