2.9283	2.8399	3.0470	2.9283
2.3187	2.2709	2.3658	2.3187
2.0233	1.9886	2.0586	2.0233
1.7900	1.7633	1.8160	1.7900
1.5872	1.5678	1.6070	1.5872
1.4092	1.3940	1.4238	1.4092
1.2512	1.2400	1.2623	1.2512
1.1119	1.1034	1.1201	1.1119
0.9886	0.9825	0.9953	0.9886
0.8804	0.8749	0.8846	0.8804
0.7842	0.7804	0.7876	0.7842
0.6990	0.6964	0.7019	0.6990
0.6241	0.6220	0.6261	0.6241
0.5576	0.5562	0.5593	0.5576
0.4990	0.4981	0.5002	0.4990
0.4470	0.4464	0.4482	0.4470
0.4017	0.4012	0.4022	0.4017
0.3609	0.3603	0.3615	0.3609
0.3258	0.3251	0.3259	0.3258
0.2939	0.2930	0.2938	0.2939
0.2658	0.2651	0.2652	0.2658
0.2416	0.2408	0.2413	0.2416
0.2196	0.2194	0.2195	0.2196
0.2000	0.1994	0.1996	0.2000
0.1831	0.1824	0.1826	0.1831
0.1679	0.1682	0.1685	0.1679
0.1555	0.1550	0.1551	0.1555
0.1432	0.1426	0.1426	0.1432
0.1329	0.1325	0.1326	0.1329
0.1233	0.1236	0.1237	0.1233
0.1145	0.1140	0.1141	0.1145
0.1084	0.1072	0.1072	0.1084
0.1032	0.1034	0.1034	0.1032
0.0942	0.0944	0.0945	0.0942
0.0932	0.0934	0.0934	0.0932
0.0849	0.0847	0.0847	0.0849
0.0836	0.0836	0.0836	0.0836
0.0815	0.0814	0.0814	0.0815
0.0738	0.0740	0.0740	0.0738
0.0736	0.0736	0.0736	0.0736
0.0735	0.0736	0.0736	0.0735
0.0727	0.0715	0.0715	0.0727
0.0643	0.0645	0.0645	0.0643
0.0636	0.0636	0.0636	0.0636
0.0636	0.0636	0.0636	0.0636
0.0636	0.0636	0.0636	0.0636
0.0636	0.0636	0.0636	0.0636
0.0636	0.0636	0.0636	0.0636
0.0634	0.0634	0.0634	0.0634
0.0627	0.0625	0.0625	0.0627
0.0604	0.0603	0.0603	0.0604
0.0555	0.0560	0.0560	0.0555
0.0545	0.0542	0.0542	0.0545
0.0538	0.0539	0.0539	0.0538
0.0536	0.0536	0.0536	0.0536
0.0536	0.0536	0.0536	0.0536
0.0536	0.0536	0.0536	0.0536
0.0536	0.0536	0.0536	0.0536
0.0536	0.0536	0.0536	0.0536
0.0536	0.0536	0.0536	0.0536
0.0536	0.0536	0.0536	0.0536
0.0536	0.0536	0.0536	0.0536
0.0536	0.0536	0.0536	0.0536
0.0536	0.0536	0.0536	0.0536
0.0536	0.0536	0.0536	0.0536
0.0536	0.0536	0.0536	0.0536
0.0536	0.0536	0.0536	0.0536
0.0536	0.0536	0.0536	0.0536
0.0536	0.0536	0.0536	0.0536
0.0536	0.0536	0.0536	0.0536
0.0536	0.0536	0.0536	0.0536
0.0536	0.0536	0.0536	0.0536
0.0536	0.0536	0.0536	0.0536
0.0536	0.0536	0.0536	0.0536
0.0536	0.0536	0.0536	0.0536
0.0536	0.0536	0.0536	0.0536
0.0537	0.0535	0.0535	0.0537
0.0536	0.0536	0.0536	0.0536
0.0536	0.0536	0.0536	0.0536
0.0536	0.0536	0.0536	0.0536
0.0536	0.0536	0.0536	0.0536
0.0536	0.0536	0.0536	0.0536
0.0536	0.0536	0.0536	0.0536
0.0536	0.0536	0.0536	0.0536
0.0536	0.0536	0.0536	0.0536
0.0536	0.0536	0.0536	0.0536
0.0536	0.0536	0.0536	0.0536
0.0536	0.0536	0.0536	0.0536
0.0536	0.0536	0.0536	0.0536
0.0536	0.0536	0.0536	0.0536
0.0536	0.0536	0.0536	0.0536
0.0536	0.0536	0.0536	0.0536
0.0536	0.0536	0.0536	0.0536
0.0536	0.0536	0.0536	0.0536
0.0536	0.0536	0.0536	0.0536
0.0536	0.0536	0.0536	0.0536
0.0536	0.0536	0.0536	0.0536
0.0536	0.0536	0.0536	0.0536
0.0536	0.0536	0.0536	0.0536
0.0536	0.0536	0.0536	0.0536
