2.0251	1.8948	1.8948	1.7850
1.5594	1.5041	1.5041	1.4494
1.3560	1.3153	1.3153	1.2752
1.1959	1.1657	1.1657	1.1354
1.0586	1.0359	1.0359	1.0131
0.9390	0.9219	0.9219	0.9045
0.8335	0.8207	0.8207	0.8079
0.7414	0.7318	0.7318	0.7218
0.6599	0.6526	0.6526	0.6453
0.5885	0.5829	0.5829	0.5775
0.5255	0.5216	0.5216	0.5177
0.4702	0.4669	0.4669	0.4638
0.4219	0.4191	0.4191	0.4163
0.3783	0.3766	0.3766	0.3748
0.3399	0.3386	0.3386	0.3377
0.3067	0.3060	0.3060	0.3048
0.2769	0.2767	0.2767	0.2756
0.2514	0.2511	0.2511	0.2504
0.2282	0.2273	0.2273	0.2270
0.2079	0.2077	0.2077	0.2074
0.1897	0.1889	0.1889	0.1895
0.1741	0.1739	0.1739	0.1736
0.1597	0.1595	0.1595	0.1596
0.1473	0.1475	0.1475	0.1472
0.1369	0.1364	0.1364	0.1365
0.1271	0.1269	0.1269	0.1269
0.1182	0.1184	0.1184	0.1180
0.1124	0.1114	0.1114	0.1121
0.1037	0.1036	0.1036	0.1037
0.0983	0.0980	0.0980	0.0982
0.0936	0.0936	0.0936	0.0936
0.0883	0.0886	0.0886	0.0883
0.0836	0.0836	0.0836	0.0836
0.0834	0.0834	0.0834	0.0834
0.0764	0.0761	0.0761	0.0764
0.0736	0.0736	0.0736	0.0736
0.0736	0.0736	0.0736	0.0736
0.0731	0.0733	0.0733	0.0731
0.0674	0.0669	0.0669	0.0674
0.0639	0.0636	0.0636	0.0639
0.0636	0.0636	0.0636	0.0636
0.0635	0.0637	0.0637	0.0635
0.0638	0.0634	0.0634	0.0638
0.0636	0.0636	0.0636	0.0636
0.0636	0.0635	0.0635	0.0636
0.0626	0.0633	0.0633	0.0626
0.0622	0.0611	0.0611	0.0622
0.0568	0.0579	0.0579	0.0568
0.0552	0.0545	0.0545	0.0552
0.0545	0.0539	0.0539	0.0545
0.0538	0.0536	0.0536	0.0538
0.0536	0.0536	0.0536	0.0536
0.0536	0.0536	0.0536	0.0536
0.0536	0.0536	0.0536	0.0536
0.0536	0.0536	0.0536	0.0536
0.0536	0.0536	0.0536	0.0536
0.0536	0.0536	0.0536	0.0536
0.0536	0.0536	0.0536	0.0536
0.0536	0.0536	0.0536	0.0536
0.0536	0.0536	0.0536	0.0536
0.0536	0.0536	0.0536	0.0536
0.0536	0.0536	0.0536	0.0536
0.0536	0.0536	0.0536	0.0536
0.0536	0.0536	0.0536	0.0536
0.0536	0.0536	0.0536	0.0536
0.0537	0.0536	0.0536	0.0537
0.0536	0.0536	0.0536	0.0536
0.0536	0.0536	0.0536	0.0536
0.0536	0.0536	0.0536	0.0536
0.0536	0.0536	0.0536	0.0536
0.0536	0.0536	0.0536	0.0536
0.0536	0.0536	0.0536	0.0536
0.0536	0.0536	0.0536	0.0536
0.0536	0.0536	0.0536	0.0536
0.0537	0.0535	0.0535	0.0537
0.0536	0.0536	0.0536	0.0536
0.0536	0.0536	0.0536	0.0536
0.0536	0.0536	0.0536	0.0536
0.0536	0.0536	0.0536	0.0536
0.0536	0.0536	0.0536	0.0536
0.0536	0.0536	0.0536	0.0536
0.0536	0.0536	0.0536	0.0536
0.0536	0.0536	0.0536	0.0536
0.0536	0.0536	0.0536	0.0536
0.0536	0.0536	0.0536	0.0536
0.0536	0.0536	0.0536	0.0536
0.0536	0.0536	0.0536	0.0536
0.0536	0.0536	0.0536	0.0536
0.0536	0.0536	0.0536	0.0536
0.0536	0.0536	0.0536	0.0536
0.0536	0.0536	0.0536	0.0536
0.0534	0.0538	0.0538	0.0534
0.0536	0.0536	0.0536	0.0536
0.0536	0.0536	0.0536	0.0536
0.0536	0.0536	0.0536	0.0536
0.0536	0.0536	0.0536	0.0536
0.0536	0.0536	0.0536	0.0536
0.0536	0.0536	0.0536	0.0536
0.0536	0.0536	0.0536	0.0536
0.0536	0.0536	0.0536	0.0536
