2.6788	2.7539	2.8513	2.9393
2.1567	2.1942	2.2390	2.2760
1.8905	1.9181	1.9509	1.9781
1.6787	1.6988	1.7238	1.7447
1.4935	1.5086	1.5273	1.5426
1.3290	1.3406	1.3546	1.3661
1.1835	1.1916	1.2024	1.2114
1.0534	1.0603	1.0682	1.0745
0.9388	0.9441	0.9498	0.9546
0.8368	0.8405	0.8455	0.8490
0.7467	0.7497	0.7524	0.7556
0.6666	0.6685	0.6714	0.6733
0.5957	0.5973	0.5992	0.6009
0.5333	0.5343	0.5354	0.5369
0.4771	0.4785	0.4796	0.4801
0.4283	0.4293	0.4301	0.4309
0.3941	0.3765	0.3773	0.3953
0.3470	0.3470	0.3474	0.3480
0.3123	0.3129	0.3131	0.3137
0.2826	0.2830	0.2833	0.2835
0.2556	0.2556	0.2559	0.2561
0.2325	0.2327	0.2328	0.2327
0.2118	0.2119	0.2120	0.2120
0.1930	0.1933	0.1935	0.1933
0.1777	0.1776	0.1776	0.1778
0.1625	0.1625	0.1625	0.1628
0.1501	0.1496	0.1497	0.1501
0.1386	0.1389	0.1389	0.1387
0.1289	0.1291	0.1291	0.1290
0.1205	0.1206	0.1206	0.1205
0.1132	0.1135	0.1135	0.1132
0.1040	0.1041	0.1041	0.1041
0.1003	0.1001	0.1001	0.1003
0.0938	0.0934	0.0934	0.0938
0.0905	0.0910	0.0910	0.0905
0.0836	0.0836	0.0836	0.0836
0.0836	0.0835	0.0835	0.0836
0.0780	0.0772	0.0772	0.0780
0.0737	0.0736	0.0736	0.0737
0.0736	0.0736	0.0736	0.0736
0.0733	0.0735	0.0735	0.0733
0.0692	0.0692	0.0692	0.0692
0.0639	0.0638	0.0638	0.0639
0.0636	0.0636	0.0636	0.0636
0.0636	0.0636	0.0636	0.0636
0.0636	0.0636	0.0636	0.0636
0.0636	0.0636	0.0636	0.0636
0.0636	0.0636	0.0636	0.0636
0.0627	0.0638	0.0638	0.0627
0.0622	0.0622	0.0622	0.0622
0.0584	0.0582	0.0582	0.0584
0.0553	0.0548	0.0548	0.0553
0.0543	0.0544	0.0544	0.0543
0.0539	0.0537	0.0537	0.0539
0.0536	0.0536	0.0536	0.0536
0.0536	0.0536	0.0536	0.0536
0.0536	0.0536	0.0536	0.0536
0.0536	0.0536	0.0536	0.0536
0.0536	0.0536	0.0536	0.0536
0.0536	0.0536	0.0536	0.0536
0.0536	0.0536	0.0536	0.0536
0.0536	0.0536	0.0536	0.0536
0.0536	0.0536	0.0536	0.0536
0.0537	0.0535	0.0535	0.0537
0.0536	0.0536	0.0536	0.0536
0.0536	0.0536	0.0536	0.0536
0.0536	0.0536	0.0536	0.0536
0.0536	0.0536	0.0536	0.0536
0.0537	0.0535	0.0535	0.0537
0.0536	0.0536	0.0536	0.0536
0.0536	0.0536	0.0536	0.0536
0.0536	0.0536	0.0536	0.0536
0.0536	0.0536	0.0536	0.0536
0.0536	0.0536	0.0536	0.0536
0.0536	0.0536	0.0536	0.0536
0.0536	0.0536	0.0536	0.0536
0.0536	0.0536	0.0536	0.0536
0.0536	0.0536	0.0536	0.0536
0.0536	0.0536	0.0536	0.0536
0.0536	0.0536	0.0536	0.0536
0.0536	0.0536	0.0536	0.0536
0.0536	0.0536	0.0536	0.0536
0.0536	0.0536	0.0536	0.0536
0.0537	0.0535	0.0535	0.0537
0.0539	0.0533	0.0533	0.0539
0.0536	0.0536	0.0536	0.0536
0.0533	0.0539	0.0539	0.0533
0.0536	0.0536	0.0536	0.0536
0.0537	0.0535	0.0535	0.0537
0.0536	0.0536	0.0536	0.0536
0.0531	0.0541	0.0541	0.0531
0.0536	0.0536	0.0536	0.0536
0.0536	0.0536	0.0536	0.0536
0.0536	0.0536	0.0536	0.0536
0.0536	0.0536	0.0536	0.0536
0.0538	0.0534	0.0534	0.0538
0.0536	0.0536	0.0536	0.0536
0.0536	0.0536	0.0536	0.0536
0.0536	0.0536	0.0536	0.0536
0.0536	0.0536	0.0536	0.0536
