2.4383	2.2849	2.3750	2.2317
1.8921	1.8238	1.8649	1.7971
1.6456	1.5963	1.6262	1.5762
1.4524	1.4147	1.4378	1.4001
1.2861	1.2578	1.2746	1.2462
1.1401	1.1190	1.1314	1.1104
1.0115	0.9958	1.0052	0.9892
0.8987	0.8870	0.8941	0.8823
0.7991	0.7906	0.7960	0.7870
0.7119	0.7050	0.7091	0.7025
0.6350	0.6297	0.6327	0.6278
0.5663	0.5630	0.5652	0.5615
0.5066	0.5043	0.5062	0.5023
0.4536	0.4518	0.4529	0.4503
0.4066	0.4053	0.4066	0.4046
0.3660	0.3644	0.3651	0.3641
0.3297	0.3283	0.3287	0.3281
0.2973	0.2964	0.2966	0.2962
0.2686	0.2684	0.2687	0.2681
0.2436	0.2434	0.2436	0.2431
0.2218	0.2213	0.2216	0.2214
0.2019	0.2017	0.2019	0.2015
0.1848	0.1850	0.1852	0.1843
0.1688	0.1692	0.1692	0.1687
0.1564	0.1561	0.1563	0.1564
0.1448	0.1440	0.1440	0.1446
0.1336	0.1336	0.1336	0.1334
0.1239	0.1238	0.1239	0.1238
0.1151	0.1151	0.1151	0.1151
0.1086	0.1084	0.1084	0.1085
0.1033	0.1035	0.1035	0.1033
0.0950	0.0955	0.0955	0.0949
0.0935	0.0935	0.0935	0.0935
0.0854	0.0854	0.0854	0.0854
0.0836	0.0836	0.0836	0.0836
0.0818	0.0824	0.0824	0.0818
0.0742	0.0738	0.0738	0.0742
0.0736	0.0736	0.0736	0.0736
0.0736	0.0736	0.0736	0.0736
0.0726	0.0725	0.0725	0.0726
0.0651	0.0651	0.0651	0.0651
0.0636	0.0636	0.0636	0.0636
0.0636	0.0636	0.0636	0.0636
0.0636	0.0636	0.0636	0.0636
0.0636	0.0636	0.0636	0.0636
0.0636	0.0636	0.0636	0.0636
0.0636	0.0636	0.0636	0.0636
0.0627	0.0629	0.0629	0.0627
0.0610	0.0611	0.0611	0.0610
0.0551	0.0557	0.0557	0.0551
0.0547	0.0540	0.0540	0.0547
0.0538	0.0542	0.0542	0.0538
0.0538	0.0539	0.0539	0.0538
0.0536	0.0536	0.0536	0.0536
0.0536	0.0536	0.0536	0.0536
0.0536	0.0536	0.0536	0.0536
0.0536	0.0536	0.0536	0.0536
0.0536	0.0537	0.0537	0.0536
0.0536	0.0536	0.0536	0.0536
0.0536	0.0536	0.0536	0.0536
0.0536	0.0536	0.0536	0.0536
0.0536	0.0536	0.0536	0.0536
0.0536	0.0536	0.0536	0.0536
0.0536	0.0536	0.0536	0.0536
0.0536	0.0536	0.0536	0.0536
0.0536	0.0536	0.0536	0.0536
0.0536	0.0536	0.0536	0.0536
0.0536	0.0536	0.0536	0.0536
0.0536	0.0536	0.0536	0.0536
0.0536	0.0536	0.0536	0.0536
0.0536	0.0536	0.0536	0.0536
0.0536	0.0536	0.0536	0.0536
0.0536	0.0536	0.0536	0.0536
0.0536	0.0536	0.0536	0.0536
0.0536	0.0536	0.0536	0.0536
0.0536	0.0536	0.0536	0.0536
0.0536	0.0536	0.0536	0.0536
0.0536	0.0536	0.0536	0.0536
0.0536	0.0536	0.0536	0.0536
0.0536	0.0536	0.0536	0.0536
0.0536	0.0536	0.0536	0.0536
0.0536	0.0536	0.0536	0.0536
0.0536	0.0536	0.0536	0.0536
0.0535	0.0537	0.0537	0.0535
0.0536	0.0536	0.0536	0.0536
0.0536	0.0536	0.0536	0.0536
0.0536	0.0536	0.0536	0.0536
0.0537	0.0535	0.0535	0.0537
0.0536	0.0536	0.0536	0.0536
0.0536	0.0536	0.0536	0.0536
0.0536	0.0536	0.0536	0.0536
0.0536	0.0536	0.0536	0.0536
0.0536	0.0536	0.0536	0.0536
0.0536	0.0536	0.0536	0.0536
0.0536	0.0536	0.0536	0.0536
0.0536	0.0536	0.0536	0.0536
0.0531	0.0541	0.0541	0.0531
0.0536	0.0536	0.0536	0.0536
0.0536	0.0536	0.0536	0.0536
0.0536	0.0536	0.0536	0.0536
