1.1554	1.2259	1.2259	1.3086
0.9421	0.9772	0.9772	1.0124
0.8308	0.8566	0.8566	0.8829
0.7421	0.7615	0.7615	0.7806
0.6646	0.6787	0.6787	0.6935
0.5953	0.6060	0.6060	0.6174
0.5335	0.5421	0.5421	0.5503
0.4790	0.4852	0.4852	0.4912
0.4303	0.4347	0.4347	0.4396
0.3869	0.3906	0.3906	0.3940
0.3488	0.3516	0.3516	0.3543
0.3152	0.3168	0.3168	0.3186
0.2845	0.2862	0.2862	0.2880
0.2581	0.2593	0.2593	0.2607
0.2341	0.2350	0.2350	0.2358
0.2135	0.2142	0.2142	0.2147
0.1952	0.1954	0.1954	0.1967
0.1787	0.1785	0.1785	0.1791
0.1642	0.1650	0.1650	0.1648
0.1509	0.1511	0.1511	0.1513
0.1401	0.1401	0.1401	0.1402
0.1303	0.1301	0.1301	0.1304
0.1213	0.1216	0.1216	0.1215
0.1136	0.1136	0.1136	0.1136
0.1050	0.1052	0.1052	0.1054
0.1011	0.1016	0.1016	0.1011
0.0936	0.0937	0.0937	0.0936
0.0917	0.0919	0.0919	0.0918
0.0836	0.0837	0.0837	0.0836
0.0835	0.0836	0.0836	0.0835
0.0794	0.0789	0.0789	0.0794
0.0736	0.0736	0.0736	0.0736
0.0735	0.0737	0.0737	0.0735
0.0735	0.0736	0.0736	0.0735
0.0697	0.0705	0.0705	0.0697
0.0644	0.0640	0.0640	0.0644
0.0636	0.0636	0.0636	0.0636
0.0636	0.0636	0.0636	0.0636
0.0637	0.0635	0.0635	0.0637
0.0636	0.0636	0.0636	0.0636
0.0635	0.0636	0.0636	0.0635
0.0634	0.0633	0.0633	0.0634
0.0619	0.0624	0.0624	0.0619
0.0586	0.0585	0.0585	0.0586
0.0546	0.0553	0.0553	0.0546
0.0545	0.0542	0.0542	0.0545
0.0539	0.0536	0.0536	0.0539
0.0537	0.0536	0.0536	0.0537
0.0536	0.0536	0.0536	0.0536
0.0536	0.0537	0.0537	0.0536
0.0536	0.0536	0.0536	0.0536
0.0537	0.0536	0.0536	0.0537
0.0536	0.0536	0.0536	0.0536
0.0535	0.0537	0.0537	0.0535
0.0536	0.0536	0.0536	0.0536
0.0536	0.0536	0.0536	0.0536
0.0536	0.0536	0.0536	0.0536
0.0537	0.0535	0.0535	0.0537
0.0536	0.0536	0.0536	0.0536
0.0536	0.0536	0.0536	0.0536
0.0536	0.0536	0.0536	0.0536
0.0536	0.0536	0.0536	0.0536
0.0536	0.0536	0.0536	0.0536
0.0536	0.0536	0.0536	0.0536
0.0536	0.0536	0.0536	0.0536
0.0537	0.0535	0.0535	0.0537
0.0536	0.0536	0.0536	0.0536
0.0535	0.0537	0.0537	0.0535
0.0537	0.0535	0.0535	0.0537
0.0536	0.0536	0.0536	0.0536
0.0536	0.0536	0.0536	0.0536
0.0535	0.0537	0.0537	0.0535
0.0536	0.0536	0.0536	0.0536
0.0536	0.0536	0.0536	0.0536
0.0536	0.0536	0.0536	0.0536
0.0536	0.0536	0.0536	0.0536
0.0536	0.0536	0.0536	0.0536
0.0537	0.0535	0.0535	0.0537
0.0536	0.0536	0.0536	0.0536
0.0536	0.0536	0.0536	0.0536
0.0536	0.0536	0.0536	0.0536
0.0536	0.0536	0.0536	0.0536
0.0536	0.0536	0.0536	0.0536
0.0536	0.0536	0.0536	0.0536
0.0536	0.0536	0.0536	0.0536
0.0536	0.0536	0.0536	0.0536
0.0536	0.0536	0.0536	0.0536
0.0536	0.0536	0.0536	0.0536
0.0536	0.0536	0.0536	0.0536
0.0536	0.0536	0.0536	0.0536
0.0536	0.0536	0.0536	0.0536
0.0536	0.0536	0.0536	0.0536
0.0536	0.0536	0.0536	0.0536
0.0536	0.0536	0.0536	0.0536
0.0536	0.0536	0.0536	0.0536
0.0535	0.0537	0.0537	0.0535
0.0536	0.0536	0.0536	0.0536
0.0536	0.0536	0.0536	0.0536
0.0536	0.0536	0.0536	0.0536
0.0536	0.0536	0.0536	0.0536
