4.4874	4.5314	4.4161	4.4883
3.5324	3.5587	3.5058	3.5326
3.0790	3.0992	3.0601	3.0792
2.7202	2.7351	2.7063	2.7204
2.4089	2.4201	2.3985	2.4089
2.1353	2.1432	2.1270	2.1353
1.8932	1.8991	1.8871	1.8932
1.6791	1.6838	1.6746	1.6792
1.4901	1.4938	1.4866	1.4901
1.3233	1.3260	1.3204	1.3233
1.1754	1.1772	1.1735	1.1755
1.0449	1.0464	1.0436	1.0449
0.9295	0.9310	0.9288	0.9295
0.8277	0.8287	0.8271	0.8277
0.7380	0.7383	0.7375	0.7380
0.6583	0.6586	0.6577	0.6583
0.5878	0.5887	0.5875	0.5878
0.5258	0.5262	0.5255	0.5259
0.4709	0.4707	0.4706	0.4709
0.4225	0.4225	0.4224	0.4225
0.3796	0.3795	0.3793	0.3796
0.3412	0.3418	0.3415	0.3412
0.3081	0.3083	0.3081	0.3081
0.2785	0.2785	0.2781	0.2785
0.2526	0.2525	0.2525	0.2526
0.2295	0.2295	0.2295	0.2295
0.2088	0.2089	0.2087	0.2088
0.1902	0.1905	0.1905	0.1902
0.1752	0.1753	0.1753	0.1752
0.1601	0.1602	0.1602	0.1601
0.1484	0.1484	0.1483	0.1484
0.1370	0.1372	0.1372	0.1370
0.1276	0.1274	0.1274	0.1276
0.1189	0.1193	0.1193	0.1189
0.1121	0.1126	0.1126	0.1121
0.1036	0.1036	0.1036	0.1036
0.0984	0.0989	0.0989	0.0984
0.0936	0.0936	0.0936	0.0936
0.0895	0.0889	0.0889	0.0895
0.0837	0.0837	0.0837	0.0837
0.0838	0.0831	0.0831	0.0838
0.0768	0.0766	0.0766	0.0768
0.0736	0.0736	0.0736	0.0736
0.0736	0.0736	0.0736	0.0736
0.0735	0.0733	0.0733	0.0735
0.0683	0.0671	0.0671	0.0683
0.0638	0.0640	0.0640	0.0638
0.0636	0.0636	0.0636	0.0636
0.0636	0.0636	0.0636	0.0636
0.0635	0.0637	0.0637	0.0635
0.0636	0.0636	0.0636	0.0636
0.0636	0.0635	0.0635	0.0636
0.0632	0.0634	0.0634	0.0632
0.0619	0.0619	0.0619	0.0619
0.0575	0.0581	0.0581	0.0575
0.0557	0.0555	0.0555	0.0557
0.0542	0.0539	0.0539	0.0542
0.0540	0.0538	0.0538	0.0540
0.0536	0.0536	0.0536	0.0536
0.0537	0.0537	0.0537	0.0537
0.0536	0.0536	0.0536	0.0536
0.0536	0.0536	0.0536	0.0536
0.0535	0.0538	0.0538	0.0535
0.0536	0.0536	0.0536	0.0536
0.0536	0.0536	0.0536	0.0536
0.0536	0.0536	0.0536	0.0536
0.0536	0.0536	0.0536	0.0536
0.0535	0.0537	0.0537	0.0535
0.0536	0.0536	0.0536	0.0536
0.0536	0.0536	0.0536	0.0536
0.0536	0.0536	0.0536	0.0536
0.0536	0.0536	0.0536	0.0536
0.0536	0.0536	0.0536	0.0536
0.0532	0.0540	0.0540	0.0532
0.0536	0.0536	0.0536	0.0536
0.0536	0.0536	0.0536	0.0536
0.0535	0.0537	0.0537	0.0535
0.0536	0.0537	0.0537	0.0536
0.0536	0.0536	0.0536	0.0536
0.0536	0.0536	0.0536	0.0536
0.0536	0.0536	0.0536	0.0536
0.0535	0.0537	0.0537	0.0535
0.0536	0.0536	0.0536	0.0536
0.0536	0.0536	0.0536	0.0536
0.0536	0.0536	0.0536	0.0536
0.0536	0.0536	0.0536	0.0536
0.0536	0.0536	0.0536	0.0536
0.0536	0.0536	0.0536	0.0536
0.0536	0.0536	0.0536	0.0536
0.0536	0.0536	0.0536	0.0536
0.0536	0.0536	0.0536	0.0536
0.0536	0.0536	0.0536	0.0536
0.0536	0.0536	0.0536	0.0536
0.0536	0.0536	0.0536	0.0536
0.0536	0.0536	0.0536	0.0536
0.0536	0.0536	0.0536	0.0536
0.0536	0.0536	0.0536	0.0536
0.0536	0.0536	0.0536	0.0536
0.0536	0.0536	0.0536	0.0536
0.0536	0.0536	0.0536	0.0536
