0.7021	0.6632	0.7482	0.7021
0.5649	0.5450	0.5840	0.5649
0.4979	0.4842	0.5125	0.4979
0.4453	0.4343	0.4562	0.4453
0.3996	0.3918	0.4076	0.3996
0.3590	0.3532	0.3654	0.3590
0.3241	0.3189	0.3284	0.3241
0.2923	0.2892	0.2958	0.2923
0.2644	0.2620	0.2670	0.2644
0.2402	0.2382	0.2423	0.2402
0.2188	0.2171	0.2200	0.2188
0.1992	0.1982	0.2002	0.1992
0.1815	0.1812	0.1834	0.1815
0.1677	0.1672	0.1680	0.1677
0.1543	0.1534	0.1552	0.1543
0.1423	0.1419	0.1425	0.1423
0.1323	0.1320	0.1328	0.1323
0.1234	0.1233	0.1235	0.1234
0.1141	0.1140	0.1144	0.1141
0.1079	0.1069	0.1074	0.1079
0.1033	0.1026	0.1030	0.1033
0.0940	0.0938	0.0942	0.0940
0.0933	0.0930	0.0930	0.0933
0.0843	0.0845	0.0847	0.0843
0.0836	0.0836	0.0836	0.0836
0.0825	0.0793	0.0794	0.0825
0.0741	0.0737	0.0737	0.0741
0.0736	0.0736	0.0736	0.0736
0.0735	0.0736	0.0736	0.0735
0.0717	0.0714	0.0715	0.0717
0.0646	0.0643	0.0643	0.0646
0.0636	0.0636	0.0636	0.0636
0.0635	0.0637	0.0637	0.0635
0.0636	0.0636	0.0636	0.0636
0.0636	0.0636	0.0636	0.0636
0.0636	0.0636	0.0636	0.0636
0.0634	0.0635	0.0635	0.0634
0.0629	0.0629	0.0629	0.0629
0.0606	0.0599	0.0599	0.0606
0.0553	0.0555	0.0555	0.0553
0.0543	0.0547	0.0547	0.0543
0.0538	0.0541	0.0541	0.0538
0.0537	0.0539	0.0539	0.0537
0.0536	0.0536	0.0536	0.0536
0.0536	0.0536	0.0536	0.0536
0.0536	0.0537	0.0537	0.0536
0.0537	0.0536	0.0536	0.0537
0.0536	0.0536	0.0536	0.0536
0.0536	0.0536	0.0536	0.0536
0.0536	0.0536	0.0536	0.0536
0.0536	0.0536	0.0536	0.0536
0.0536	0.0536	0.0536	0.0536
0.0536	0.0536	0.0536	0.0536
0.0536	0.0536	0.0536	0.0536
0.0537	0.0535	0.0535	0.0537
0.0536	0.0536	0.0536	0.0536
0.0536	0.0536	0.0536	0.0536
0.0536	0.0536	0.0536	0.0536
0.0536	0.0536	0.0536	0.0536
0.0536	0.0536	0.0536	0.0536
0.0536	0.0536	0.0536	0.0536
0.0536	0.0536	0.0536	0.0536
0.0536	0.0536	0.0536	0.0536
0.0536	0.0536	0.0536	0.0536
0.0535	0.0537	0.0537	0.0535
0.0536	0.0536	0.0536	0.0536
0.0536	0.0536	0.0536	0.0536
0.0537	0.0535	0.0535	0.0537
0.0536	0.0536	0.0536	0.0536
0.0535	0.0537	0.0537	0.0535
0.0536	0.0536	0.0536	0.0536
0.0536	0.0536	0.0536	0.0536
0.0536	0.0536	0.0536	0.0536
0.0537	0.0535	0.0535	0.0537
0.0536	0.0536	0.0536	0.0536
0.0536	0.0536	0.0536	0.0536
0.0536	0.0536	0.0536	0.0536
0.0536	0.0536	0.0536	0.0536
0.0536	0.0536	0.0536	0.0536
0.0536	0.0536	0.0536	0.0536
0.0536	0.0536	0.0536	0.0536
0.0536	0.0536	0.0536	0.0536
0.0537	0.0535	0.0535	0.0537
0.0536	0.0536	0.0536	0.0536
0.0536	0.0536	0.0536	0.0536
0.0536	0.0536	0.0536	0.0536
0.0536	0.0536	0.0536	0.0536
0.0536	0.0536	0.0536	0.0536
0.0536	0.0536	0.0536	0.0536
0.0536	0.0536	0.0536	0.0536
0.0536	0.0536	0.0536	0.0536
0.0536	0.0536	0.0536	0.0536
0.0536	0.0536	0.0536	0.0536
0.0536	0.0536	0.0536	0.0536
0.0536	0.0536	0.0536	0.0536
0.0536	0.0536	0.0536	0.0536
0.0536	0.0536	0.0536	0.0536
0.0536	0.0536	0.0536	0.0536
0.0536	0.0536	0.0536	0.0536
0.0536	0.0536	0.0536	0.0536
