2.7499	2.6616	2.7386	2.6652
2.1560	2.1179	2.1534	2.1173
1.8789	1.8518	1.8777	1.8503
1.6602	1.6404	1.6602	1.6391
1.4720	1.4567	1.4714	1.4556
1.3060	1.2940	1.3051	1.2941
1.1596	1.1509	1.1591	1.1502
1.0302	1.0236	1.0297	1.0232
0.9160	0.9114	0.9161	0.9111
0.8154	0.8120	0.8156	0.8117
0.7259	0.7237	0.7266	0.7238
0.6482	0.6461	0.6481	0.6462
0.5792	0.5776	0.5790	0.5769
0.5179	0.5167	0.5178	0.5169
0.4640	0.4624	0.4635	0.4627
0.4160	0.4149	0.4157	0.4150
0.3735	0.3737	0.3744	0.3732
0.3369	0.3363	0.3368	0.3365
0.3033	0.3037	0.3038	0.3031
0.2745	0.2739	0.2742	0.2744
0.2491	0.2488	0.2490	0.2487
0.2256	0.2259	0.2261	0.2256
0.2065	0.2059	0.2063	0.2063
0.1883	0.1885	0.1886	0.1883
0.1723	0.1724	0.1727	0.1722
0.1585	0.1588	0.1589	0.1584
0.1467	0.1468	0.1468	0.1467
0.1357	0.1359	0.1359	0.1357
0.1256	0.1260	0.1260	0.1255
0.1172	0.1177	0.1177	0.1172
0.1113	0.1106	0.1106	0.1113
0.1036	0.1036	0.1036	0.1036
0.0970	0.0974	0.0974	0.0970
0.0935	0.0936	0.0936	0.0935
0.0875	0.0872	0.0872	0.0874
0.0836	0.0836	0.0836	0.0836
0.0835	0.0831	0.0831	0.0834
0.0753	0.0749	0.0749	0.0753
0.0736	0.0736	0.0736	0.0736
0.0736	0.0736	0.0736	0.0736
0.0730	0.0728	0.0728	0.0730
0.0670	0.0656	0.0656	0.0670
0.0636	0.0637	0.0637	0.0636
0.0636	0.0636	0.0636	0.0636
0.0636	0.0636	0.0636	0.0636
0.0636	0.0636	0.0636	0.0636
0.0636	0.0636	0.0636	0.0636
0.0636	0.0636	0.0636	0.0636
0.0631	0.0629	0.0629	0.0631
0.0620	0.0614	0.0614	0.0620
0.0565	0.0580	0.0580	0.0565
0.0549	0.0540	0.0540	0.0549
0.0541	0.0544	0.0544	0.0541
0.0536	0.0538	0.0538	0.0536
0.0536	0.0536	0.0536	0.0536
0.0536	0.0536	0.0536	0.0536
0.0536	0.0536	0.0536	0.0536
0.0536	0.0536	0.0536	0.0536
0.0536	0.0536	0.0536	0.0536
0.0536	0.0536	0.0536	0.0536
0.0536	0.0536	0.0536	0.0536
0.0536	0.0536	0.0536	0.0536
0.0536	0.0537	0.0537	0.0536
0.0536	0.0536	0.0536	0.0536
0.0536	0.0536	0.0536	0.0536
0.0536	0.0536	0.0536	0.0536
0.0535	0.0537	0.0537	0.0535
0.0537	0.0535	0.0535	0.0537
0.0537	0.0535	0.0535	0.0537
0.0536	0.0536	0.0536	0.0536
0.0536	0.0536	0.0536	0.0536
0.0536	0.0536	0.0536	0.0536
0.0535	0.0537	0.0537	0.0535
0.0536	0.0536	0.0536	0.0536
0.0536	0.0536	0.0536	0.0536
0.0536	0.0536	0.0536	0.0536
0.0536	0.0536	0.0536	0.0536
0.0536	0.0536	0.0536	0.0536
0.0536	0.0536	0.0536	0.0536
0.0536	0.0536	0.0536	0.0536
0.0536	0.0536	0.0536	0.0536
0.0534	0.0538	0.0538	0.0534
0.0536	0.0536	0.0536	0.0536
0.0536	0.0536	0.0536	0.0536
0.0536	0.0536	0.0536	0.0536
0.0537	0.0535	0.0535	0.0537
0.0536	0.0536	0.0536	0.0536
0.0536	0.0536	0.0536	0.0536
0.0536	0.0536	0.0536	0.0536
0.0536	0.0536	0.0536	0.0536
0.0536	0.0536	0.0536	0.0536
0.0534	0.0538	0.0538	0.0534
0.0536	0.0536	0.0536	0.0536
0.0536	0.0536	0.0536	0.0536
0.0536	0.0536	0.0536	0.0536
0.0536	0.0536	0.0536	0.0536
0.0536	0.0536	0.0536	0.0536
0.0536	0.0536	0.0536	0.0536
0.0536	0.0536	0.0536	0.0536
0.0540	0.0532	0.0532	0.0540
