1.9536	1.9843	2.0795	2.1158
1.5720	1.5872	1.6308	1.6460
1.3793	1.3902	1.4222	1.4339
1.2257	1.2339	1.2579	1.2664
1.0913	1.0980	1.1155	1.1219
0.9727	0.9778	0.9912	0.9961
0.8673	0.8711	0.8813	0.8846
0.7741	0.7766	0.7841	0.7867
0.6910	0.6932	0.6987	0.7008
0.6176	0.6187	0.6236	0.6250
0.5525	0.5536	0.5570	0.5580
0.4953	0.4958	0.4983	0.4985
0.4440	0.4442	0.4461	0.4469
0.3988	0.3994	0.4004	0.4016
0.3583	0.3592	0.3600	0.3600
0.3232	0.3234	0.3247	0.3248
0.2920	0.2922	0.2930	0.2931
0.2642	0.2641	0.2645	0.2648
0.2403	0.2402	0.2405	0.2411
0.2183	0.2183	0.2186	0.2186
0.1989	0.1988	0.1990	0.1991
0.1821	0.1820	0.1820	0.1826
0.1679	0.1675	0.1675	0.1679
0.1546	0.1541	0.1544	0.1549
0.1421	0.1423	0.1424	0.1421
0.1323	0.1319	0.1320	0.1324
0.1235	0.1234	0.1234	0.1236
0.1139	0.1140	0.1140	0.1139
0.1071	0.1072	0.1072	0.1071
0.1029	0.1033	0.1033	0.1029
0.0941	0.0940	0.0940	0.0941
0.0928	0.0935	0.0935	0.0928
0.0844	0.0843	0.0843	0.0844
0.0836	0.0836	0.0836	0.0836
0.0806	0.0812	0.0812	0.0806
0.0737	0.0736	0.0736	0.0737
0.0736	0.0736	0.0736	0.0736
0.0735	0.0736	0.0736	0.0735
0.0711	0.0718	0.0718	0.0711
0.0650	0.0640	0.0640	0.0651
0.0636	0.0636	0.0636	0.0636
0.0636	0.0636	0.0636	0.0636
0.0636	0.0636	0.0636	0.0636
0.0636	0.0636	0.0636	0.0636
0.0636	0.0636	0.0636	0.0636
0.0632	0.0635	0.0635	0.0632
0.0622	0.0621	0.0621	0.0622
0.0600	0.0595	0.0595	0.0600
0.0555	0.0558	0.0558	0.0555
0.0551	0.0544	0.0544	0.0551
0.0539	0.0537	0.0537	0.0539
0.0537	0.0537	0.0537	0.0537
0.0536	0.0536	0.0536	0.0536
0.0536	0.0536	0.0536	0.0536
0.0536	0.0536	0.0536	0.0536
0.0536	0.0536	0.0536	0.0536
0.0536	0.0536	0.0536	0.0536
0.0536	0.0536	0.0536	0.0536
0.0536	0.0536	0.0536	0.0536
0.0536	0.0537	0.0537	0.0536
0.0536	0.0536	0.0536	0.0536
0.0536	0.0536	0.0536	0.0536
0.0536	0.0536	0.0536	0.0536
0.0536	0.0536	0.0536	0.0536
0.0536	0.0536	0.0536	0.0536
0.0536	0.0536	0.0536	0.0536
0.0537	0.0535	0.0535	0.0537
0.0536	0.0536	0.0536	0.0536
0.0536	0.0536	0.0536	0.0536
0.0536	0.0536	0.0536	0.0536
0.0536	0.0536	0.0536	0.0536
0.0536	0.0536	0.0536	0.0536
0.0536	0.0536	0.0536	0.0536
0.0540	0.0532	0.0532	0.0540
0.0536	0.0536	0.0536	0.0536
0.0536	0.0536	0.0536	0.0536
0.0536	0.0536	0.0536	0.0536
0.0536	0.0536	0.0536	0.0536
0.0536	0.0536	0.0536	0.0536
0.0536	0.0536	0.0536	0.0536
0.0536	0.0536	0.0536	0.0536
0.0536	0.0536	0.0536	0.0536
0.0535	0.0537	0.0537	0.0535
0.0537	0.0535	0.0535	0.0537
0.0535	0.0537	0.0537	0.0535
0.0536	0.0536	0.0536	0.0536
0.0536	0.0536	0.0536	0.0536
0.0536	0.0536	0.0536	0.0536
0.0536	0.0536	0.0536	0.0536
0.0536	0.0536	0.0536	0.0536
0.0536	0.0536	0.0536	0.0536
0.0536	0.0536	0.0536	0.0536
0.0536	0.0536	0.0536	0.0536
0.0536	0.0536	0.0536	0.0536
0.0536	0.0536	0.0536	0.0536
0.0536	0.0536	0.0536	0.0536
0.0536	0.0536	0.0536	0.0536
0.0536	0.0536	0.0536	0.0536
0.0536	0.0536	0.0536	0.0536
0.0536	0.0536	0.0536	0.0536
