4.6949	4.7835	4.6369	4.7509
3.7046	3.7511	3.6837	3.7305
3.2308	3.2646	3.2159	3.2496
2.8550	2.8810	2.8439	2.8695
2.5294	2.5485	2.5206	2.5402
2.2420	2.2565	2.2354	2.2504
1.9881	1.9987	1.9831	1.9938
1.7636	1.7716	1.7600	1.7679
1.5646	1.5712	1.5622	1.5683
1.3895	1.3937	1.3877	1.3922
1.2336	1.2380	1.2331	1.2361
1.0976	1.0999	1.0956	1.0987
0.9758	0.9777	0.9751	0.9771
0.8687	0.8700	0.8682	0.8693
0.7739	0.7752	0.7732	0.7744
0.6904	0.6907	0.6898	0.6912
0.6163	0.6170	0.6158	0.6169
0.5507	0.5513	0.5505	0.5509
0.4931	0.4932	0.4928	0.4935
0.4422	0.4420	0.4420	0.4422
0.3964	0.3967	0.3965	0.3967
0.3571	0.3572	0.3568	0.3572
0.3218	0.3211	0.3210	0.3218
0.2908	0.2907	0.2907	0.2908
0.2631	0.2632	0.2631	0.2631
0.2391	0.2383	0.2383	0.2391
0.2174	0.2173	0.2172	0.2174
0.1982	0.1981	0.1980	0.1982
0.1808	0.1810	0.1808	0.1808
0.1670	0.1670	0.1670	0.1670
0.1534	0.1530	0.1528	0.1534
0.1413	0.1417	0.1417	0.1414
0.1314	0.1314	0.1314	0.1314
0.1229	0.1234	0.1234	0.1229
0.1136	0.1138	0.1138	0.1136
0.1067	0.1069	0.1069	0.1067
0.1031	0.1023	0.1023	0.1031
0.0940	0.0938	0.0938	0.0940
0.0927	0.0925	0.0925	0.0927
0.0843	0.0838	0.0838	0.0843
0.0836	0.0836	0.0836	0.0836
0.0803	0.0809	0.0809	0.0803
0.0738	0.0737	0.0737	0.0738
0.0737	0.0735	0.0735	0.0737
0.0736	0.0736	0.0736	0.0736
0.0699	0.0715	0.0715	0.0699
0.0644	0.0639	0.0639	0.0644
0.0636	0.0636	0.0636	0.0636
0.0636	0.0636	0.0636	0.0636
0.0636	0.0636	0.0636	0.0636
0.0636	0.0636	0.0636	0.0636
0.0636	0.0636	0.0636	0.0636
0.0634	0.0635	0.0635	0.0634
0.0630	0.0622	0.0622	0.0630
0.0604	0.0597	0.0597	0.0604
0.0554	0.0558	0.0558	0.0554
0.0542	0.0546	0.0546	0.0542
0.0540	0.0544	0.0544	0.0540
0.0536	0.0536	0.0536	0.0536
0.0536	0.0536	0.0536	0.0536
0.0536	0.0537	0.0537	0.0536
0.0536	0.0536	0.0536	0.0536
0.0536	0.0536	0.0536	0.0536
0.0537	0.0535	0.0535	0.0537
0.0536	0.0536	0.0536	0.0536
0.0536	0.0536	0.0536	0.0536
0.0536	0.0536	0.0536	0.0536
0.0536	0.0536	0.0536	0.0536
0.0536	0.0536	0.0536	0.0536
0.0536	0.0536	0.0536	0.0536
0.0536	0.0536	0.0536	0.0536
0.0698	0.0374	0.0374	0.0698
0.0536	0.0536	0.0536	0.0536
0.0536	0.0536	0.0536	0.0536
0.0536	0.0536	0.0536	0.0536
0.0536	0.0536	0.0536	0.0536
0.0536	0.0536	0.0536	0.0536
0.0536	0.0536	0.0536	0.0536
0.0536	0.0536	0.0536	0.0536
0.0536	0.0536	0.0536	0.0536
0.0536	0.0536	0.0536	0.0536
0.0536	0.0536	0.0536	0.0536
0.0536	0.0536	0.0536	0.0536
0.0536	0.0536	0.0536	0.0536
0.0536	0.0536	0.0536	0.0536
0.0536	0.0536	0.0536	0.0536
0.0535	0.0537	0.0537	0.0535
0.0536	0.0536	0.0536	0.0536
0.0536	0.0536	0.0536	0.0536
0.0536	0.0536	0.0536	0.0536
0.0536	0.0536	0.0536	0.0536
0.0536	0.0536	0.0536	0.0536
0.0536	0.0536	0.0536	0.0536
0.0536	0.0536	0.0536	0.0536
0.0537	0.0535	0.0535	0.0537
0.0536	0.0536	0.0536	0.0536
0.0537	0.0535	0.0535	0.0537
0.0536	0.0536	0.0536	0.0536
0.0536	0.0536	0.0536	0.0536
0.0536	0.0536	0.0536	0.0536
