4.9097	5.1568	4.9513	5.1914
3.9176	4.0285	3.9346	4.0457
3.4224	3.5044	3.4350	3.5168
3.0290	3.0908	3.0388	3.1002
2.6868	2.7326	2.6937	2.7406
2.3839	2.4186	2.3893	2.4237
2.1152	2.1415	2.1197	2.1457
1.8778	1.8970	1.8806	1.9005
1.6673	1.6816	1.6693	1.6841
1.4809	1.4917	1.4823	1.4932
1.3154	1.3236	1.3167	1.3252
1.1690	1.1756	1.1702	1.1768
1.0402	1.0447	1.0408	1.0458
0.9255	0.9291	0.9259	0.9300
0.8247	0.8271	0.8253	0.8278
0.7350	0.7372	0.7354	0.7376
0.6564	0.6572	0.6562	0.6579
0.5861	0.5873	0.5862	0.5875
0.5243	0.5251	0.5243	0.5255
0.4694	0.4703	0.4699	0.4702
0.4215	0.4219	0.4216	0.4219
0.3784	0.3793	0.3787	0.3788
0.3406	0.3407	0.3407	0.3412
0.3073	0.3074	0.3073	0.3075
0.2782	0.2777	0.2776	0.2783
0.2520	0.2525	0.2525	0.2520
0.2288	0.2288	0.2288	0.2290
0.2085	0.2086	0.2085	0.2085
0.1903	0.1898	0.1897	0.1903
0.1748	0.1748	0.1748	0.1749
0.1597	0.1601	0.1601	0.1597
0.1479	0.1484	0.1484	0.1480
0.1365	0.1373	0.1373	0.1365
0.1272	0.1270	0.1270	0.1273
0.1189	0.1183	0.1183	0.1189
0.1121	0.1123	0.1123	0.1121
0.1038	0.1038	0.1038	0.1038
0.0987	0.0983	0.0983	0.0987
0.0935	0.0936	0.0936	0.0935
0.0887	0.0895	0.0895	0.0887
0.0836	0.0836	0.0836	0.0836
0.0836	0.0835	0.0835	0.0836
0.0759	0.0761	0.0761	0.0759
0.0736	0.0736	0.0736	0.0736
0.0736	0.0736	0.0736	0.0736
0.0735	0.0733	0.0733	0.0735
0.0678	0.0678	0.0678	0.0678
0.0637	0.0637	0.0637	0.0637
0.0636	0.0636	0.0636	0.0636
0.0636	0.0636	0.0636	0.0636
0.0636	0.0636	0.0636	0.0636
0.0635	0.0637	0.0637	0.0635
0.0636	0.0635	0.0635	0.0636
0.0630	0.0626	0.0626	0.0630
0.0624	0.0622	0.0622	0.0624
0.0571	0.0573	0.0573	0.0571
0.0553	0.0551	0.0551	0.0553
0.0542	0.0542	0.0542	0.0542
0.0537	0.0536	0.0536	0.0537
0.0537	0.0536	0.0536	0.0537
0.0536	0.0536	0.0536	0.0536
0.0536	0.0537	0.0537	0.0536
0.0536	0.0536	0.0536	0.0536
0.0536	0.0537	0.0537	0.0536
0.0536	0.0536	0.0536	0.0536
0.0537	0.0535	0.0535	0.0537
0.0536	0.0536	0.0536	0.0536
0.0536	0.0536	0.0536	0.0536
0.0536	0.0536	0.0536	0.0536
0.0536	0.0536	0.0536	0.0536
0.0536	0.0536	0.0536	0.0536
0.0536	0.0536	0.0536	0.0536
0.0536	0.0536	0.0536	0.0536
0.0536	0.0536	0.0536	0.0536
0.0536	0.0536	0.0536	0.0536
0.0536	0.0536	0.0536	0.0536
0.0536	0.0536	0.0536	0.0536
0.0536	0.0536	0.0536	0.0536
0.0536	0.0536	0.0536	0.0536
0.0536	0.0536	0.0536	0.0536
0.0536	0.0536	0.0536	0.0536
0.0537	0.0535	0.0535	0.0537
0.0536	0.0536	0.0536	0.0536
0.0536	0.0536	0.0536	0.0536
0.0536	0.0536	0.0536	0.0536
0.0536	0.0536	0.0536	0.0536
0.0535	0.0537	0.0537	0.0535
0.0536	0.0536	0.0536	0.0536
0.0536	0.0536	0.0536	0.0536
0.0536	0.0536	0.0536	0.0536
0.0536	0.0536	0.0536	0.0536
0.0538	0.0534	0.0534	0.0538
0.0536	0.0536	0.0536	0.0536
0.0535	0.0537	0.0537	0.0535
0.0536	0.0536	0.0536	0.0536
0.0536	0.0536	0.0536	0.0536
0.0536	0.0536	0.0536	0.0536
0.0536	0.0536	0.0536	0.0536
0.0536	0.0536	0.0536	0.0536
0.0536	0.0536	0.0536	0.0536
