4.9530	5.0369	4.7793	4.8714
3.8889	3.9288	3.8107	3.8516
3.3865	3.4163	3.3294	3.3588
2.9895	3.0117	2.9462	2.9687
2.6454	2.6625	2.6136	2.6301
2.3430	2.3559	2.3189	2.3313
2.0762	2.0855	2.0580	2.0671
1.8402	1.8474	1.8271	1.8336
1.6322	1.6374	1.6221	1.6272
1.4483	1.4520	1.4401	1.4446
1.2862	1.2888	1.2795	1.2833
1.1422	1.1447	1.1376	1.1398
1.0157	1.0174	1.0120	1.0141
0.9035	0.9048	0.9013	0.9023
0.8047	0.8060	0.8030	0.8034
0.7175	0.7179	0.7159	0.7166
0.6399	0.6406	0.6391	0.6395
0.5723	0.5721	0.5713	0.5717
0.5113	0.5119	0.5113	0.5112
0.4584	0.4585	0.4578	0.4582
0.4112	0.4117	0.4111	0.4110
0.3694	0.3695	0.3693	0.3693
0.3324	0.3329	0.3327	0.3323
0.3003	0.3002	0.3001	0.3003
0.2724	0.2717	0.2717	0.2724
0.2459	0.2461	0.2461	0.2458
0.2238	0.2242	0.2239	0.2237
0.2043	0.2044	0.2044	0.2043
0.1873	0.1873	0.1873	0.1873
0.1706	0.1705	0.1703	0.1706
0.1579	0.1574	0.1573	0.1579
0.1460	0.1457	0.1457	0.1460
0.1349	0.1347	0.1347	0.1349
0.1249	0.1251	0.1251	0.1249
0.1168	0.1162	0.1162	0.1168
0.1102	0.1101	0.1101	0.1102
0.1036	0.1036	0.1036	0.1036
0.0960	0.0963	0.0963	0.0960
0.0936	0.0936	0.0936	0.0936
0.0867	0.0863	0.0863	0.0867
0.0836	0.0836	0.0836	0.0836
0.0829	0.0824	0.0824	0.0829
0.0745	0.0743	0.0743	0.0745
0.0736	0.0736	0.0736	0.0736
0.0736	0.0736	0.0736	0.0736
0.0729	0.0724	0.0724	0.0729
0.0659	0.0654	0.0654	0.0659
0.0635	0.0637	0.0637	0.0635
0.0636	0.0636	0.0636	0.0636
0.0636	0.0636	0.0636	0.0636
0.0636	0.0636	0.0636	0.0636
0.0636	0.0635	0.0635	0.0636
0.0633	0.0635	0.0635	0.0633
0.0631	0.0632	0.0632	0.0631
0.0613	0.0613	0.0613	0.0613
0.0560	0.0568	0.0568	0.0560
0.0544	0.0551	0.0551	0.0544
0.0540	0.0542	0.0542	0.0540
0.0539	0.0538	0.0538	0.0539
0.0536	0.0536	0.0536	0.0536
0.0536	0.0538	0.0538	0.0536
0.0536	0.0536	0.0536	0.0536
0.0536	0.0536	0.0536	0.0536
0.0536	0.0536	0.0536	0.0536
0.0537	0.0535	0.0535	0.0537
0.0536	0.0536	0.0536	0.0536
0.0536	0.0536	0.0536	0.0536
0.0536	0.0536	0.0536	0.0536
0.0536	0.0536	0.0536	0.0536
0.0536	0.0536	0.0536	0.0536
0.0537	0.0535	0.0535	0.0537
0.0536	0.0536	0.0536	0.0536
0.0536	0.0536	0.0536	0.0536
0.0534	0.0538	0.0538	0.0534
0.0535	0.0537	0.0537	0.0535
0.0536	0.0536	0.0536	0.0536
0.0536	0.0536	0.0536	0.0536
0.0536	0.0536	0.0536	0.0536
0.0536	0.0536	0.0536	0.0536
0.0536	0.0536	0.0536	0.0536
0.0536	0.0536	0.0536	0.0536
0.0536	0.0536	0.0536	0.0536
0.0536	0.0536	0.0536	0.0536
0.0536	0.0536	0.0536	0.0536
0.0536	0.0536	0.0536	0.0536
0.0537	0.0535	0.0535	0.0537
0.1072	0.0000	0.0000	0.1072
0.0536	0.0536	0.0536	0.0536
0.0536	0.0536	0.0536	0.0536
0.0536	0.0536	0.0536	0.0536
0.0536	0.0536	0.0536	0.0536
0.0536	0.0536	0.0536	0.0536
0.0536	0.0536	0.0536	0.0536
0.0536	0.0536	0.0536	0.0536
0.0536	0.0536	0.0536	0.0536
0.0536	0.0536	0.0536	0.0536
0.0536	0.0536	0.0536	0.0536
0.0536	0.0536	0.0536	0.0536
0.0536	0.0536	0.0536	0.0536
0.0536	0.0536	0.0536	0.0536
