2.1042	2.1275	2.1275	2.1720
1.6716	1.6872	1.6872	1.7028
1.4626	1.4744	1.4744	1.4860
1.2976	1.3059	1.3059	1.3142
1.1537	1.1600	1.1600	1.1664
1.0263	1.0308	1.0308	1.0356
0.9140	0.9178	0.9178	0.9210
0.8140	0.8173	0.8173	0.8193
0.7260	0.7282	0.7282	0.7303
0.6482	0.6498	0.6498	0.6512
0.5791	0.5807	0.5807	0.5821
0.5185	0.5189	0.5189	0.5197
0.4643	0.4653	0.4653	0.4655
0.4166	0.4171	0.4171	0.4176
0.3746	0.3749	0.3749	0.3754
0.3376	0.3373	0.3373	0.3380
0.3046	0.3045	0.3045	0.3049
0.2751	0.2755	0.2755	0.2754
0.2497	0.2499	0.2499	0.2501
0.2265	0.2266	0.2266	0.2266
0.2066	0.2067	0.2067	0.2070
0.1887	0.1885	0.1885	0.1888
0.1732	0.1727	0.1727	0.1732
0.1591	0.1590	0.1590	0.1591
0.1471	0.1472	0.1472	0.1471
0.1361	0.1360	0.1360	0.1361
0.1259	0.1262	0.1262	0.1260
0.1179	0.1180	0.1180	0.1179
0.1117	0.1114	0.1114	0.1117
0.1036	0.1036	0.1036	0.1036
0.0972	0.0978	0.0978	0.0972
0.0936	0.0936	0.0936	0.0936
0.0880	0.0881	0.0881	0.0881
0.0835	0.0837	0.0837	0.0835
0.0830	0.0835	0.0835	0.0830
0.0753	0.0756	0.0756	0.0753
0.0736	0.0736	0.0736	0.0736
0.0736	0.0736	0.0736	0.0736
0.0733	0.0733	0.0733	0.0733
0.0667	0.0662	0.0662	0.0667
0.0637	0.0637	0.0637	0.0637
0.0635	0.0637	0.0637	0.0635
0.0636	0.0636	0.0636	0.0636
0.0636	0.0636	0.0636	0.0636
0.0636	0.0636	0.0636	0.0636
0.0636	0.0635	0.0635	0.0636
0.0629	0.0628	0.0628	0.0629
0.0615	0.0614	0.0614	0.0615
0.0575	0.0574	0.0574	0.0575
0.0551	0.0542	0.0542	0.0551
0.0545	0.0541	0.0541	0.0545
0.0537	0.0537	0.0537	0.0537
0.0536	0.0536	0.0536	0.0536
0.0536	0.0536	0.0536	0.0536
0.0536	0.0536	0.0536	0.0536
0.0536	0.0536	0.0536	0.0536
0.0536	0.0536	0.0536	0.0536
0.0536	0.0536	0.0536	0.0536
0.0537	0.0535	0.0535	0.0537
0.0536	0.0536	0.0536	0.0536
0.0536	0.0536	0.0536	0.0536
0.0536	0.0536	0.0536	0.0536
0.0536	0.0536	0.0536	0.0536
0.0537	0.0536	0.0536	0.0537
0.0536	0.0536	0.0536	0.0536
0.0536	0.0537	0.0537	0.0536
0.0536	0.0536	0.0536	0.0536
0.0536	0.0536	0.0536	0.0536
0.0536	0.0536	0.0536	0.0536
0.0536	0.0536	0.0536	0.0536
0.0536	0.0536	0.0536	0.0536
0.0536	0.0536	0.0536	0.0536
0.0536	0.0536	0.0536	0.0536
0.0536	0.0536	0.0536	0.0536
0.0536	0.0536	0.0536	0.0536
0.0536	0.0536	0.0536	0.0536
0.0536	0.0536	0.0536	0.0536
0.0536	0.0536	0.0536	0.0536
0.0536	0.0536	0.0536	0.0536
0.0536	0.0536	0.0536	0.0536
0.0536	0.0536	0.0536	0.0536
0.0536	0.0536	0.0536	0.0536
0.0536	0.0536	0.0536	0.0536
0.0536	0.0536	0.0536	0.0536
0.0536	0.0536	0.0536	0.0536
0.0537	0.0535	0.0535	0.0537
0.0537	0.0535	0.0535	0.0537
0.0536	0.0536	0.0536	0.0536
0.0536	0.0536	0.0536	0.0536
0.0536	0.0536	0.0536	0.0536
0.0536	0.0536	0.0536	0.0536
0.0536	0.0536	0.0536	0.0536
0.0536	0.0536	0.0536	0.0536
0.0536	0.0536	0.0536	0.0536
0.0536	0.0536	0.0536	0.0536
0.0535	0.0537	0.0537	0.0535
0.0536	0.0536	0.0536	0.0536
0.0536	0.0536	0.0536	0.0536
0.0536	0.0536	0.0536	0.0536
0.0536	0.0536	0.0536	0.0536
