1.6564	1.6540	1.5554	1.5538
1.2963	1.2952	1.2499	1.2489
1.1315	1.1302	1.0970	1.0965
1.0009	1.0005	0.9757	0.9752
0.8891	0.8886	0.8698	0.8691
0.7902	0.7899	0.7760	0.7753
0.7035	0.7032	0.6928	0.6924
0.6273	0.6270	0.6190	0.6189
0.5601	0.5599	0.5540	0.5539
0.5005	0.5007	0.4967	0.4962
0.4489	0.4486	0.4448	0.4446
0.4026	0.4023	0.4000	0.4000
0.3616	0.3616	0.3595	0.3590
0.3258	0.3260	0.3247	0.3243
0.2934	0.2939	0.2930	0.2927
0.2655	0.2655	0.2647	0.2649
0.2414	0.2413	0.2409	0.2410
0.2193	0.2197	0.2190	0.2189
0.1996	0.1998	0.1995	0.1995
0.1829	0.1830	0.1825	0.1827
0.1682	0.1681	0.1679	0.1679
0.1555	0.1549	0.1546	0.1554
0.1430	0.1422	0.1421	0.1427
0.1327	0.1327	0.1324	0.1325
0.1235	0.1236	0.1236	0.1235
0.1140	0.1142	0.1142	0.1140
0.1078	0.1073	0.1073	0.1077
0.1037	0.1030	0.1030	0.1036
0.0941	0.0944	0.0944	0.0940
0.0933	0.0935	0.0935	0.0933
0.0844	0.0846	0.0846	0.0844
0.0836	0.0836	0.0836	0.0836
0.0820	0.0810	0.0808	0.0820
0.0736	0.0743	0.0743	0.0736
0.0737	0.0735	0.0735	0.0737
0.0736	0.0736	0.0736	0.0736
0.0719	0.0717	0.0717	0.0719
0.0646	0.0649	0.0649	0.0646
0.0636	0.0636	0.0636	0.0636
0.0636	0.0636	0.0636	0.0636
0.0636	0.0636	0.0636	0.0636
0.0636	0.0636	0.0636	0.0636
0.0636	0.0636	0.0636	0.0636
0.0632	0.0635	0.0635	0.0632
0.0626	0.0626	0.0626	0.0626
0.0588	0.0615	0.0615	0.0588
0.0557	0.0548	0.0548	0.0557
0.0543	0.0547	0.0547	0.0543
0.0539	0.0539	0.0539	0.0539
0.0537	0.0540	0.0540	0.0537
0.0536	0.0536	0.0536	0.0536
0.0536	0.0536	0.0536	0.0536
0.0536	0.0537	0.0537	0.0536
0.0536	0.0536	0.0536	0.0536
0.0536	0.0536	0.0536	0.0536
0.0536	0.0536	0.0536	0.0536
0.0536	0.0536	0.0536	0.0536
0.0537	0.0535	0.0535	0.0537
0.0536	0.0536	0.0536	0.0536
0.0536	0.0536	0.0536	0.0536
0.0533	0.0539	0.0539	0.0533
0.0536	0.0536	0.0536	0.0536
0.0536	0.0536	0.0536	0.0536
0.0536	0.0536	0.0536	0.0536
0.0536	0.0536	0.0536	0.0536
0.0536	0.0536	0.0536	0.0536
0.0536	0.0536	0.0536	0.0536
0.0536	0.0536	0.0536	0.0536
0.0538	0.0534	0.0534	0.0538
0.0536	0.0536	0.0536	0.0536
0.0536	0.0536	0.0536	0.0536
0.0536	0.0536	0.0536	0.0536
0.0536	0.0536	0.0536	0.0536
0.0536	0.0536	0.0536	0.0536
0.0536	0.0536	0.0536	0.0536
0.0537	0.0535	0.0535	0.0537
0.0536	0.0536	0.0536	0.0536
0.0536	0.0536	0.0536	0.0536
0.0536	0.0536	0.0536	0.0536
0.0536	0.0536	0.0536	0.0536
0.0536	0.0536	0.0536	0.0536
0.0536	0.0536	0.0536	0.0536
0.0536	0.0536	0.0536	0.0536
0.0536	0.0536	0.0536	0.0536
0.0536	0.0536	0.0536	0.0536
0.0536	0.0536	0.0536	0.0536
0.0536	0.0536	0.0536	0.0536
0.0536	0.0536	0.0536	0.0536
0.0536	0.0536	0.0536	0.0536
0.0536	0.0536	0.0536	0.0536
0.0536	0.0536	0.0536	0.0536
0.0536	0.0536	0.0536	0.0536
0.0537	0.0535	0.0535	0.0537
0.0536	0.0536	0.0536	0.0536
0.0536	0.0536	0.0536	0.0536
0.0536	0.0536	0.0536	0.0536
0.0536	0.0536	0.0536	0.0536
0.0536	0.0536	0.0536	0.0536
0.0536	0.0536	0.0536	0.0536
0.0536	0.0536	0.0536	0.0536
