3.8184	4.0693	3.8499	4.1068
3.0579	3.1741	3.0736	3.1901
2.6751	2.7610	2.6873	2.7727
2.3705	2.4345	2.3795	2.4440
2.1051	2.1536	2.1118	2.1600
1.8704	1.9059	1.8747	1.9118
1.6616	1.6894	1.6655	1.6929
1.4766	1.4971	1.4793	1.5003
1.3125	1.3285	1.3149	1.3306
1.1676	1.1794	1.1693	1.1803
1.0390	1.0477	1.0398	1.0488
0.9247	0.9316	0.9258	0.9321
0.8240	0.8288	0.8250	0.8294
0.7347	0.7385	0.7352	0.7392
0.6557	0.6587	0.6568	0.6592
0.5862	0.5888	0.5859	0.5884
0.5243	0.5261	0.5247	0.5264
0.4698	0.4704	0.4697	0.4713
0.4217	0.4224	0.4218	0.4227
0.3791	0.3791	0.3786	0.3796
0.3406	0.3414	0.3407	0.3411
0.3076	0.3081	0.3077	0.3082
0.2782	0.2778	0.2777	0.2784
0.2522	0.2524	0.2523	0.2523
0.2290	0.2291	0.2289	0.2292
0.2084	0.2090	0.2089	0.2085
0.1902	0.1900	0.1900	0.1902
0.1752	0.1752	0.1752	0.1753
0.1599	0.1602	0.1602	0.1599
0.1483	0.1482	0.1482	0.1483
0.1373	0.1371	0.1371	0.1373
0.1274	0.1275	0.1275	0.1275
0.1191	0.1190	0.1188	0.1191
0.1124	0.1122	0.1122	0.1124
0.1037	0.1036	0.1036	0.1037
0.0986	0.0988	0.0988	0.0986
0.0936	0.0936	0.0936	0.0936
0.0883	0.0889	0.0889	0.0883
0.0836	0.0836	0.0836	0.0836
0.0834	0.0835	0.0835	0.0834
0.0764	0.0761	0.0761	0.0764
0.0736	0.0737	0.0737	0.0736
0.0736	0.0736	0.0736	0.0736
0.0733	0.0732	0.0732	0.0733
0.0685	0.0684	0.0684	0.0685
0.0637	0.0638	0.0638	0.0637
0.0636	0.0636	0.0636	0.0636
0.0636	0.0636	0.0636	0.0636
0.0636	0.0636	0.0636	0.0636
0.0637	0.0635	0.0635	0.0637
0.0636	0.0634	0.0634	0.0636
0.0630	0.0629	0.0629	0.0630
0.0619	0.0612	0.0612	0.0619
0.0578	0.0576	0.0576	0.0578
0.0552	0.0552	0.0552	0.0552
0.0544	0.0543	0.0543	0.0544
0.0540	0.0537	0.0537	0.0540
0.0536	0.0536	0.0536	0.0536
0.0536	0.0536	0.0536	0.0536
0.0536	0.0536	0.0536	0.0536
0.0536	0.0536	0.0536	0.0536
0.0536	0.0536	0.0536	0.0536
0.0536	0.0536	0.0536	0.0536
0.0536	0.0536	0.0536	0.0536
0.0536	0.0536	0.0536	0.0536
0.0536	0.0536	0.0536	0.0536
0.0536	0.0536	0.0536	0.0536
0.0536	0.0536	0.0536	0.0536
0.0536	0.0536	0.0536	0.0536
0.0536	0.0536	0.0536	0.0536
0.0536	0.0536	0.0536	0.0536
0.0536	0.0536	0.0536	0.0536
0.0536	0.0536	0.0536	0.0536
0.0536	0.0536	0.0536	0.0536
0.0537	0.0535	0.0535	0.0537
0.0536	0.0536	0.0536	0.0536
0.0536	0.0536	0.0536	0.0536
0.0536	0.0536	0.0536	0.0536
0.0536	0.0536	0.0536	0.0536
0.0536	0.0536	0.0536	0.0536
0.0536	0.0536	0.0536	0.0536
0.0536	0.0536	0.0536	0.0536
0.0536	0.0536	0.0536	0.0536
0.0536	0.0536	0.0536	0.0536
0.0536	0.0536	0.0536	0.0536
0.0536	0.0536	0.0536	0.0536
0.0536	0.0536	0.0536	0.0536
0.0536	0.0536	0.0536	0.0536
0.0536	0.0536	0.0536	0.0536
0.0535	0.0537	0.0537	0.0535
0.0536	0.0536	0.0536	0.0536
0.0536	0.0536	0.0536	0.0536
0.0536	0.0536	0.0536	0.0536
0.0536	0.0536	0.0536	0.0536
0.0536	0.0536	0.0536	0.0536
0.0537	0.0535	0.0535	0.0537
0.0536	0.0536	0.0536	0.0536
0.0536	0.0536	0.0536	0.0536
0.0536	0.0536	0.0536	0.0536
0.0536	0.0536	0.0536	0.0536
