2.2257	2.3784	2.0951	2.2257
1.7650	1.8294	1.6998	1.7650
1.5417	1.5891	1.4939	1.5417
1.3653	1.4009	1.3292	1.3653
1.2123	1.2394	1.1855	1.2123
1.0773	1.0976	1.0572	1.0773
0.9585	0.9737	0.9433	0.9585
0.8530	0.8644	0.8418	0.8530
0.7605	0.7688	0.7517	0.7605
0.6779	0.6845	0.6716	0.6779
0.6054	0.6104	0.6006	0.6054
0.5413	0.5447	0.5377	0.5413
0.4846	0.4875	0.4819	0.4846
0.4340	0.4363	0.4322	0.4340
0.3907	0.3915	0.3888	0.3907
0.3510	0.3520	0.3495	0.3510
0.3165	0.3176	0.3158	0.3165
0.2858	0.2865	0.2852	0.2858
0.2591	0.2596	0.2583	0.2591
0.2346	0.2350	0.2344	0.2346
0.2140	0.2142	0.2134	0.2140
0.1948	0.1962	0.1956	0.1948
0.1788	0.1788	0.1785	0.1788
0.1645	0.1647	0.1644	0.1645
0.1509	0.1508	0.1507	0.1509
0.1401	0.1399	0.1397	0.1401
0.1299	0.1301	0.1301	0.1299
0.1218	0.1215	0.1214	0.1218
0.1136	0.1136	0.1136	0.1136
0.1053	0.1049	0.1049	0.1053
0.1015	0.1010	0.1010	0.1015
0.0936	0.0937	0.0937	0.0936
0.0911	0.0923	0.0922	0.0911
0.0837	0.0837	0.0837	0.0837
0.0835	0.0836	0.0836	0.0835
0.0793	0.0787	0.0787	0.0793
0.0736	0.0737	0.0737	0.0736
0.0736	0.0736	0.0736	0.0736
0.0735	0.0735	0.0735	0.0735
0.0700	0.0701	0.0701	0.0700
0.0640	0.0641	0.0641	0.0640
0.0636	0.0636	0.0636	0.0636
0.0636	0.0636	0.0636	0.0636
0.0636	0.0636	0.0636	0.0636
0.0636	0.0636	0.0636	0.0636
0.0636	0.0636	0.0636	0.0636
0.0636	0.0634	0.0634	0.0636
0.0623	0.0617	0.0617	0.0623
0.0591	0.0589	0.0588	0.0591
0.0555	0.0544	0.0544	0.0555
0.0543	0.0546	0.0546	0.0543
0.0541	0.0537	0.0537	0.0541
0.0537	0.0537	0.0537	0.0537
0.0536	0.0536	0.0536	0.0536
0.0536	0.0536	0.0536	0.0536
0.0536	0.0536	0.0536	0.0536
0.0536	0.0536	0.0536	0.0536
0.0536	0.0536	0.0536	0.0536
0.0536	0.0536	0.0536	0.0536
0.0536	0.0536	0.0536	0.0536
0.0536	0.0536	0.0536	0.0536
0.0536	0.0536	0.0536	0.0536
0.0536	0.0536	0.0536	0.0536
0.0537	0.0535	0.0535	0.0537
0.0536	0.0536	0.0536	0.0536
0.0536	0.0536	0.0536	0.0536
0.0536	0.0536	0.0536	0.0536
0.0536	0.0536	0.0536	0.0536
0.0538	0.0534	0.0534	0.0538
0.0535	0.0537	0.0537	0.0535
0.0535	0.0537	0.0537	0.0535
0.0536	0.0536	0.0536	0.0536
0.0536	0.0536	0.0536	0.0536
0.0536	0.0536	0.0536	0.0536
0.0536	0.0536	0.0536	0.0536
0.0537	0.0535	0.0535	0.0537
0.0537	0.0535	0.0535	0.0537
0.0536	0.0536	0.0536	0.0536
0.0536	0.0536	0.0536	0.0536
0.0536	0.0536	0.0536	0.0536
0.0536	0.0536	0.0536	0.0536
0.0536	0.0536	0.0536	0.0536
0.0536	0.0536	0.0536	0.0536
0.0536	0.0536	0.0536	0.0536
0.0536	0.0536	0.0536	0.0536
0.0536	0.0536	0.0536	0.0536
0.0536	0.0536	0.0536	0.0536
0.0536	0.0536	0.0536	0.0536
0.0536	0.0536	0.0536	0.0536
0.0537	0.0535	0.0535	0.0537
0.0536	0.0536	0.0536	0.0536
0.0536	0.0536	0.0536	0.0536
0.0540	0.0532	0.0532	0.0540
0.0536	0.0536	0.0536	0.0536
0.0536	0.0536	0.0536	0.0536
0.0536	0.0536	0.0536	0.0536
0.0535	0.0537	0.0537	0.0535
0.0536	0.0536	0.0536	0.0536
0.0535	0.0537	0.0537	0.0535
0.0536	0.0536	0.0536	0.0536
