2.2611	2.1283	2.4163	2.2611
1.7928	1.7266	1.8587	1.7928
1.5662	1.5176	1.6147	1.5662
1.3867	1.3506	1.4229	1.3867
1.2313	1.2039	1.2585	1.2313
1.0945	1.0738	1.1149	1.0945
0.9733	0.9579	0.9887	0.9733
0.8662	0.8545	0.8778	0.8662
0.7718	0.7630	0.7805	0.7718
0.6882	0.6818	0.6947	0.6882
0.6145	0.6096	0.6196	0.6145
0.5494	0.5457	0.5531	0.5494
0.4909	0.4891	0.4944	0.4909
0.4405	0.4388	0.4431	0.4405
0.3957	0.3941	0.3970	0.3957
0.3556	0.3546	0.3573	0.3556
0.3204	0.3200	0.3213	0.3204
0.2895	0.2891	0.2904	0.2895
0.2625	0.2621	0.2631	0.2625
0.2381	0.2372	0.2386	0.2381
0.2166	0.2161	0.2167	0.2166
0.1980	0.1978	0.1981	0.1980
0.1802	0.1798	0.1805	0.1802
0.1667	0.1668	0.1669	0.1667
0.1527	0.1525	0.1531	0.1527
0.1410	0.1410	0.1412	0.1410
0.1317	0.1308	0.1309	0.1317
0.1232	0.1224	0.1224	0.1232
0.1139	0.1137	0.1137	0.1139
0.1061	0.1065	0.1065	0.1061
0.1025	0.1026	0.1026	0.1025
0.0939	0.0938	0.0938	0.0939
0.0929	0.0926	0.0926	0.0929
0.0842	0.0837	0.0837	0.0842
0.0835	0.0837	0.0837	0.0835
0.0805	0.0801	0.0802	0.0805
0.0741	0.0737	0.0737	0.0741
0.0738	0.0734	0.0734	0.0738
0.0736	0.0736	0.0736	0.0736
0.0716	0.0707	0.0707	0.0716
0.0640	0.0640	0.0640	0.0640
0.0636	0.0636	0.0636	0.0636
0.0636	0.0636	0.0636	0.0636
0.0636	0.0636	0.0636	0.0636
0.0636	0.0636	0.0636	0.0636
0.0636	0.0636	0.0636	0.0636
0.0633	0.0635	0.0635	0.0633
0.0625	0.0621	0.0621	0.0625
0.0586	0.0595	0.0595	0.0586
0.0551	0.0555	0.0555	0.0551
0.0543	0.0543	0.0543	0.0543
0.0539	0.0537	0.0537	0.0539
0.0536	0.0536	0.0536	0.0536
0.0539	0.0535	0.0535	0.0539
0.0538	0.0535	0.0535	0.0538
0.0536	0.0536	0.0536	0.0536
0.0537	0.0535	0.0535	0.0537
0.0534	0.0538	0.0538	0.0534
0.0535	0.0537	0.0537	0.0535
0.0535	0.0537	0.0537	0.0535
0.0537	0.0535	0.0535	0.0537
0.0536	0.0536	0.0536	0.0536
0.0535	0.0537	0.0537	0.0535
0.0536	0.0536	0.0536	0.0536
0.0536	0.0536	0.0536	0.0536
0.0536	0.0536	0.0536	0.0536
0.0536	0.0536	0.0536	0.0536
0.0536	0.0536	0.0536	0.0536
0.0535	0.0537	0.0537	0.0535
0.0536	0.0536	0.0536	0.0536
0.0537	0.0535	0.0535	0.0537
0.0535	0.0537	0.0537	0.0535
0.0536	0.0536	0.0536	0.0536
0.0536	0.0536	0.0536	0.0536
0.0536	0.0536	0.0536	0.0536
0.0536	0.0536	0.0536	0.0536
0.0536	0.0536	0.0536	0.0536
0.0537	0.0535	0.0535	0.0537
0.0535	0.0537	0.0537	0.0535
0.0536	0.0536	0.0536	0.0536
0.0536	0.0536	0.0536	0.0536
0.0536	0.0536	0.0536	0.0536
0.0536	0.0536	0.0536	0.0536
0.0541	0.0531	0.0531	0.0541
0.0536	0.0536	0.0536	0.0536
0.0536	0.0536	0.0536	0.0536
0.0536	0.0536	0.0536	0.0536
0.0536	0.0536	0.0536	0.0536
0.0536	0.0536	0.0536	0.0536
0.0536	0.0536	0.0536	0.0536
0.0536	0.0536	0.0536	0.0536
0.0536	0.0536	0.0536	0.0536
0.0536	0.0536	0.0536	0.0536
0.0536	0.0536	0.0536	0.0536
0.0536	0.0536	0.0536	0.0536
0.0535	0.0537	0.0537	0.0535
0.0536	0.0536	0.0536	0.0536
0.0537	0.0535	0.0535	0.0537
0.0536	0.0536	0.0536	0.0536
0.0536	0.0536	0.0536	0.0536
