1.8940	1.7842	2.0243	1.8940
1.5038	1.4487	1.5590	1.5038
1.3147	1.2743	1.3553	1.3147
1.1652	1.1350	1.1953	1.1652
1.0355	1.0127	1.0582	1.0355
0.9212	0.9044	0.9385	0.9212
0.8204	0.8078	0.8336	0.8204
0.7311	0.7216	0.7408	0.7311
0.6525	0.6452	0.6595	0.6525
0.5828	0.5771	0.5883	0.5828
0.5207	0.5174	0.5255	0.5207
0.4670	0.4640	0.4697	0.4670
0.4187	0.4163	0.4212	0.4187
0.3763	0.3747	0.3780	0.3763
0.3385	0.3377	0.3400	0.3385
0.3060	0.3045	0.3064	0.3060
0.2764	0.2751	0.2770	0.2764
0.2506	0.2503	0.2515	0.2506
0.2273	0.2270	0.2277	0.2273
0.2073	0.2073	0.2079	0.2073
0.1892	0.1890	0.1893	0.1892
0.1742	0.1729	0.1734	0.1742
0.1591	0.1595	0.1597	0.1591
0.1473	0.1473	0.1475	0.1473
0.1365	0.1363	0.1364	0.1365
0.1270	0.1263	0.1264	0.1270
0.1179	0.1182	0.1184	0.1179
0.1118	0.1117	0.1118	0.1118
0.1037	0.1035	0.1035	0.1037
0.0975	0.0979	0.0979	0.0975
0.0936	0.0936	0.0936	0.0936
0.0882	0.0886	0.0887	0.0882
0.0836	0.0836	0.0836	0.0836
0.0834	0.0836	0.0836	0.0834
0.0759	0.0757	0.0757	0.0759
0.0736	0.0736	0.0736	0.0736
0.0736	0.0736	0.0736	0.0736
0.0731	0.0734	0.0734	0.0731
0.0672	0.0666	0.0666	0.0672
0.0638	0.0638	0.0638	0.0638
0.0636	0.0636	0.0636	0.0636
0.0636	0.0636	0.0636	0.0636
0.0637	0.0635	0.0635	0.0637
0.0636	0.0636	0.0636	0.0636
0.0633	0.0636	0.0636	0.0633
0.0630	0.0632	0.0632	0.0630
0.0620	0.0619	0.0619	0.0620
0.0567	0.0573	0.0573	0.0567
0.0547	0.0545	0.0545	0.0547
0.0539	0.0544	0.0544	0.0539
0.0538	0.0538	0.0538	0.0538
0.0537	0.0537	0.0537	0.0537
0.0537	0.0536	0.0536	0.0537
0.0536	0.0537	0.0537	0.0536
0.0536	0.0536	0.0536	0.0536
0.0536	0.0536	0.0536	0.0536
0.0536	0.0536	0.0536	0.0536
0.0536	0.0536	0.0536	0.0536
0.0536	0.0536	0.0536	0.0536
0.0536	0.0536	0.0536	0.0536
0.0538	0.0534	0.0534	0.0538
0.0537	0.0535	0.0535	0.0537
0.0536	0.0536	0.0536	0.0536
0.0536	0.0536	0.0536	0.0536
0.0536	0.0536	0.0536	0.0536
0.0536	0.0536	0.0536	0.0536
0.0536	0.0537	0.0537	0.0536
0.0536	0.0536	0.0536	0.0536
0.0536	0.0536	0.0536	0.0536
0.0537	0.0535	0.0535	0.0537
0.0536	0.0536	0.0536	0.0536
0.0536	0.0536	0.0536	0.0536
0.0536	0.0536	0.0536	0.0536
0.0536	0.0536	0.0536	0.0536
0.0536	0.0536	0.0536	0.0536
0.0536	0.0536	0.0536	0.0536
0.0536	0.0536	0.0536	0.0536
0.0536	0.0536	0.0536	0.0536
0.0536	0.0536	0.0536	0.0536
0.0536	0.0536	0.0536	0.0536
0.0536	0.0536	0.0536	0.0536
0.0536	0.0536	0.0536	0.0536
0.0536	0.0536	0.0536	0.0536
0.0536	0.0536	0.0536	0.0536
0.0536	0.0536	0.0536	0.0536
0.0535	0.0537	0.0537	0.0535
0.0536	0.0536	0.0536	0.0536
0.0536	0.0536	0.0536	0.0536
0.0536	0.0536	0.0536	0.0536
0.0536	0.0536	0.0536	0.0536
0.0536	0.0536	0.0536	0.0536
0.0533	0.0539	0.0539	0.0533
0.0536	0.0536	0.0536	0.0536
0.0536	0.0536	0.0536	0.0536
0.0536	0.0536	0.0536	0.0536
0.0536	0.0536	0.0536	0.0536
0.0536	0.0536	0.0536	0.0536
0.0536	0.0536	0.0536	0.0536
0.0536	0.0536	0.0536	0.0536
0.0536	0.0536	0.0536	0.0536
