1.2183	1.2926	1.2926	1.3800
0.9927	1.0297	1.0297	1.0669
0.8750	0.9027	0.9027	0.9296
0.7812	0.8021	0.8021	0.8223
0.6995	0.7143	0.7143	0.7301
0.6259	0.6378	0.6378	0.6490
0.5607	0.5700	0.5700	0.5782
0.5033	0.5094	0.5094	0.5162
0.4519	0.4567	0.4567	0.4617
0.4056	0.4102	0.4102	0.4134
0.3657	0.3684	0.3684	0.3711
0.3296	0.3316	0.3316	0.3340
0.2980	0.2991	0.2991	0.3011
0.2698	0.2708	0.2708	0.2724
0.2443	0.2455	0.2455	0.2458
0.2226	0.2234	0.2234	0.2237
0.2042	0.2018	0.2018	0.2052
0.1865	0.1864	0.1864	0.1871
0.1700	0.1699	0.1699	0.1704
0.1571	0.1572	0.1572	0.1575
0.1455	0.1450	0.1450	0.1459
0.1340	0.1349	0.1349	0.1343
0.1246	0.1246	0.1246	0.1249
0.1161	0.1160	0.1160	0.1163
0.1096	0.1096	0.1096	0.1096
0.1034	0.1036	0.1036	0.1035
0.0955	0.0960	0.0960	0.0955
0.0936	0.0935	0.0935	0.0936
0.0863	0.0865	0.0865	0.0863
0.0836	0.0836	0.0836	0.0836
0.0829	0.0825	0.0825	0.0829
0.0740	0.0742	0.0742	0.0741
0.0736	0.0736	0.0736	0.0736
0.0736	0.0736	0.0736	0.0736
0.0723	0.0731	0.0731	0.0723
0.0661	0.0658	0.0658	0.0661
0.0637	0.0636	0.0636	0.0637
0.0636	0.0636	0.0636	0.0636
0.0636	0.0636	0.0636	0.0636
0.0635	0.0636	0.0636	0.0635
0.0636	0.0636	0.0636	0.0636
0.0635	0.0634	0.0634	0.0635
0.0632	0.0626	0.0626	0.0632
0.0606	0.0607	0.0607	0.0606
0.0555	0.0565	0.0565	0.0555
0.0549	0.0542	0.0542	0.0549
0.0541	0.0541	0.0541	0.0541
0.0537	0.0537	0.0537	0.0537
0.0536	0.0537	0.0537	0.0536
0.0536	0.0536	0.0536	0.0536
0.0536	0.0536	0.0536	0.0536
0.0536	0.0536	0.0536	0.0536
0.0536	0.0536	0.0536	0.0536
0.0536	0.0536	0.0536	0.0536
0.0536	0.0536	0.0536	0.0536
0.0536	0.0536	0.0536	0.0536
0.0537	0.0535	0.0535	0.0537
0.0536	0.0536	0.0536	0.0536
0.0536	0.0536	0.0536	0.0536
0.0536	0.0536	0.0536	0.0536
0.0536	0.0536	0.0536	0.0536
0.0536	0.0536	0.0536	0.0536
0.0536	0.0536	0.0536	0.0536
0.0535	0.0537	0.0537	0.0535
0.0536	0.0536	0.0536	0.0536
0.0536	0.0536	0.0536	0.0536
0.0536	0.0536	0.0536	0.0536
0.0536	0.0536	0.0536	0.0536
0.0536	0.0536	0.0536	0.0536
0.0536	0.0536	0.0536	0.0536
0.0538	0.0534	0.0534	0.0538
0.0536	0.0536	0.0536	0.0536
0.0535	0.0537	0.0537	0.0535
0.0536	0.0536	0.0536	0.0536
0.0536	0.0536	0.0536	0.0536
0.0536	0.0536	0.0536	0.0536
0.0537	0.0535	0.0535	0.0537
0.0536	0.0536	0.0536	0.0536
0.0536	0.0536	0.0536	0.0536
0.0536	0.0536	0.0536	0.0536
0.0536	0.0536	0.0536	0.0536
0.0536	0.0536	0.0536	0.0536
0.0536	0.0536	0.0536	0.0536
0.0536	0.0536	0.0536	0.0536
0.0536	0.0536	0.0536	0.0536
0.0536	0.0536	0.0536	0.0536
0.0535	0.0537	0.0537	0.0535
0.0536	0.0536	0.0536	0.0536
0.0536	0.0536	0.0536	0.0536
0.0536	0.0536	0.0536	0.0536
0.0537	0.0535	0.0535	0.0537
0.0536	0.0536	0.0536	0.0536
0.0536	0.0536	0.0536	0.0536
0.0536	0.0536	0.0536	0.0536
0.0536	0.0536	0.0536	0.0536
0.0536	0.0536	0.0536	0.0536
0.0537	0.0535	0.0535	0.0537
0.0536	0.0536	0.0536	0.0536
0.0536	0.0536	0.0536	0.0536
0.0536	0.0536	0.0536	0.0536
