2.3819	2.2293	2.2293	2.0988
1.8323	1.7676	1.7676	1.7025
1.5919	1.5445	1.5445	1.4961
1.4034	1.3674	1.3674	1.3314
1.2411	1.2142	1.2142	1.1871
1.0994	1.0790	1.0790	1.0587
0.9751	0.9600	0.9600	0.9445
0.8659	0.8545	0.8545	0.8428
0.7700	0.7617	0.7617	0.7524
0.6859	0.6789	0.6789	0.6726
0.6113	0.6065	0.6065	0.6016
0.5457	0.5421	0.5421	0.5381
0.4881	0.4852	0.4852	0.4827
0.4371	0.4348	0.4348	0.4327
0.3924	0.3907	0.3907	0.3891
0.3527	0.3513	0.3513	0.3503
0.3174	0.3170	0.3170	0.3160
0.2868	0.2865	0.2865	0.2856
0.2598	0.2593	0.2593	0.2588
0.2355	0.2354	0.2354	0.2350
0.2145	0.2142	0.2142	0.2139
0.1960	0.1956	0.1956	0.1953
0.1789	0.1788	0.1788	0.1787
0.1649	0.1645	0.1645	0.1647
0.1509	0.1511	0.1511	0.1508
0.1397	0.1399	0.1399	0.1394
0.1304	0.1302	0.1302	0.1304
0.1220	0.1217	0.1217	0.1220
0.1136	0.1136	0.1136	0.1136
0.1051	0.1052	0.1052	0.1051
0.1014	0.1014	0.1014	0.1013
0.0936	0.0937	0.0937	0.0936
0.0911	0.0924	0.0924	0.0911
0.0838	0.0835	0.0835	0.0838
0.0836	0.0836	0.0836	0.0836
0.0791	0.0790	0.0790	0.0791
0.0737	0.0735	0.0735	0.0737
0.0736	0.0736	0.0736	0.0736
0.0735	0.0735	0.0735	0.0735
0.0692	0.0707	0.0707	0.0691
0.0637	0.0639	0.0639	0.0637
0.0636	0.0636	0.0636	0.0636
0.0636	0.0636	0.0636	0.0636
0.0636	0.0636	0.0636	0.0636
0.0636	0.0636	0.0636	0.0636
0.0636	0.0636	0.0636	0.0636
0.0631	0.0632	0.0632	0.0631
0.0625	0.0621	0.0621	0.0625
0.0591	0.0586	0.0586	0.0591
0.0544	0.0552	0.0552	0.0544
0.0541	0.0540	0.0540	0.0541
0.0538	0.0538	0.0538	0.0538
0.0536	0.0538	0.0538	0.0536
0.0535	0.0538	0.0538	0.0535
0.0536	0.0536	0.0536	0.0536
0.0537	0.0535	0.0535	0.0537
0.0536	0.0536	0.0536	0.0536
0.0536	0.0536	0.0536	0.0536
0.0536	0.0536	0.0536	0.0536
0.0536	0.0536	0.0536	0.0536
0.0536	0.0536	0.0536	0.0536
0.0536	0.0536	0.0536	0.0536
0.0536	0.0536	0.0536	0.0536
0.0536	0.0536	0.0536	0.0536
0.0536	0.0536	0.0536	0.0536
0.0536	0.0536	0.0536	0.0536
0.0536	0.0536	0.0536	0.0536
0.0536	0.0536	0.0536	0.0536
0.0536	0.0536	0.0536	0.0536
0.0537	0.0535	0.0535	0.0537
0.0536	0.0536	0.0536	0.0536
0.0536	0.0536	0.0536	0.0536
0.0536	0.0536	0.0536	0.0536
0.0536	0.0536	0.0536	0.0536
0.0536	0.0536	0.0536	0.0536
0.0537	0.0535	0.0535	0.0537
0.0536	0.0536	0.0536	0.0536
0.0536	0.0536	0.0536	0.0536
0.0535	0.0537	0.0537	0.0535
0.0536	0.0536	0.0536	0.0536
0.0536	0.0536	0.0536	0.0536
0.0536	0.0536	0.0536	0.0536
0.0536	0.0536	0.0536	0.0536
0.0536	0.0536	0.0536	0.0536
0.0535	0.0537	0.0537	0.0535
0.0536	0.0536	0.0536	0.0536
0.0536	0.0536	0.0536	0.0536
0.0536	0.0536	0.0536	0.0536
0.0536	0.0536	0.0536	0.0536
0.0536	0.0536	0.0536	0.0536
0.0536	0.0536	0.0536	0.0536
0.0537	0.0535	0.0535	0.0537
0.0536	0.0536	0.0536	0.0536
0.0536	0.0536	0.0536	0.0536
0.0536	0.0536	0.0536	0.0536
0.0536	0.0536	0.0536	0.0536
0.0536	0.0536	0.0536	0.0536
0.0536	0.0536	0.0536	0.0536
0.0536	0.0536	0.0536	0.0536
0.0536	0.0536	0.0536	0.0536
