3.3289	3.2994	3.1207	3.0960
2.5884	2.5756	2.4938	2.4816
2.2509	2.2419	2.1814	2.1723
1.9850	1.9781	1.9329	1.9264
1.7559	1.7507	1.7168	1.7118
1.5549	1.5510	1.5254	1.5215
1.3782	1.3749	1.3559	1.3527
1.2222	1.2210	1.2058	1.2036
1.0856	1.0832	1.0725	1.0716
0.9644	0.9633	0.9552	0.9540
0.8576	0.8571	0.8507	0.8498
0.7633	0.7631	0.7585	0.7580
0.6808	0.6802	0.6770	0.6765
0.6076	0.6072	0.6048	0.6040
0.5429	0.5426	0.5409	0.5403
0.4862	0.4855	0.4844	0.4839
0.4355	0.4353	0.4341	0.4336
0.3910	0.3907	0.3900	0.3903
0.3514	0.3514	0.3505	0.3508
0.3170	0.3169	0.3167	0.3167
0.2860	0.2862	0.2858	0.2854
0.2591	0.2590	0.2588	0.2587
0.2351	0.2348	0.2346	0.2347
0.2142	0.2140	0.2138	0.2140
0.1960	0.1953	0.1950	0.1960
0.1789	0.1787	0.1787	0.1787
0.1646	0.1647	0.1646	0.1646
0.1511	0.1514	0.1513	0.1509
0.1397	0.1401	0.1401	0.1396
0.1301	0.1298	0.1298	0.1301
0.1215	0.1219	0.1219	0.1215
0.1136	0.1136	0.1136	0.1136
0.1052	0.1051	0.1050	0.1052
0.1011	0.1015	0.1015	0.1011
0.0936	0.0936	0.0936	0.0936
0.0915	0.0917	0.0916	0.0915
0.0838	0.0835	0.0835	0.0838
0.0836	0.0836	0.0836	0.0836
0.0788	0.0790	0.0790	0.0788
0.0736	0.0736	0.0736	0.0736
0.0736	0.0736	0.0736	0.0736
0.0735	0.0736	0.0736	0.0735
0.0701	0.0702	0.0701	0.0701
0.0641	0.0639	0.0639	0.0641
0.0636	0.0637	0.0637	0.0636
0.0636	0.0636	0.0636	0.0636
0.0636	0.0636	0.0636	0.0636
0.0636	0.0636	0.0636	0.0636
0.0637	0.0634	0.0634	0.0637
0.0633	0.0629	0.0629	0.0633
0.0622	0.0623	0.0623	0.0622
0.0597	0.0587	0.0587	0.0597
0.0552	0.0556	0.0556	0.0552
0.0547	0.0543	0.0543	0.0547
0.0540	0.0539	0.0539	0.0540
0.0537	0.0537	0.0537	0.0537
0.0536	0.0536	0.0536	0.0536
0.0536	0.0536	0.0536	0.0536
0.0536	0.0536	0.0536	0.0536
0.0536	0.0537	0.0537	0.0536
0.0536	0.0536	0.0536	0.0536
0.0535	0.0537	0.0537	0.0535
0.0537	0.0535	0.0535	0.0537
0.0536	0.0536	0.0536	0.0536
0.0536	0.0536	0.0536	0.0536
0.0536	0.0536	0.0536	0.0536
0.0536	0.0536	0.0536	0.0536
0.0536	0.0536	0.0536	0.0536
0.0536	0.0536	0.0536	0.0536
0.0574	0.0498	0.0498	0.0574
0.0536	0.0536	0.0536	0.0536
0.0536	0.0536	0.0536	0.0536
0.0536	0.0536	0.0536	0.0536
0.0536	0.0536	0.0536	0.0536
0.0536	0.0536	0.0536	0.0536
0.0536	0.0536	0.0536	0.0536
0.0536	0.0536	0.0536	0.0536
0.0536	0.0536	0.0536	0.0536
0.0536	0.0536	0.0536	0.0536
0.0536	0.0536	0.0536	0.0536
0.0536	0.0536	0.0536	0.0536
0.0537	0.0535	0.0535	0.0537
0.0536	0.0536	0.0536	0.0536
0.0533	0.0539	0.0539	0.0533
0.0536	0.0536	0.0536	0.0536
0.0536	0.0536	0.0536	0.0536
0.0536	0.0536	0.0536	0.0536
0.0536	0.0536	0.0536	0.0536
0.0536	0.0536	0.0536	0.0536
0.0536	0.0536	0.0536	0.0536
0.0536	0.0536	0.0536	0.0536
0.0536	0.0536	0.0536	0.0536
0.0535	0.0537	0.0537	0.0535
0.0536	0.0536	0.0536	0.0536
0.0536	0.0536	0.0536	0.0536
0.0536	0.0536	0.0536	0.0536
0.0536	0.0536	0.0536	0.0536
0.0536	0.0536	0.0536	0.0536
0.0535	0.0537	0.0537	0.0535
0.0536	0.0536	0.0536	0.0536
