3.4755	3.4837	3.5761	3.6064
2.7596	2.7685	2.8109	2.8194
2.4109	2.4175	2.4485	2.4552
2.1344	2.1394	2.1625	2.1679
1.8937	1.8971	1.9150	1.9189
1.6814	1.6839	1.6975	1.6999
1.4934	1.4953	1.5053	1.5077
1.3265	1.3284	1.3359	1.3373
1.1791	1.1806	1.1863	1.1872
1.0491	1.0500	1.0541	1.0551
0.9336	0.9344	0.9373	0.9382
0.8315	0.8321	0.8348	0.8354
0.7415	0.7416	0.7436	0.7438
0.6614	0.6620	0.6632	0.6637
0.5912	0.5914	0.5923	0.5924
0.5284	0.5286	0.5294	0.5300
0.4733	0.4735	0.4745	0.4743
0.4246	0.4246	0.4249	0.4252
0.3817	0.3817	0.3823	0.3821
0.3431	0.3438	0.3440	0.3435
0.3100	0.3097	0.3099	0.3102
0.2802	0.2802	0.2805	0.2804
0.2535	0.2537	0.2538	0.2535
0.2308	0.2308	0.2308	0.2310
0.2099	0.2099	0.2101	0.2099
0.1917	0.1915	0.1915	0.1917
0.1765	0.1764	0.1764	0.1766
0.1609	0.1608	0.1608	0.1609
0.1490	0.1492	0.1492	0.1490
0.1380	0.1377	0.1377	0.1380
0.1283	0.1280	0.1280	0.1283
0.1194	0.1198	0.1198	0.1194
0.1127	0.1126	0.1127	0.1127
0.1040	0.1038	0.1038	0.1040
0.0992	0.0994	0.0994	0.0992
0.0935	0.0937	0.0937	0.0935
0.0896	0.0892	0.0892	0.0896
0.0836	0.0836	0.0836	0.0836
0.0836	0.0836	0.0836	0.0836
0.0776	0.0766	0.0766	0.0776
0.0736	0.0737	0.0737	0.0736
0.0736	0.0736	0.0736	0.0736
0.0730	0.0736	0.0736	0.0730
0.0682	0.0680	0.0680	0.0682
0.0638	0.0637	0.0637	0.0638
0.0637	0.0636	0.0636	0.0637
0.0636	0.0636	0.0636	0.0636
0.0636	0.0636	0.0636	0.0636
0.0636	0.0636	0.0636	0.0636
0.0636	0.0636	0.0636	0.0636
0.0632	0.0632	0.0632	0.0632
0.0620	0.0616	0.0616	0.0620
0.0580	0.0575	0.0575	0.0580
0.0560	0.0545	0.0545	0.0560
0.0538	0.0545	0.0545	0.0538
0.0538	0.0538	0.0538	0.0538
0.0537	0.0536	0.0536	0.0537
0.0536	0.0536	0.0536	0.0536
0.0536	0.0536	0.0536	0.0536
0.0535	0.0537	0.0537	0.0535
0.0536	0.0536	0.0536	0.0536
0.0535	0.0537	0.0537	0.0535
0.0536	0.0536	0.0536	0.0536
0.0536	0.0536	0.0536	0.0536
0.0536	0.0536	0.0536	0.0536
0.0536	0.0536	0.0536	0.0536
0.0536	0.0536	0.0536	0.0536
0.0536	0.0536	0.0536	0.0536
0.0536	0.0536	0.0536	0.0536
0.0536	0.0536	0.0536	0.0536
0.0537	0.0536	0.0536	0.0537
0.0536	0.0536	0.0536	0.0536
0.0536	0.0536	0.0536	0.0536
0.0536	0.0536	0.0536	0.0536
0.0536	0.0536	0.0536	0.0536
0.0536	0.0536	0.0536	0.0536
0.0536	0.0536	0.0536	0.0536
0.0536	0.0536	0.0536	0.0536
0.0536	0.0536	0.0536	0.0536
0.0536	0.0536	0.0536	0.0536
0.0536	0.0536	0.0536	0.0536
0.0536	0.0536	0.0536	0.0536
0.0536	0.0536	0.0536	0.0536
0.0536	0.0536	0.0536	0.0536
0.0537	0.0535	0.0535	0.0537
0.0536	0.0536	0.0536	0.0536
0.0536	0.0536	0.0536	0.0536
0.0536	0.0536	0.0536	0.0536
0.0536	0.0536	0.0536	0.0536
0.0536	0.0536	0.0536	0.0536
0.0536	0.0536	0.0536	0.0536
0.0536	0.0536	0.0536	0.0536
0.0535	0.0537	0.0537	0.0535
0.0537	0.0535	0.0535	0.0537
0.0536	0.0536	0.0536	0.0536
0.0536	0.0536	0.0536	0.0536
0.0536	0.0536	0.0536	0.0536
0.0537	0.0535	0.0535	0.0537
0.0536	0.0536	0.0536	0.0536
0.0536	0.0536	0.0536	0.0536
