3.6967	3.5644	3.7363	3.6140
2.9005	2.8426	2.9210	2.8627
2.5271	2.4846	2.5420	2.4996
2.2321	2.1998	2.2431	2.2111
1.9763	1.9521	1.9846	1.9607
1.7513	1.7340	1.7580	1.7400
1.5536	1.5396	1.5581	1.5445
1.3786	1.3685	1.3820	1.3715
1.2240	1.2164	1.2268	1.2191
1.0878	1.0816	1.0892	1.0834
0.9673	0.9631	0.9684	0.9641
0.8608	0.8571	0.8617	0.8584
0.7665	0.7640	0.7677	0.7650
0.6836	0.6815	0.6842	0.6825
0.6103	0.6091	0.6112	0.6092
0.5454	0.5444	0.5459	0.5449
0.4884	0.4875	0.4885	0.4878
0.4372	0.4369	0.4378	0.4369
0.3931	0.3925	0.3930	0.3927
0.3539	0.3529	0.3532	0.3536
0.3188	0.3183	0.3186	0.3187
0.2879	0.2874	0.2876	0.2878
0.2610	0.2608	0.2610	0.2608
0.2361	0.2361	0.2362	0.2361
0.2152	0.2153	0.2154	0.2152
0.1972	0.1964	0.1966	0.1971
0.1792	0.1794	0.1796	0.1792
0.1656	0.1655	0.1655	0.1655
0.1514	0.1518	0.1519	0.1514
0.1405	0.1405	0.1405	0.1404
0.1307	0.1306	0.1307	0.1307
0.1223	0.1219	0.1219	0.1222
0.1136	0.1136	0.1136	0.1136
0.1053	0.1059	0.1059	0.1053
0.1022	0.1017	0.1017	0.1022
0.0936	0.0937	0.0937	0.0936
0.0919	0.0922	0.0922	0.0919
0.0836	0.0838	0.0838	0.0836
0.0836	0.0836	0.0836	0.0836
0.0794	0.0800	0.0800	0.0794
0.0737	0.0738	0.0738	0.0737
0.0736	0.0736	0.0736	0.0736
0.0736	0.0736	0.0736	0.0736
0.0711	0.0700	0.0700	0.0711
0.0641	0.0639	0.0639	0.0641
0.0636	0.0636	0.0636	0.0636
0.0636	0.0636	0.0636	0.0636
0.0636	0.0636	0.0636	0.0636
0.0636	0.0636	0.0636	0.0636
0.0636	0.0635	0.0635	0.0636
0.0631	0.0636	0.0636	0.0631
0.0622	0.0620	0.0620	0.0622
0.0598	0.0589	0.0589	0.0598
0.0557	0.0555	0.0555	0.0557
0.0541	0.0541	0.0541	0.0541
0.0540	0.0539	0.0539	0.0540
0.0538	0.0535	0.0535	0.0538
0.0536	0.0536	0.0536	0.0536
0.0536	0.0536	0.0536	0.0536
0.0536	0.0536	0.0536	0.0536
0.0536	0.0537	0.0537	0.0536
0.0538	0.0535	0.0535	0.0538
0.0536	0.0536	0.0536	0.0536
0.0536	0.0536	0.0536	0.0536
0.0536	0.0536	0.0536	0.0536
0.0536	0.0536	0.0536	0.0536
0.0536	0.0536	0.0536	0.0536
0.0536	0.0536	0.0536	0.0536
0.0536	0.0536	0.0536	0.0536
0.0536	0.0536	0.0536	0.0536
0.0536	0.0536	0.0536	0.0536
0.0536	0.0536	0.0536	0.0536
0.0536	0.0536	0.0536	0.0536
0.0536	0.0536	0.0536	0.0536
0.0536	0.0536	0.0536	0.0536
0.0536	0.0536	0.0536	0.0536
0.0537	0.0535	0.0535	0.0537
0.0536	0.0536	0.0536	0.0536
0.0536	0.0536	0.0536	0.0536
0.0536	0.0536	0.0536	0.0536
0.0536	0.0536	0.0536	0.0536
0.0536	0.0536	0.0536	0.0536
0.0536	0.0536	0.0536	0.0536
0.0536	0.0536	0.0536	0.0536
0.0536	0.0536	0.0536	0.0536
0.0536	0.0536	0.0536	0.0536
0.0536	0.0536	0.0536	0.0536
0.0536	0.0536	0.0536	0.0536
0.0536	0.0536	0.0536	0.0536
0.0536	0.0536	0.0536	0.0536
0.0536	0.0536	0.0536	0.0536
0.0536	0.0536	0.0536	0.0536
0.0536	0.0536	0.0536	0.0536
0.0536	0.0536	0.0536	0.0536
0.0537	0.0535	0.0535	0.0537
0.0536	0.0536	0.0536	0.0536
0.0536	0.0536	0.0536	0.0536
0.0536	0.0536	0.0536	0.0536
0.0536	0.0536	0.0536	0.0536
0.0537	0.0535	0.0535	0.0537
