2.0916	1.9696	2.2354	2.0916
1.6592	1.5985	1.7203	1.6592
1.4500	1.4055	1.4945	1.4500
1.2846	1.2507	1.3182	1.2846
1.1408	1.1156	1.1660	1.1408
1.0146	0.9956	1.0334	1.0146
0.9029	0.8886	0.9170	0.9029
0.8037	0.7931	0.8149	0.8037
0.7165	0.7088	0.7247	0.7165
0.6395	0.6337	0.6459	0.6395
0.5717	0.5666	0.5759	0.5717
0.5110	0.5076	0.5148	0.5110
0.4581	0.4554	0.4606	0.4581
0.4116	0.4090	0.4132	0.4116
0.3696	0.3680	0.3714	0.3696
0.3323	0.3315	0.3340	0.3323
0.3002	0.2994	0.3010	0.3002
0.2718	0.2713	0.2723	0.2718
0.2459	0.2454	0.2463	0.2459
0.2235	0.2238	0.2244	0.2235
0.2036	0.2039	0.2045	0.2036
0.1872	0.1868	0.1873	0.1872
0.1704	0.1701	0.1702	0.1704
0.1577	0.1576	0.1577	0.1577
0.1453	0.1459	0.1460	0.1453
0.1346	0.1345	0.1347	0.1346
0.1251	0.1243	0.1245	0.1251
0.1167	0.1162	0.1163	0.1167
0.1100	0.1096	0.1099	0.1100
0.1035	0.1037	0.1037	0.1035
0.0962	0.0967	0.0968	0.0962
0.0937	0.0935	0.0935	0.0937
0.0868	0.0864	0.0864	0.0868
0.0836	0.0836	0.0836	0.0836
0.0829	0.0826	0.0826	0.0829
0.0740	0.0743	0.0743	0.0740
0.0736	0.0736	0.0736	0.0736
0.0736	0.0736	0.0736	0.0736
0.0733	0.0732	0.0732	0.0733
0.0661	0.0662	0.0662	0.0661
0.0637	0.0636	0.0636	0.0637
0.0636	0.0636	0.0636	0.0636
0.0636	0.0636	0.0636	0.0636
0.0635	0.0636	0.0636	0.0635
0.0636	0.0636	0.0636	0.0636
0.0636	0.0635	0.0635	0.0636
0.0629	0.0630	0.0630	0.0629
0.0612	0.0617	0.0617	0.0612
0.0565	0.0562	0.0562	0.0565
0.0548	0.0546	0.0546	0.0548
0.0540	0.0542	0.0542	0.0540
0.0536	0.0538	0.0538	0.0536
0.0536	0.0536	0.0536	0.0536
0.0538	0.0535	0.0535	0.0538
0.0536	0.0536	0.0536	0.0536
0.0536	0.0536	0.0536	0.0536
0.0536	0.0536	0.0536	0.0536
0.0536	0.0536	0.0536	0.0536
0.0536	0.0536	0.0536	0.0536
0.0536	0.0536	0.0536	0.0536
0.0536	0.0536	0.0536	0.0536
0.0536	0.0536	0.0536	0.0536
0.0536	0.0536	0.0536	0.0536
0.0536	0.0536	0.0536	0.0536
0.0535	0.0537	0.0537	0.0535
0.0536	0.0536	0.0536	0.0536
0.0536	0.0536	0.0536	0.0536
0.0536	0.0536	0.0536	0.0536
0.0536	0.0536	0.0536	0.0536
0.0536	0.0536	0.0536	0.0536
0.0536	0.0536	0.0536	0.0536
0.0536	0.0536	0.0536	0.0536
0.0536	0.0536	0.0536	0.0536
0.0536	0.0536	0.0536	0.0536
0.0536	0.0536	0.0536	0.0536
0.0536	0.0536	0.0536	0.0536
0.0536	0.0536	0.0536	0.0536
0.0536	0.0536	0.0536	0.0536
0.0535	0.0537	0.0537	0.0535
0.0536	0.0536	0.0536	0.0536
0.0536	0.0536	0.0536	0.0536
0.0536	0.0536	0.0536	0.0536
0.0536	0.0536	0.0536	0.0536
0.0536	0.0536	0.0536	0.0536
0.0536	0.0536	0.0536	0.0536
0.0537	0.0535	0.0535	0.0537
0.0537	0.0536	0.0536	0.0537
0.0536	0.0536	0.0536	0.0536
0.0513	0.0559	0.0559	0.0513
0.0536	0.0536	0.0536	0.0536
0.0537	0.0535	0.0535	0.0537
0.0536	0.0536	0.0536	0.0536
0.0536	0.0536	0.0536	0.0536
0.0537	0.0535	0.0535	0.0537
0.0537	0.0535	0.0535	0.0537
0.0536	0.0536	0.0536	0.0536
0.0533	0.0539	0.0539	0.0533
0.0535	0.0537	0.0537	0.0535
0.0536	0.0536	0.0536	0.0536
0.0536	0.0536	0.0536	0.0536
