2.5367	2.5941	2.5941	2.6789
2.0231	2.0554	2.0554	2.0883
1.7706	1.7943	1.7943	1.8184
1.5702	1.5880	1.5880	1.6060
1.3956	1.4093	1.4093	1.4226
1.2411	1.2514	1.2514	1.2615
1.1044	1.1120	1.1120	1.1198
0.9836	0.9890	0.9890	0.9951
0.8758	0.8802	0.8802	0.8847
0.7811	0.7843	0.7843	0.7873
0.6966	0.6988	0.6988	0.7016
0.6224	0.6240	0.6240	0.6261
0.5565	0.5577	0.5577	0.5593
0.4982	0.4991	0.4991	0.4997
0.4466	0.4471	0.4471	0.4477
0.4011	0.4017	0.4017	0.4022
0.3604	0.3611	0.3611	0.3614
0.3255	0.3256	0.3256	0.3261
0.2936	0.2938	0.2938	0.2941
0.2652	0.2655	0.2655	0.2656
0.2412	0.2415	0.2415	0.2414
0.2196	0.2192	0.2192	0.2196
0.1998	0.1998	0.1998	0.1999
0.1827	0.1833	0.1833	0.1828
0.1681	0.1680	0.1680	0.1681
0.1554	0.1551	0.1551	0.1554
0.1427	0.1424	0.1424	0.1428
0.1327	0.1328	0.1328	0.1327
0.1237	0.1236	0.1236	0.1237
0.1141	0.1146	0.1146	0.1141
0.1076	0.1079	0.1079	0.1077
0.1033	0.1034	0.1034	0.1034
0.0946	0.0943	0.0943	0.0946
0.0933	0.0936	0.0936	0.0933
0.0843	0.0846	0.0846	0.0843
0.0836	0.0836	0.0836	0.0836
0.0813	0.0817	0.0817	0.0813
0.0737	0.0741	0.0741	0.0737
0.0736	0.0736	0.0736	0.0736
0.0736	0.0736	0.0736	0.0736
0.0722	0.0723	0.0723	0.0722
0.0654	0.0646	0.0646	0.0654
0.0636	0.0636	0.0636	0.0636
0.0636	0.0636	0.0636	0.0636
0.0636	0.0636	0.0636	0.0636
0.0636	0.0636	0.0636	0.0636
0.0636	0.0636	0.0636	0.0636
0.0632	0.0635	0.0635	0.0632
0.0627	0.0628	0.0628	0.0627
0.0601	0.0598	0.0598	0.0601
0.0560	0.0562	0.0562	0.0560
0.0540	0.0542	0.0542	0.0540
0.0538	0.0540	0.0540	0.0538
0.0537	0.0536	0.0536	0.0537
0.0536	0.0536	0.0536	0.0536
0.0536	0.0536	0.0536	0.0536
0.0536	0.0536	0.0536	0.0536
0.0536	0.0536	0.0536	0.0536
0.0536	0.0536	0.0536	0.0536
0.0536	0.0536	0.0536	0.0536
0.0536	0.0536	0.0536	0.0536
0.0536	0.0536	0.0536	0.0536
0.0536	0.0536	0.0536	0.0536
0.0536	0.0536	0.0536	0.0536
0.0536	0.0536	0.0536	0.0536
0.0538	0.0534	0.0534	0.0538
0.0536	0.0536	0.0536	0.0536
0.0536	0.0536	0.0536	0.0536
0.0536	0.0536	0.0536	0.0536
0.0536	0.0536	0.0536	0.0536
0.0536	0.0536	0.0536	0.0536
0.0537	0.0536	0.0536	0.0537
0.0536	0.0536	0.0536	0.0536
0.0536	0.0536	0.0536	0.0536
0.0536	0.0536	0.0536	0.0536
0.0536	0.0536	0.0536	0.0536
0.0537	0.0535	0.0535	0.0537
0.0536	0.0536	0.0536	0.0536
0.0536	0.0536	0.0536	0.0536
0.0536	0.0536	0.0536	0.0536
0.0536	0.0536	0.0536	0.0536
0.0536	0.0536	0.0536	0.0536
0.0536	0.0536	0.0536	0.0536
0.0536	0.0536	0.0536	0.0536
0.0536	0.0536	0.0536	0.0536
0.0536	0.0536	0.0536	0.0536
0.0536	0.0536	0.0536	0.0536
0.0536	0.0536	0.0536	0.0536
0.0536	0.0536	0.0536	0.0536
0.0536	0.0536	0.0536	0.0536
0.0536	0.0536	0.0536	0.0536
0.0536	0.0536	0.0536	0.0536
0.0536	0.0536	0.0536	0.0536
0.0536	0.0536	0.0536	0.0536
0.0536	0.0536	0.0536	0.0536
0.0537	0.0535	0.0535	0.0537
0.0536	0.0536	0.0536	0.0536
0.0536	0.0536	0.0536	0.0536
0.0536	0.0536	0.0536	0.0536
0.0536	0.0536	0.0536	0.0536
