2.0043	2.1364	1.9853	2.1141
1.6046	1.6648	1.5958	1.6555
1.4062	1.4503	1.3997	1.4432
1.2482	1.2815	1.2431	1.2758
1.1109	1.1354	1.1067	1.1316
0.9889	1.0081	0.9866	1.0052
0.8811	0.8952	0.8792	0.8931
0.7862	0.7963	0.7843	0.7947
0.7017	0.7091	0.6997	0.7079
0.6264	0.6323	0.6255	0.6314
0.5602	0.5649	0.5597	0.5640
0.5012	0.5051	0.5008	0.5045
0.4494	0.4523	0.4495	0.4518
0.4037	0.4054	0.4033	0.4052
0.3630	0.3647	0.3631	0.3638
0.3276	0.3280	0.3272	0.3278
0.2955	0.2962	0.2950	0.2963
0.2669	0.2681	0.2674	0.2672
0.2427	0.2432	0.2429	0.2429
0.2205	0.2211	0.2206	0.2210
0.2008	0.2013	0.2010	0.2010
0.1840	0.1846	0.1844	0.1841
0.1687	0.1689	0.1687	0.1688
0.1561	0.1559	0.1557	0.1561
0.1437	0.1438	0.1437	0.1438
0.1335	0.1334	0.1334	0.1336
0.1237	0.1237	0.1237	0.1237
0.1153	0.1148	0.1148	0.1153
0.1084	0.1085	0.1085	0.1085
0.1033	0.1035	0.1035	0.1033
0.0947	0.0948	0.0948	0.0947
0.0932	0.0937	0.0937	0.0932
0.0853	0.0847	0.0847	0.0854
0.0836	0.0836	0.0836	0.0836
0.0819	0.0819	0.0819	0.0819
0.0741	0.0739	0.0739	0.0741
0.0736	0.0736	0.0736	0.0736
0.0736	0.0736	0.0736	0.0736
0.0724	0.0718	0.0718	0.0724
0.0649	0.0650	0.0650	0.0649
0.0637	0.0637	0.0637	0.0637
0.0636	0.0636	0.0636	0.0636
0.0636	0.0636	0.0636	0.0636
0.0636	0.0636	0.0636	0.0636
0.0636	0.0636	0.0636	0.0636
0.0636	0.0632	0.0632	0.0636
0.0632	0.0629	0.0629	0.0632
0.0600	0.0613	0.0613	0.0600
0.0558	0.0560	0.0560	0.0558
0.0548	0.0552	0.0552	0.0548
0.0543	0.0539	0.0539	0.0543
0.0538	0.0538	0.0538	0.0538
0.0536	0.0536	0.0536	0.0536
0.0536	0.0536	0.0536	0.0536
0.0536	0.0536	0.0536	0.0536
0.0536	0.0536	0.0536	0.0536
0.0536	0.0536	0.0536	0.0536
0.0536	0.0536	0.0536	0.0536
0.0536	0.0536	0.0536	0.0536
0.0536	0.0536	0.0536	0.0536
0.0536	0.0536	0.0536	0.0536
0.0537	0.0535	0.0535	0.0537
0.0535	0.0537	0.0537	0.0535
0.0536	0.0536	0.0536	0.0536
0.0536	0.0536	0.0536	0.0536
0.0536	0.0536	0.0536	0.0536
0.0536	0.0536	0.0536	0.0536
0.0536	0.0536	0.0536	0.0536
0.0536	0.0536	0.0536	0.0536
0.0536	0.0536	0.0536	0.0536
0.0537	0.0536	0.0536	0.0537
0.0536	0.0536	0.0536	0.0536
0.0535	0.0537	0.0537	0.0535
0.0536	0.0536	0.0536	0.0536
0.0536	0.0536	0.0536	0.0536
0.0536	0.0536	0.0536	0.0536
0.0536	0.0536	0.0536	0.0536
0.0536	0.0536	0.0536	0.0536
0.0537	0.0535	0.0535	0.0537
0.0536	0.0536	0.0536	0.0536
0.0536	0.0536	0.0536	0.0536
0.0536	0.0536	0.0536	0.0536
0.0536	0.0536	0.0536	0.0536
0.0536	0.0536	0.0536	0.0536
0.0535	0.0537	0.0537	0.0535
0.0536	0.0536	0.0536	0.0536
0.0535	0.0537	0.0537	0.0535
0.0536	0.0536	0.0536	0.0536
0.0536	0.0536	0.0536	0.0536
0.0536	0.0536	0.0536	0.0536
0.0536	0.0536	0.0536	0.0536
0.0536	0.0536	0.0536	0.0536
0.0536	0.0536	0.0536	0.0536
0.0536	0.0536	0.0536	0.0536
0.0536	0.0536	0.0536	0.0536
0.0536	0.0536	0.0536	0.0536
0.0536	0.0536	0.0536	0.0536
0.0537	0.0535	0.0535	0.0537
0.0536	0.0536	0.0536	0.0536
0.0536	0.0536	0.0536	0.0536
