5.4690	5.4380	5.3459	5.3160
4.2837	4.2700	4.2274	4.2138
3.7274	3.7174	3.6868	3.6757
3.2884	3.2810	3.2577	3.2498
2.9089	2.9031	2.8857	2.8796
2.5741	2.5702	2.5571	2.5530
2.2801	2.2763	2.2668	2.2638
2.0198	2.0179	2.0101	2.0077
1.7905	1.7889	1.7832	1.7812
1.5878	1.5868	1.5822	1.5812
1.4092	1.4081	1.4048	1.4039
1.2511	1.2504	1.2482	1.2470
1.1115	1.1112	1.1094	1.1081
0.9885	0.9877	0.9867	0.9860
0.8792	0.8794	0.8783	0.8777
0.7835	0.7830	0.7823	0.7823
0.6984	0.6983	0.6980	0.6974
0.6234	0.6236	0.6230	0.6225
0.5570	0.5568	0.5565	0.5565
0.4987	0.4983	0.4982	0.4983
0.4468	0.4464	0.4462	0.4465
0.4005	0.4017	0.4016	0.4005
0.3607	0.3606	0.3605	0.3604
0.3253	0.3249	0.3249	0.3251
0.2935	0.2935	0.2935	0.2933
0.2651	0.2653	0.2652	0.2651
0.2411	0.2410	0.2410	0.2411
0.2191	0.2191	0.2191	0.2191
0.1995	0.1997	0.1997	0.1994
0.1828	0.1826	0.1826	0.1828
0.1679	0.1680	0.1680	0.1679
0.1550	0.1552	0.1552	0.1550
0.1425	0.1427	0.1427	0.1425
0.1328	0.1321	0.1321	0.1328
0.1236	0.1235	0.1235	0.1236
0.1141	0.1144	0.1144	0.1141
0.1076	0.1075	0.1075	0.1076
0.1036	0.1032	0.1032	0.1036
0.0938	0.0943	0.0943	0.0938
0.0937	0.0929	0.0929	0.0937
0.0847	0.0845	0.0845	0.0847
0.0836	0.0836	0.0836	0.0836
0.0815	0.0807	0.0807	0.0815
0.0738	0.0738	0.0738	0.0738
0.0736	0.0736	0.0736	0.0736
0.0736	0.0736	0.0736	0.0736
0.0715	0.0721	0.0721	0.0715
0.0647	0.0650	0.0650	0.0647
0.0637	0.0636	0.0636	0.0637
0.0636	0.0636	0.0636	0.0636
0.0636	0.0636	0.0636	0.0636
0.0636	0.0636	0.0636	0.0636
0.0636	0.0636	0.0636	0.0636
0.0636	0.0632	0.0632	0.0636
0.0627	0.0625	0.0625	0.0627
0.0603	0.0599	0.0599	0.0603
0.0552	0.0562	0.0562	0.0552
0.0544	0.0546	0.0546	0.0544
0.0538	0.0540	0.0540	0.0538
0.0536	0.0537	0.0537	0.0536
0.0536	0.0536	0.0536	0.0536
0.0536	0.0536	0.0536	0.0536
0.0536	0.0536	0.0536	0.0536
0.0536	0.0536	0.0536	0.0536
0.0536	0.0536	0.0536	0.0536
0.0536	0.0536	0.0536	0.0536
0.0537	0.0535	0.0535	0.0537
0.0536	0.0536	0.0536	0.0536
0.0536	0.0536	0.0536	0.0536
0.0537	0.0536	0.0536	0.0537
0.0537	0.0535	0.0535	0.0537
0.0536	0.0536	0.0536	0.0536
0.0527	0.0545	0.0545	0.0527
0.0536	0.0536	0.0536	0.0536
0.0536	0.0536	0.0536	0.0536
0.0536	0.0536	0.0536	0.0536
0.0536	0.0536	0.0536	0.0536
0.0536	0.0536	0.0536	0.0536
0.0536	0.0536	0.0536	0.0536
0.0536	0.0536	0.0536	0.0536
0.0536	0.0536	0.0536	0.0536
0.0536	0.0536	0.0536	0.0536
0.0536	0.0536	0.0536	0.0536
0.0536	0.0536	0.0536	0.0536
0.0536	0.0536	0.0536	0.0536
0.0536	0.0536	0.0536	0.0536
0.0535	0.0537	0.0537	0.0535
0.0536	0.0536	0.0536	0.0536
0.0536	0.0536	0.0536	0.0536
0.0539	0.0533	0.0533	0.0539
0.0536	0.0536	0.0536	0.0536
0.0536	0.0536	0.0536	0.0536
0.0536	0.0536	0.0536	0.0536
0.0536	0.0536	0.0536	0.0536
0.0536	0.0536	0.0536	0.0536
0.0536	0.0536	0.0536	0.0536
0.0536	0.0536	0.0536	0.0536
0.0535	0.0537	0.0537	0.0535
0.0536	0.0536	0.0536	0.0536
0.0536	0.0536	0.0536	0.0536
