2.1953	2.1347	2.1347	2.0968
1.7163	1.6933	1.6933	1.6706
1.4965	1.4795	1.4795	1.4630
1.3230	1.3108	1.3108	1.2981
1.1734	1.1638	1.1638	1.1546
1.0417	1.0347	1.0347	1.0279
0.9260	0.9205	0.9205	0.9153
0.8240	0.8196	0.8196	0.8160
0.7336	0.7307	0.7307	0.7279
0.6546	0.6517	0.6517	0.6497
0.5838	0.5824	0.5824	0.5811
0.5222	0.5207	0.5207	0.5197
0.4675	0.4663	0.4663	0.4658
0.4194	0.4187	0.4187	0.4180
0.3762	0.3763	0.3763	0.3754
0.3389	0.3387	0.3387	0.3382
0.3058	0.3054	0.3054	0.3052
0.2759	0.2761	0.2761	0.2756
0.2508	0.2506	0.2506	0.2505
0.2273	0.2271	0.2271	0.2272
0.2074	0.2072	0.2072	0.2073
0.1891	0.1893	0.1893	0.1891
0.1739	0.1737	0.1737	0.1738
0.1594	0.1595	0.1595	0.1594
0.1476	0.1475	0.1475	0.1475
0.1362	0.1364	0.1364	0.1361
0.1267	0.1263	0.1263	0.1267
0.1181	0.1181	0.1181	0.1181
0.1110	0.1122	0.1122	0.1109
0.1035	0.1037	0.1037	0.1034
0.0980	0.0975	0.0975	0.0980
0.0936	0.0936	0.0936	0.0936
0.0884	0.0885	0.0885	0.0884
0.0835	0.0837	0.0837	0.0835
0.0834	0.0834	0.0834	0.0834
0.0759	0.0761	0.0761	0.0759
0.0736	0.0736	0.0736	0.0736
0.0736	0.0736	0.0736	0.0736
0.0729	0.0730	0.0730	0.0729
0.0672	0.0670	0.0670	0.0672
0.0637	0.0636	0.0636	0.0637
0.0636	0.0636	0.0636	0.0636
0.0636	0.0636	0.0636	0.0636
0.0636	0.0636	0.0636	0.0636
0.0636	0.0636	0.0636	0.0636
0.0635	0.0633	0.0633	0.0635
0.0630	0.0626	0.0626	0.0630
0.0617	0.0617	0.0617	0.0617
0.0574	0.0569	0.0569	0.0574
0.0550	0.0548	0.0548	0.0550
0.0540	0.0544	0.0544	0.0540
0.0537	0.0537	0.0537	0.0537
0.0537	0.0536	0.0536	0.0537
0.0536	0.0537	0.0537	0.0536
0.0536	0.0536	0.0536	0.0536
0.0536	0.0537	0.0537	0.0536
0.0536	0.0536	0.0536	0.0536
0.0536	0.0536	0.0536	0.0536
0.0536	0.0536	0.0536	0.0536
0.0536	0.0536	0.0536	0.0536
0.0536	0.0536	0.0536	0.0536
0.0536	0.0536	0.0536	0.0536
0.0536	0.0536	0.0536	0.0536
0.0536	0.0536	0.0536	0.0536
0.0536	0.0536	0.0536	0.0536
0.0536	0.0536	0.0536	0.0536
0.0536	0.0536	0.0536	0.0536
0.0536	0.0536	0.0536	0.0536
0.0536	0.0536	0.0536	0.0536
0.0536	0.0536	0.0536	0.0536
0.0537	0.0535	0.0535	0.0537
0.0536	0.0536	0.0536	0.0536
0.0534	0.0538	0.0538	0.0534
0.0535	0.0537	0.0537	0.0535
0.0536	0.0536	0.0536	0.0536
0.0536	0.0536	0.0536	0.0536
0.0536	0.0536	0.0536	0.0536
0.0536	0.0536	0.0536	0.0536
0.0536	0.0536	0.0536	0.0536
0.0536	0.0536	0.0536	0.0536
0.0536	0.0536	0.0536	0.0536
0.0536	0.0536	0.0536	0.0536
0.0536	0.0536	0.0536	0.0536
0.0536	0.0536	0.0536	0.0536
0.0536	0.0536	0.0536	0.0536
0.0536	0.0536	0.0536	0.0536
0.0536	0.0536	0.0536	0.0536
0.0535	0.0537	0.0537	0.0535
0.0536	0.0536	0.0536	0.0536
0.0536	0.0536	0.0536	0.0536
0.0533	0.0539	0.0539	0.0533
0.0536	0.0536	0.0536	0.0536
0.0536	0.0536	0.0536	0.0536
0.0536	0.0536	0.0536	0.0536
0.0536	0.0536	0.0536	0.0536
0.0536	0.0536	0.0536	0.0536
0.0536	0.0536	0.0536	0.0536
0.0536	0.0536	0.0536	0.0536
0.0536	0.0536	0.0536	0.0536
0.0536	0.0536	0.0536	0.0536
