3.2051	3.0076	3.2373	3.0361
2.5036	2.4122	2.5170	2.4260
2.1788	2.1118	2.1889	2.1217
1.9235	1.8724	1.9308	1.8805
1.7024	1.6642	1.7080	1.6699
1.5084	1.4802	1.5126	1.4845
1.3376	1.3160	1.3410	1.3192
1.1873	1.1710	1.1893	1.1733
1.0542	1.0420	1.0558	1.0441
0.9373	0.9283	0.9391	0.9297
0.8341	0.8271	0.8353	0.8281
0.7431	0.7373	0.7433	0.7386
0.6624	0.6582	0.6631	0.6592
0.5920	0.5889	0.5917	0.5889
0.5287	0.5270	0.5291	0.5271
0.4735	0.4714	0.4735	0.4722
0.4245	0.4231	0.4245	0.4235
0.3812	0.3805	0.3815	0.3805
0.3432	0.3425	0.3435	0.3426
0.3093	0.3089	0.3097	0.3090
0.2798	0.2794	0.2795	0.2795
0.2534	0.2530	0.2535	0.2528
0.2306	0.2298	0.2300	0.2305
0.2092	0.2093	0.2093	0.2092
0.1910	0.1908	0.1910	0.1910
0.1764	0.1756	0.1757	0.1763
0.1606	0.1603	0.1604	0.1605
0.1485	0.1485	0.1486	0.1485
0.1378	0.1374	0.1375	0.1378
0.1278	0.1276	0.1276	0.1278
0.1195	0.1194	0.1194	0.1195
0.1125	0.1128	0.1128	0.1124
0.1035	0.1038	0.1038	0.1035
0.0993	0.0993	0.0993	0.0993
0.0936	0.0936	0.0936	0.0936
0.0890	0.0897	0.0898	0.0890
0.0836	0.0836	0.0836	0.0836
0.0835	0.0836	0.0836	0.0835
0.0763	0.0770	0.0770	0.0763
0.0736	0.0736	0.0736	0.0736
0.0736	0.0736	0.0736	0.0736
0.0732	0.0734	0.0734	0.0732
0.0681	0.0679	0.0679	0.0681
0.0638	0.0638	0.0638	0.0638
0.0636	0.0636	0.0636	0.0636
0.0636	0.0636	0.0636	0.0636
0.0636	0.0636	0.0636	0.0636
0.0636	0.0636	0.0636	0.0636
0.0633	0.0636	0.0636	0.0633
0.0634	0.0630	0.0630	0.0634
0.0614	0.0619	0.0619	0.0614
0.0575	0.0577	0.0577	0.0575
0.0545	0.0543	0.0543	0.0545
0.0541	0.0541	0.0541	0.0541
0.0536	0.0536	0.0536	0.0536
0.0536	0.0536	0.0536	0.0536
0.0537	0.0536	0.0536	0.0537
0.0536	0.0536	0.0536	0.0536
0.0536	0.0536	0.0536	0.0536
0.0536	0.0536	0.0536	0.0536
0.0536	0.0536	0.0536	0.0536
0.0536	0.0536	0.0536	0.0536
0.0537	0.0535	0.0535	0.0537
0.0536	0.0537	0.0537	0.0536
0.0534	0.0538	0.0538	0.0534
0.0536	0.0536	0.0536	0.0536
0.0536	0.0536	0.0536	0.0536
0.0536	0.0536	0.0536	0.0536
0.0536	0.0536	0.0536	0.0536
0.0536	0.0536	0.0536	0.0536
0.0536	0.0536	0.0536	0.0536
0.0536	0.0536	0.0536	0.0536
0.0536	0.0536	0.0536	0.0536
0.0536	0.0536	0.0536	0.0536
0.0536	0.0536	0.0536	0.0536
0.0536	0.0536	0.0536	0.0536
0.0535	0.0537	0.0537	0.0535
0.0536	0.0536	0.0536	0.0536
0.0536	0.0536	0.0536	0.0536
0.0536	0.0536	0.0536	0.0536
0.0536	0.0536	0.0536	0.0536
0.0537	0.0535	0.0535	0.0537
0.0536	0.0536	0.0536	0.0536
0.0536	0.0536	0.0536	0.0536
0.0536	0.0536	0.0536	0.0536
0.0536	0.0536	0.0536	0.0536
0.0536	0.0536	0.0536	0.0536
0.0537	0.0535	0.0535	0.0537
0.0536	0.0536	0.0536	0.0536
0.0536	0.0536	0.0536	0.0536
0.0536	0.0536	0.0536	0.0536
0.0536	0.0536	0.0536	0.0536
0.0536	0.0536	0.0536	0.0536
0.0535	0.0537	0.0537	0.0535
0.0536	0.0536	0.0536	0.0536
0.0537	0.0535	0.0535	0.0537
0.0535	0.0537	0.0537	0.0535
0.0536	0.0536	0.0536	0.0536
0.0536	0.0536	0.0536	0.0536
0.0535	0.0537	0.0537	0.0535
