3.6762	3.4509	3.7457	3.5104
2.8750	2.7697	2.9048	2.7992
2.5024	2.4242	2.5242	2.4461
2.2083	2.1502	2.2247	2.1664
1.9545	1.9101	1.9661	1.9225
1.7309	1.6982	1.7401	1.7071
1.5343	1.5100	1.5417	1.5163
1.3612	1.3424	1.3664	1.3475
1.2083	1.1938	1.2121	1.1979
1.0729	1.0625	1.0762	1.0655
0.9547	0.9459	0.9560	0.9484
0.8489	0.8433	0.8504	0.8446
0.7564	0.7517	0.7570	0.7532
0.6742	0.6710	0.6753	0.6715
0.6020	0.5996	0.6028	0.6002
0.5380	0.5361	0.5386	0.5369
0.4816	0.4802	0.4822	0.4808
0.4320	0.4311	0.4322	0.4308
0.3876	0.3870	0.3881	0.3871
0.3491	0.3484	0.3489	0.3485
0.3148	0.3138	0.3151	0.3145
0.2841	0.2838	0.2841	0.2838
0.2572	0.2562	0.2570	0.2570
0.2336	0.2334	0.2336	0.2333
0.2130	0.2127	0.2129	0.2127
0.1937	0.1941	0.1942	0.1935
0.1782	0.1780	0.1781	0.1781
0.1629	0.1637	0.1638	0.1629
0.1501	0.1505	0.1506	0.1501
0.1392	0.1393	0.1393	0.1390
0.1297	0.1294	0.1294	0.1297
0.1209	0.1210	0.1211	0.1209
0.1135	0.1136	0.1136	0.1135
0.1047	0.1041	0.1041	0.1047
0.1012	0.1007	0.1009	0.1011
0.0937	0.0935	0.0935	0.0937
0.0910	0.0909	0.0909	0.0910
0.0839	0.0838	0.0838	0.0838
0.0836	0.0836	0.0836	0.0836
0.0779	0.0782	0.0783	0.0779
0.0736	0.0736	0.0736	0.0736
0.0736	0.0736	0.0736	0.0736
0.0736	0.0735	0.0735	0.0736
0.0700	0.0692	0.0692	0.0700
0.0639	0.0639	0.0639	0.0639
0.0636	0.0637	0.0637	0.0636
0.0636	0.0636	0.0636	0.0636
0.0636	0.0636	0.0636	0.0636
0.0636	0.0636	0.0636	0.0636
0.0637	0.0635	0.0635	0.0637
0.0634	0.0630	0.0630	0.0634
0.0622	0.0623	0.0623	0.0622
0.0590	0.0593	0.0593	0.0590
0.0553	0.0556	0.0556	0.0553
0.0546	0.0541	0.0541	0.0546
0.0539	0.0536	0.0536	0.0539
0.0536	0.0536	0.0536	0.0536
0.0536	0.0537	0.0537	0.0536
0.0535	0.0537	0.0537	0.0535
0.0535	0.0537	0.0537	0.0535
0.0537	0.0536	0.0536	0.0537
0.0536	0.0536	0.0536	0.0536
0.0536	0.0536	0.0536	0.0536
0.0535	0.0537	0.0537	0.0535
0.0536	0.0536	0.0536	0.0536
0.0536	0.0536	0.0536	0.0536
0.0536	0.0536	0.0536	0.0536
0.0536	0.0536	0.0536	0.0536
0.0536	0.0536	0.0536	0.0536
0.0536	0.0536	0.0536	0.0536
0.0537	0.0535	0.0535	0.0537
0.0536	0.0536	0.0536	0.0536
0.0538	0.0534	0.0534	0.0538
0.0536	0.0536	0.0536	0.0536
0.0536	0.0536	0.0536	0.0536
0.0536	0.0536	0.0536	0.0536
0.0536	0.0536	0.0536	0.0536
0.0536	0.0536	0.0536	0.0536
0.0536	0.0536	0.0536	0.0536
0.0536	0.0536	0.0536	0.0536
0.0537	0.0535	0.0535	0.0537
0.0536	0.0536	0.0536	0.0536
0.0536	0.0536	0.0536	0.0536
0.0536	0.0536	0.0536	0.0536
0.0536	0.0536	0.0536	0.0536
0.0537	0.0535	0.0535	0.0537
0.0536	0.0536	0.0536	0.0536
0.0536	0.0536	0.0536	0.0536
0.0536	0.0536	0.0536	0.0536
0.0536	0.0536	0.0536	0.0536
0.0537	0.0535	0.0535	0.0537
0.0536	0.0536	0.0536	0.0536
0.0536	0.0536	0.0536	0.0536
0.0536	0.0536	0.0536	0.0536
0.0536	0.0536	0.0536	0.0536
0.0536	0.0536	0.0536	0.0536
0.0536	0.0536	0.0536	0.0536
0.0536	0.0536	0.0536	0.0536
0.0536	0.0536	0.0536	0.0536
0.0536	0.0536	0.0536	0.0536
