2.3003	2.1612	2.3543	2.2061
1.8056	1.7395	1.8284	1.7626
1.5744	1.5261	1.5910	1.5425
1.3916	1.3556	1.4042	1.3680
1.2343	1.2070	1.2432	1.2163
1.0954	1.0753	1.1028	1.0817
0.9736	0.9579	0.9786	0.9633
0.8657	0.8540	0.8701	0.8583
0.7709	0.7625	0.7740	0.7653
0.6872	0.6803	0.6898	0.6830
0.6131	0.6081	0.6154	0.6099
0.5478	0.5443	0.5493	0.5453
0.4904	0.4875	0.4906	0.4884
0.4390	0.4375	0.4400	0.4381
0.3943	0.3926	0.3949	0.3936
0.3548	0.3537	0.3551	0.3538
0.3199	0.3187	0.3196	0.3192
0.2888	0.2879	0.2887	0.2885
0.2615	0.2612	0.2620	0.2613
0.2369	0.2362	0.2368	0.2364
0.2156	0.2157	0.2161	0.2155
0.1970	0.1972	0.1977	0.1968
0.1795	0.1795	0.1795	0.1795
0.1661	0.1662	0.1664	0.1660
0.1516	0.1521	0.1522	0.1515
0.1414	0.1408	0.1408	0.1413
0.1307	0.1310	0.1310	0.1307
0.1228	0.1222	0.1222	0.1228
0.1138	0.1136	0.1136	0.1138
0.1060	0.1060	0.1060	0.1060
0.1020	0.1020	0.1020	0.1020
0.0937	0.0936	0.0936	0.0937
0.0923	0.0926	0.0926	0.0923
0.0839	0.0837	0.0837	0.0839
0.0836	0.0836	0.0836	0.0836
0.0796	0.0795	0.0795	0.0796
0.0736	0.0736	0.0736	0.0736
0.0736	0.0736	0.0736	0.0736
0.0736	0.0736	0.0736	0.0736
0.0703	0.0711	0.0711	0.0703
0.0640	0.0646	0.0646	0.0640
0.0638	0.0634	0.0634	0.0638
0.0636	0.0636	0.0636	0.0636
0.0636	0.0636	0.0636	0.0636
0.0636	0.0636	0.0636	0.0636
0.0636	0.0636	0.0636	0.0636
0.0633	0.0631	0.0631	0.0633
0.0624	0.0630	0.0630	0.0624
0.0589	0.0599	0.0599	0.0589
0.0554	0.0555	0.0555	0.0554
0.0541	0.0542	0.0542	0.0541
0.0539	0.0538	0.0538	0.0539
0.0536	0.0536	0.0536	0.0536
0.0536	0.0536	0.0536	0.0536
0.0536	0.0536	0.0536	0.0536
0.0529	0.0545	0.0545	0.0529
0.0536	0.0536	0.0536	0.0536
0.0536	0.0536	0.0536	0.0536
0.0534	0.0538	0.0538	0.0534
0.0536	0.0537	0.0537	0.0536
0.0536	0.0536	0.0536	0.0536
0.0536	0.0536	0.0536	0.0536
0.0537	0.0536	0.0536	0.0537
0.0536	0.0536	0.0536	0.0536
0.0537	0.0536	0.0536	0.0537
0.0536	0.0536	0.0536	0.0536
0.0537	0.0535	0.0535	0.0537
0.0536	0.0536	0.0536	0.0536
0.0536	0.0536	0.0536	0.0536
0.0536	0.0536	0.0536	0.0536
0.0536	0.0536	0.0536	0.0536
0.0536	0.0536	0.0536	0.0536
0.0536	0.0536	0.0536	0.0536
0.0536	0.0536	0.0536	0.0536
0.0536	0.0536	0.0536	0.0536
0.0536	0.0536	0.0536	0.0536
0.0537	0.0535	0.0535	0.0537
0.0536	0.0536	0.0536	0.0536
0.0536	0.0536	0.0536	0.0536
0.0536	0.0536	0.0536	0.0536
0.0536	0.0536	0.0536	0.0536
0.0536	0.0536	0.0536	0.0536
0.0536	0.0536	0.0536	0.0536
0.0536	0.0536	0.0536	0.0536
0.0536	0.0536	0.0536	0.0536
0.0536	0.0536	0.0536	0.0536
0.0536	0.0536	0.0536	0.0536
0.0536	0.0536	0.0536	0.0536
0.0536	0.0536	0.0536	0.0536
0.0537	0.0535	0.0535	0.0537
0.0536	0.0536	0.0536	0.0536
0.0536	0.0536	0.0536	0.0536
0.0536	0.0536	0.0536	0.0536
0.0536	0.0536	0.0536	0.0536
0.0536	0.0536	0.0536	0.0536
0.0536	0.0536	0.0536	0.0536
0.0536	0.0536	0.0536	0.0536
0.0536	0.0536	0.0536	0.0536
0.0536	0.0536	0.0536	0.0536
0.0536	0.0536	0.0536	0.0536
