3.9217	4.0580	3.9145	4.0251
3.1153	3.1720	3.1060	3.1626
2.7191	2.7611	2.7126	2.7543
2.4056	2.4367	2.4006	2.4317
2.1330	2.1566	2.1288	2.1527
1.8923	1.9101	1.8897	1.9069
1.6793	1.6926	1.6774	1.6905
1.4912	1.5012	1.4893	1.4995
1.3250	1.3325	1.3236	1.3306
1.1772	1.1828	1.1762	1.1815
1.0468	1.0513	1.0461	1.0506
0.9314	0.9347	0.9314	0.9342
0.8293	0.8316	0.8290	0.8319
0.7396	0.7414	0.7395	0.7414
0.6596	0.6611	0.6594	0.6606
0.5898	0.5906	0.5894	0.5903
0.5273	0.5281	0.5269	0.5280
0.4719	0.4728	0.4718	0.4725
0.4234	0.4237	0.4233	0.4237
0.3807	0.3806	0.3802	0.3811
0.3427	0.3428	0.3425	0.3429
0.3090	0.3093	0.3090	0.3091
0.2796	0.2793	0.2792	0.2797
0.2527	0.2535	0.2534	0.2528
0.2300	0.2304	0.2302	0.2301
0.2094	0.2092	0.2091	0.2094
0.1909	0.1910	0.1910	0.1910
0.1756	0.1756	0.1756	0.1756
0.1606	0.1609	0.1609	0.1606
0.1487	0.1487	0.1487	0.1488
0.1376	0.1375	0.1374	0.1376
0.1278	0.1278	0.1278	0.1279
0.1194	0.1192	0.1191	0.1194
0.1125	0.1129	0.1129	0.1125
0.1037	0.1039	0.1039	0.1037
0.0990	0.0989	0.0989	0.0990
0.0936	0.0936	0.0936	0.0936
0.0893	0.0890	0.0890	0.0893
0.0836	0.0836	0.0836	0.0836
0.0835	0.0833	0.0833	0.0835
0.0763	0.0765	0.0765	0.0763
0.0735	0.0738	0.0738	0.0735
0.0736	0.0736	0.0736	0.0736
0.0732	0.0734	0.0734	0.0732
0.0678	0.0688	0.0688	0.0678
0.0637	0.0639	0.0639	0.0637
0.0637	0.0635	0.0635	0.0637
0.0636	0.0636	0.0636	0.0636
0.0636	0.0636	0.0636	0.0636
0.0636	0.0636	0.0636	0.0636
0.0635	0.0635	0.0635	0.0635
0.0631	0.0632	0.0632	0.0631
0.0620	0.0615	0.0615	0.0620
0.0587	0.0573	0.0573	0.0587
0.0551	0.0550	0.0550	0.0551
0.0544	0.0543	0.0543	0.0544
0.0538	0.0538	0.0538	0.0538
0.0536	0.0538	0.0538	0.0536
0.0536	0.0536	0.0536	0.0536
0.0536	0.0536	0.0536	0.0536
0.0536	0.0536	0.0536	0.0536
0.0536	0.0536	0.0536	0.0536
0.0537	0.0536	0.0536	0.0537
0.0536	0.0536	0.0536	0.0536
0.0535	0.0537	0.0537	0.0535
0.0536	0.0536	0.0536	0.0536
0.0536	0.0536	0.0536	0.0536
0.0536	0.0536	0.0536	0.0536
0.0536	0.0536	0.0536	0.0536
0.0536	0.0536	0.0536	0.0536
0.0536	0.0536	0.0536	0.0536
0.0536	0.0536	0.0536	0.0536
0.0536	0.0536	0.0536	0.0536
0.0534	0.0538	0.0538	0.0534
0.0536	0.0536	0.0536	0.0536
0.0536	0.0536	0.0536	0.0536
0.0536	0.0536	0.0536	0.0536
0.0536	0.0536	0.0536	0.0536
0.0536	0.0536	0.0536	0.0536
0.0536	0.0536	0.0536	0.0536
0.0536	0.0536	0.0536	0.0536
0.0536	0.0536	0.0536	0.0536
0.0536	0.0536	0.0536	0.0536
0.0536	0.0536	0.0536	0.0536
0.0536	0.0536	0.0536	0.0536
0.0537	0.0535	0.0535	0.0537
0.0536	0.0536	0.0536	0.0536
0.0536	0.0536	0.0536	0.0536
0.0536	0.0536	0.0536	0.0536
0.0536	0.0536	0.0536	0.0536
0.0536	0.0536	0.0536	0.0536
0.0535	0.0537	0.0537	0.0535
0.0536	0.0536	0.0536	0.0536
0.0536	0.0536	0.0536	0.0536
0.0536	0.0536	0.0536	0.0536
0.0536	0.0536	0.0536	0.0536
0.0536	0.0536	0.0536	0.0536
0.0536	0.0536	0.0536	0.0536
0.0536	0.0536	0.0536	0.0536
0.0536	0.0536	0.0536	0.0536
