4.7037	4.7024	4.4105	4.4093
3.6595	3.6585	3.5250	3.5249
3.1806	3.1801	3.0814	3.0814
2.8031	2.8027	2.7295	2.7289
2.4777	2.4772	2.4220	2.4217
2.1915	2.1920	2.1503	2.1497
1.9406	1.9403	1.9094	1.9085
1.7191	1.7186	1.6953	1.6954
1.5239	1.5239	1.5058	1.5059
1.3519	1.3512	1.3381	1.3384
1.1998	1.1998	1.1898	1.1895
1.0658	1.0658	1.0583	1.0581
0.9475	0.9475	0.9422	0.9414
0.8434	0.8435	0.8392	0.8386
0.7512	0.7513	0.7479	0.7480
0.6698	0.6695	0.6677	0.6678
0.5977	0.5982	0.5964	0.5962
0.5343	0.5349	0.5332	0.5332
0.4790	0.4781	0.4774	0.4779
0.4291	0.4291	0.4284	0.4283
0.3850	0.3854	0.3849	0.3847
0.3471	0.3472	0.3466	0.3466
0.3124	0.3126	0.3122	0.3120
0.2827	0.2824	0.2821	0.2825
0.2555	0.2555	0.2553	0.2553
0.2324	0.2320	0.2320	0.2324
0.2114	0.2118	0.2116	0.2114
0.1934	0.1929	0.1929	0.1934
0.1777	0.1774	0.1774	0.1776
0.1624	0.1621	0.1621	0.1623
0.1497	0.1497	0.1497	0.1495
0.1384	0.1388	0.1387	0.1384
0.1284	0.1288	0.1288	0.1284
0.1203	0.1202	0.1202	0.1203
0.1132	0.1136	0.1136	0.1132
0.1039	0.1041	0.1041	0.1039
0.1004	0.1001	0.1001	0.1004
0.0936	0.0936	0.0936	0.0936
0.0905	0.0899	0.0899	0.0905
0.0836	0.0836	0.0836	0.0836
0.0836	0.0835	0.0835	0.0836
0.0774	0.0780	0.0780	0.0774
0.0736	0.0736	0.0736	0.0736
0.0737	0.0735	0.0735	0.0737
0.0733	0.0735	0.0735	0.0733
0.0687	0.0686	0.0686	0.0687
0.0636	0.0638	0.0638	0.0636
0.0636	0.0636	0.0636	0.0636
0.0635	0.0637	0.0637	0.0635
0.0636	0.0636	0.0636	0.0636
0.0636	0.0636	0.0636	0.0636
0.0635	0.0636	0.0636	0.0635
0.0631	0.0635	0.0635	0.0631
0.0618	0.0620	0.0620	0.0618
0.0580	0.0584	0.0584	0.0580
0.0553	0.0547	0.0547	0.0553
0.0543	0.0541	0.0541	0.0543
0.0536	0.0538	0.0538	0.0536
0.0536	0.0536	0.0536	0.0536
0.0536	0.0536	0.0536	0.0536
0.0536	0.0536	0.0536	0.0536
0.0536	0.0536	0.0536	0.0536
0.0536	0.0536	0.0536	0.0536
0.0535	0.0537	0.0537	0.0535
0.0536	0.0536	0.0536	0.0536
0.0536	0.0536	0.0536	0.0536
0.0536	0.0536	0.0536	0.0536
0.0536	0.0536	0.0536	0.0536
0.0536	0.0536	0.0536	0.0536
0.0536	0.0536	0.0536	0.0536
0.0536	0.0536	0.0536	0.0536
0.0537	0.0535	0.0535	0.0537
0.0536	0.0536	0.0536	0.0536
0.0536	0.0536	0.0536	0.0536
0.0536	0.0536	0.0536	0.0536
0.0536	0.0536	0.0536	0.0536
0.0536	0.0536	0.0536	0.0536
0.0536	0.0536	0.0536	0.0536
0.0536	0.0536	0.0536	0.0536
0.0536	0.0536	0.0536	0.0536
0.0536	0.0536	0.0536	0.0536
0.0536	0.0536	0.0536	0.0536
0.0536	0.0536	0.0536	0.0536
0.0538	0.0534	0.0534	0.0538
0.0536	0.0536	0.0536	0.0536
0.0536	0.0536	0.0536	0.0536
0.0536	0.0536	0.0536	0.0536
0.0536	0.0536	0.0536	0.0536
0.0538	0.0534	0.0534	0.0538
0.0536	0.0536	0.0536	0.0536
0.0536	0.0536	0.0536	0.0536
0.0536	0.0536	0.0536	0.0536
0.0536	0.0536	0.0536	0.0536
0.0536	0.0536	0.0536	0.0536
0.0536	0.0536	0.0536	0.0536
0.0536	0.0536	0.0536	0.0536
0.0536	0.0536	0.0536	0.0536
0.0536	0.0536	0.0536	0.0536
0.0536	0.0536	0.0536	0.0536
0.0535	0.0537	0.0537	0.0535
