1.8368	1.7195	1.7195	1.6200
1.4159	1.3664	1.3664	1.3168
1.2318	1.1952	1.1952	1.1584
1.0870	1.0599	1.0599	1.0325
0.9631	0.9424	0.9424	0.9220
0.8547	0.8386	0.8386	0.8236
0.7596	0.7474	0.7474	0.7359
0.6755	0.6670	0.6670	0.6585
0.6021	0.5951	0.5951	0.5892
0.5373	0.5324	0.5324	0.5276
0.4805	0.4769	0.4769	0.4728
0.4307	0.4277	0.4277	0.4249
0.3862	0.3839	0.3839	0.3823
0.3471	0.3459	0.3459	0.3444
0.3127	0.3115	0.3115	0.3106
0.2832	0.2815	0.2815	0.2811
0.2555	0.2548	0.2548	0.2543
0.2322	0.2320	0.2320	0.2312
0.2113	0.2113	0.2113	0.2103
0.1929	0.1926	0.1926	0.1922
0.1773	0.1770	0.1770	0.1771
0.1618	0.1617	0.1617	0.1617
0.1497	0.1495	0.1495	0.1495
0.1388	0.1384	0.1384	0.1386
0.1288	0.1283	0.1283	0.1286
0.1205	0.1200	0.1200	0.1205
0.1131	0.1131	0.1131	0.1131
0.1040	0.1039	0.1039	0.1040
0.0997	0.0998	0.0998	0.0997
0.0936	0.0936	0.0936	0.0936
0.0904	0.0902	0.0902	0.0903
0.0836	0.0837	0.0837	0.0836
0.0836	0.0836	0.0836	0.0836
0.0775	0.0770	0.0770	0.0775
0.0736	0.0736	0.0736	0.0736
0.0736	0.0735	0.0735	0.0736
0.0734	0.0737	0.0737	0.0734
0.0688	0.0692	0.0692	0.0688
0.0640	0.0638	0.0638	0.0640
0.0636	0.0636	0.0636	0.0636
0.0637	0.0635	0.0635	0.0637
0.0637	0.0635	0.0635	0.0637
0.0636	0.0636	0.0636	0.0636
0.0636	0.0634	0.0634	0.0636
0.0629	0.0633	0.0633	0.0629
0.0620	0.0618	0.0618	0.0620
0.0581	0.0585	0.0585	0.0581
0.0548	0.0548	0.0548	0.0548
0.0544	0.0541	0.0541	0.0544
0.0540	0.0543	0.0543	0.0540
0.0536	0.0536	0.0536	0.0536
0.0536	0.0536	0.0536	0.0536
0.0536	0.0536	0.0536	0.0536
0.0536	0.0536	0.0536	0.0536
0.0536	0.0536	0.0536	0.0536
0.0537	0.0536	0.0536	0.0537
0.0536	0.0536	0.0536	0.0536
0.0536	0.0536	0.0536	0.0536
0.0536	0.0536	0.0536	0.0536
0.0537	0.0535	0.0535	0.0537
0.0536	0.0536	0.0536	0.0536
0.0536	0.0536	0.0536	0.0536
0.0536	0.0536	0.0536	0.0536
0.0536	0.0537	0.0537	0.0536
0.0533	0.0539	0.0539	0.0533
0.0536	0.0536	0.0536	0.0536
0.0536	0.0536	0.0536	0.0536
0.0536	0.0536	0.0536	0.0536
0.0536	0.0536	0.0536	0.0536
0.0536	0.0536	0.0536	0.0536
0.0536	0.0536	0.0536	0.0536
0.0536	0.0536	0.0536	0.0536
0.0536	0.0536	0.0536	0.0536
0.0536	0.0536	0.0536	0.0536
0.0536	0.0536	0.0536	0.0536
0.0536	0.0536	0.0536	0.0536
0.0536	0.0536	0.0536	0.0536
0.0536	0.0536	0.0536	0.0536
0.0536	0.0536	0.0536	0.0536
0.0528	0.0544	0.0544	0.0528
0.0536	0.0536	0.0536	0.0536
0.0536	0.0536	0.0536	0.0536
0.0536	0.0536	0.0536	0.0536
0.0536	0.0536	0.0536	0.0536
0.0536	0.0536	0.0536	0.0536
0.0536	0.0536	0.0536	0.0536
0.0536	0.0536	0.0536	0.0536
0.0538	0.0534	0.0534	0.0538
0.0536	0.0536	0.0536	0.0536
0.0536	0.0536	0.0536	0.0536
0.0536	0.0536	0.0536	0.0536
0.0536	0.0536	0.0536	0.0536
0.0536	0.0536	0.0536	0.0536
0.0536	0.0536	0.0536	0.0536
0.0537	0.0535	0.0535	0.0537
0.0536	0.0536	0.0536	0.0536
0.0536	0.0536	0.0536	0.0536
0.0536	0.0536	0.0536	0.0536
0.0536	0.0536	0.0536	0.0536
0.0536	0.0536	0.0536	0.0536
