3.3993	3.3018	3.3018	3.2398
2.6494	2.6131	2.6131	2.5765
2.3062	2.2797	2.2797	2.2527
2.0356	2.0156	2.0156	1.9953
1.8017	1.7867	1.7867	1.7715
1.5966	1.5848	1.5848	1.5733
1.4154	1.4068	1.4068	1.3986
1.2559	1.2497	1.2497	1.2431
1.1155	1.1106	1.1106	1.1062
0.9951	0.9837	0.9837	0.9877
0.8815	0.8788	0.8788	0.8766
0.7853	0.7829	0.7829	0.7811
0.6998	0.6982	0.6982	0.6967
0.6243	0.6229	0.6229	0.6219
0.5577	0.5571	0.5571	0.5559
0.4988	0.4984	0.4984	0.4977
0.4468	0.4469	0.4469	0.4460
0.4016	0.4013	0.4013	0.4006
0.3606	0.3606	0.3606	0.3600
0.3255	0.3252	0.3252	0.3248
0.2935	0.2934	0.2934	0.2932
0.2652	0.2650	0.2650	0.2650
0.2415	0.2413	0.2413	0.2415
0.2192	0.2194	0.2194	0.2190
0.1995	0.1997	0.1997	0.1994
0.1829	0.1828	0.1828	0.1827
0.1679	0.1682	0.1682	0.1679
0.1551	0.1550	0.1550	0.1551
0.1423	0.1426	0.1426	0.1423
0.1329	0.1325	0.1325	0.1329
0.1236	0.1236	0.1236	0.1236
0.1143	0.1140	0.1140	0.1143
0.1077	0.1077	0.1077	0.1077
0.1034	0.1034	0.1034	0.1034
0.0939	0.0945	0.0945	0.0939
0.0931	0.0931	0.0931	0.0931
0.0843	0.0842	0.0842	0.0843
0.0836	0.0836	0.0836	0.0836
0.0815	0.0809	0.0809	0.0815
0.0743	0.0740	0.0740	0.0743
0.0736	0.0736	0.0736	0.0736
0.0737	0.0734	0.0734	0.0737
0.0719	0.0720	0.0720	0.0719
0.0650	0.0643	0.0643	0.0650
0.0636	0.0636	0.0636	0.0636
0.0636	0.0636	0.0636	0.0636
0.0636	0.0636	0.0636	0.0636
0.0636	0.0636	0.0636	0.0636
0.0637	0.0635	0.0635	0.0637
0.0634	0.0632	0.0632	0.0634
0.0624	0.0626	0.0626	0.0624
0.0603	0.0602	0.0602	0.0603
0.0558	0.0558	0.0558	0.0558
0.0546	0.0544	0.0544	0.0546
0.0539	0.0544	0.0544	0.0539
0.0536	0.0539	0.0539	0.0536
0.0536	0.0536	0.0536	0.0536
0.0536	0.0536	0.0536	0.0536
0.0536	0.0536	0.0536	0.0536
0.0536	0.0536	0.0536	0.0536
0.0536	0.0536	0.0536	0.0536
0.0536	0.0536	0.0536	0.0536
0.0536	0.0536	0.0536	0.0536
0.0536	0.0536	0.0536	0.0536
0.0536	0.0536	0.0536	0.0536
0.0536	0.0536	0.0536	0.0536
0.0536	0.0536	0.0536	0.0536
0.0536	0.0536	0.0536	0.0536
0.0536	0.0536	0.0536	0.0536
0.0536	0.0536	0.0536	0.0536
0.0536	0.0536	0.0536	0.0536
0.0536	0.0536	0.0536	0.0536
0.0536	0.0536	0.0536	0.0536
0.0536	0.0536	0.0536	0.0536
0.0536	0.0536	0.0536	0.0536
0.0536	0.0536	0.0536	0.0536
0.0536	0.0536	0.0536	0.0536
0.0536	0.0536	0.0536	0.0536
0.0536	0.0536	0.0536	0.0536
0.0536	0.0536	0.0536	0.0536
0.0536	0.0536	0.0536	0.0536
0.0534	0.0538	0.0538	0.0534
0.0536	0.0536	0.0536	0.0536
0.0536	0.0536	0.0536	0.0536
0.0536	0.0536	0.0536	0.0536
0.0536	0.0536	0.0536	0.0536
0.0536	0.0536	0.0536	0.0536
0.0536	0.0536	0.0536	0.0536
0.0536	0.0536	0.0536	0.0536
0.0536	0.0536	0.0536	0.0536
0.0536	0.0536	0.0536	0.0536
0.0536	0.0536	0.0536	0.0536
0.0536	0.0536	0.0536	0.0536
0.0536	0.0536	0.0536	0.0536
0.0536	0.0536	0.0536	0.0536
0.0536	0.0536	0.0536	0.0536
0.0536	0.0536	0.0536	0.0536
0.0535	0.0537	0.0537	0.0535
0.0536	0.0536	0.0536	0.0536
0.0536	0.0536	0.0536	0.0536
