1.8094	1.9332	1.7045	1.8094
1.4370	1.4894	1.3844	1.4370
1.2566	1.2952	1.2181	1.2566
1.1142	1.1427	1.0851	1.1142
0.9901	1.0123	0.9685	0.9901
0.8811	0.8978	0.8651	0.8811
0.7852	0.7971	0.7726	0.7852
0.7003	0.7091	0.6905	0.7003
0.6250	0.6316	0.6179	0.6250
0.5585	0.5635	0.5533	0.5585
0.4997	0.5036	0.4961	0.4997
0.4476	0.4507	0.4448	0.4476
0.4025	0.4042	0.3997	0.4025
0.3610	0.3632	0.3596	0.3610
0.3259	0.3271	0.3250	0.3259
0.2939	0.2950	0.2931	0.2939
0.2656	0.2667	0.2650	0.2656
0.2417	0.2417	0.2409	0.2417
0.2198	0.2200	0.2190	0.2198
0.1999	0.2007	0.2000	0.1999
0.1831	0.1834	0.1826	0.1831
0.1681	0.1684	0.1680	0.1681
0.1559	0.1556	0.1551	0.1559
0.1428	0.1428	0.1426	0.1428
0.1329	0.1329	0.1328	0.1329
0.1237	0.1235	0.1235	0.1237
0.1149	0.1139	0.1138	0.1149
0.1078	0.1082	0.1082	0.1078
0.1033	0.1033	0.1033	0.1033
0.0942	0.0943	0.0943	0.0942
0.0936	0.0932	0.0932	0.0936
0.0848	0.0849	0.0847	0.0848
0.0836	0.0836	0.0836	0.0836
0.0815	0.0815	0.0815	0.0815
0.0737	0.0737	0.0737	0.0737
0.0736	0.0736	0.0736	0.0736
0.0736	0.0736	0.0736	0.0736
0.0718	0.0722	0.0722	0.0718
0.0641	0.0649	0.0648	0.0641
0.0636	0.0636	0.0636	0.0636
0.0636	0.0636	0.0636	0.0636
0.0636	0.0636	0.0636	0.0636
0.0636	0.0636	0.0636	0.0636
0.0636	0.0635	0.0635	0.0636
0.0632	0.0632	0.0632	0.0632
0.0621	0.0629	0.0629	0.0621
0.0612	0.0597	0.0597	0.0612
0.0555	0.0564	0.0564	0.0555
0.0541	0.0545	0.0545	0.0541
0.0544	0.0542	0.0542	0.0544
0.0537	0.0538	0.0538	0.0537
0.0537	0.0536	0.0536	0.0537
0.0536	0.0536	0.0536	0.0536
0.0536	0.0536	0.0536	0.0536
0.0537	0.0535	0.0535	0.0537
0.0536	0.0536	0.0536	0.0536
0.0536	0.0536	0.0536	0.0536
0.0536	0.0536	0.0536	0.0536
0.0536	0.0536	0.0536	0.0536
0.0536	0.0536	0.0536	0.0536
0.0537	0.0537	0.0537	0.0537
0.0536	0.0536	0.0536	0.0536
0.0536	0.0536	0.0536	0.0536
0.0536	0.0536	0.0536	0.0536
0.0536	0.0536	0.0536	0.0536
0.0539	0.0533	0.0533	0.0539
0.0536	0.0536	0.0536	0.0536
0.0536	0.0536	0.0536	0.0536
0.0536	0.0536	0.0536	0.0536
0.0535	0.0537	0.0537	0.0535
0.0536	0.0536	0.0536	0.0536
0.0535	0.0537	0.0537	0.0535
0.0536	0.0536	0.0536	0.0536
0.0536	0.0536	0.0536	0.0536
0.0536	0.0536	0.0536	0.0536
0.0527	0.0545	0.0545	0.0527
0.0536	0.0536	0.0536	0.0536
0.0537	0.0535	0.0535	0.0537
0.0536	0.0536	0.0536	0.0536
0.0536	0.0536	0.0536	0.0536
0.0536	0.0536	0.0536	0.0536
0.0536	0.0536	0.0536	0.0536
0.0536	0.0536	0.0536	0.0536
0.0536	0.0536	0.0536	0.0536
0.0536	0.0536	0.0536	0.0536
0.0536	0.0536	0.0536	0.0536
0.0536	0.0536	0.0536	0.0536
0.0536	0.0536	0.0536	0.0536
0.0536	0.0536	0.0536	0.0536
0.0536	0.0536	0.0536	0.0536
0.0536	0.0536	0.0536	0.0536
0.0535	0.0537	0.0537	0.0535
0.0536	0.0536	0.0536	0.0536
0.0533	0.0539	0.0539	0.0533
0.0536	0.0536	0.0536	0.0536
0.0536	0.0536	0.0536	0.0536
0.0536	0.0536	0.0536	0.0536
0.0536	0.0536	0.0536	0.0536
0.0536	0.0536	0.0536	0.0536
0.0536	0.0536	0.0536	0.0536
