3.2449	3.2088	3.0417	3.0123
2.5218	2.5067	2.4305	2.4154
2.1931	2.1824	2.1256	2.1145
1.9338	1.9258	1.8835	1.8751
1.7107	1.7046	1.6731	1.6668
1.5153	1.5105	1.4865	1.4819
1.3430	1.3393	1.3212	1.3184
1.1915	1.1890	1.1757	1.1726
1.0582	1.0561	1.0455	1.0438
0.9399	0.9390	0.9313	0.9294
0.8361	0.8356	0.8294	0.8283
0.7446	0.7440	0.7398	0.7388
0.6642	0.6635	0.6598	0.6596
0.5929	0.5921	0.5899	0.5893
0.5292	0.5300	0.5281	0.5274
0.4742	0.4745	0.4731	0.4720
0.4250	0.4247	0.4237	0.4238
0.3818	0.3819	0.3813	0.3806
0.3435	0.3437	0.3431	0.3428
0.3095	0.3103	0.3097	0.3091
0.2802	0.2804	0.2799	0.2797
0.2537	0.2536	0.2532	0.2533
0.2309	0.2303	0.2302	0.2306
0.2101	0.2096	0.2095	0.2099
0.1913	0.1916	0.1915	0.1911
0.1766	0.1761	0.1760	0.1765
0.1604	0.1608	0.1607	0.1604
0.1487	0.1485	0.1485	0.1487
0.1380	0.1380	0.1380	0.1377
0.1276	0.1283	0.1283	0.1276
0.1194	0.1195	0.1195	0.1194
0.1129	0.1128	0.1127	0.1128
0.1037	0.1038	0.1038	0.1037
0.0994	0.0990	0.0990	0.0994
0.0936	0.0936	0.0936	0.0936
0.0894	0.0896	0.0896	0.0894
0.0836	0.0836	0.0836	0.0836
0.0836	0.0835	0.0835	0.0836
0.0766	0.0771	0.0771	0.0766
0.0736	0.0736	0.0736	0.0736
0.0740	0.0732	0.0732	0.0740
0.0731	0.0735	0.0735	0.0731
0.0680	0.0678	0.0678	0.0680
0.0636	0.0641	0.0641	0.0636
0.0636	0.0636	0.0636	0.0636
0.0636	0.0636	0.0636	0.0636
0.0636	0.0636	0.0636	0.0636
0.0637	0.0634	0.0634	0.0637
0.0637	0.0634	0.0634	0.0637
0.0629	0.0628	0.0628	0.0629
0.0616	0.0626	0.0626	0.0616
0.0576	0.0577	0.0577	0.0576
0.0552	0.0549	0.0549	0.0552
0.0543	0.0540	0.0540	0.0543
0.0538	0.0536	0.0536	0.0538
0.0537	0.0537	0.0537	0.0537
0.0536	0.0536	0.0536	0.0536
0.0536	0.0536	0.0536	0.0536
0.0536	0.0536	0.0536	0.0536
0.0536	0.0536	0.0536	0.0536
0.0535	0.0537	0.0537	0.0535
0.0536	0.0536	0.0536	0.0536
0.0538	0.0534	0.0534	0.0538
0.0536	0.0536	0.0536	0.0536
0.0536	0.0536	0.0536	0.0536
0.0535	0.0537	0.0537	0.0535
0.0536	0.0536	0.0536	0.0536
0.0536	0.0537	0.0537	0.0536
0.0536	0.0536	0.0536	0.0536
0.0536	0.0536	0.0536	0.0536
0.0536	0.0536	0.0536	0.0536
0.0536	0.0536	0.0536	0.0536
0.0536	0.0536	0.0536	0.0536
0.0536	0.0536	0.0536	0.0536
0.0542	0.0530	0.0530	0.0542
0.0536	0.0536	0.0536	0.0536
0.0536	0.0536	0.0536	0.0536
0.0536	0.0536	0.0536	0.0536
0.0536	0.0536	0.0536	0.0536
0.0536	0.0536	0.0536	0.0536
0.0536	0.0536	0.0536	0.0536
0.0536	0.0536	0.0536	0.0536
0.0536	0.0536	0.0536	0.0536
0.0536	0.0536	0.0536	0.0536
0.0535	0.0537	0.0537	0.0535
0.0536	0.0536	0.0536	0.0536
0.0536	0.0536	0.0536	0.0536
0.0536	0.0536	0.0536	0.0536
0.0536	0.0536	0.0536	0.0536
0.0536	0.0536	0.0536	0.0536
0.0536	0.0536	0.0536	0.0536
0.0536	0.0536	0.0536	0.0536
0.0536	0.0536	0.0536	0.0536
0.0536	0.0536	0.0536	0.0536
0.0536	0.0536	0.0536	0.0536
0.0536	0.0536	0.0536	0.0536
0.0536	0.0536	0.0536	0.0536
0.0535	0.0537	0.0537	0.0535
0.0536	0.0536	0.0536	0.0536
0.0536	0.0536	0.0536	0.0536
