1.9660	2.1002	1.8510	1.9660
1.5602	1.6172	1.5026	1.5602
1.3637	1.4057	1.3214	1.3637
1.2077	1.2397	1.1772	1.2077
1.0738	1.0975	1.0499	1.0738
0.9547	0.9728	0.9375	0.9547
0.8501	0.8639	0.8367	0.8501
0.7578	0.7674	0.7472	0.7578
0.6754	0.6830	0.6679	0.6754
0.6033	0.6091	0.5973	0.6033
0.5391	0.5440	0.5349	0.5391
0.4832	0.4864	0.4794	0.4832
0.4332	0.4356	0.4306	0.4332
0.3888	0.3909	0.3870	0.3888
0.3496	0.3509	0.3487	0.3496
0.3156	0.3168	0.3149	0.3156
0.2845	0.2857	0.2844	0.2845
0.2581	0.2587	0.2575	0.2581
0.2342	0.2343	0.2336	0.2342
0.2131	0.2137	0.2130	0.2131
0.1951	0.1950	0.1946	0.1951
0.1784	0.1785	0.1783	0.1784
0.1635	0.1644	0.1639	0.1635
0.1502	0.1509	0.1509	0.1502
0.1396	0.1397	0.1393	0.1396
0.1298	0.1293	0.1292	0.1298
0.1212	0.1214	0.1213	0.1212
0.1133	0.1134	0.1134	0.1133
0.1048	0.1054	0.1051	0.1048
0.1007	0.1009	0.1009	0.1007
0.0936	0.0936	0.0936	0.0936
0.0913	0.0912	0.0912	0.0913
0.0837	0.0838	0.0838	0.0837
0.0835	0.0836	0.0836	0.0835
0.0786	0.0787	0.0786	0.0786
0.0736	0.0736	0.0736	0.0736
0.0736	0.0736	0.0736	0.0736
0.0734	0.0736	0.0736	0.0734
0.0698	0.0703	0.0703	0.0698
0.0638	0.0643	0.0643	0.0638
0.0636	0.0636	0.0636	0.0636
0.0636	0.0636	0.0636	0.0636
0.0636	0.0636	0.0636	0.0636
0.0635	0.0636	0.0636	0.0635
0.0636	0.0636	0.0636	0.0636
0.0630	0.0632	0.0632	0.0630
0.0622	0.0624	0.0624	0.0622
0.0596	0.0583	0.0583	0.0596
0.0553	0.0542	0.0542	0.0553
0.0546	0.0538	0.0538	0.0546
0.0538	0.0540	0.0540	0.0538
0.0536	0.0538	0.0538	0.0536
0.0536	0.0536	0.0536	0.0536
0.0536	0.0536	0.0536	0.0536
0.0537	0.0536	0.0536	0.0537
0.0536	0.0536	0.0536	0.0536
0.0536	0.0536	0.0536	0.0536
0.0536	0.0536	0.0536	0.0536
0.0536	0.0536	0.0536	0.0536
0.0536	0.0536	0.0536	0.0536
0.0536	0.0536	0.0536	0.0536
0.0536	0.0536	0.0536	0.0536
0.0536	0.0536	0.0536	0.0536
0.0536	0.0536	0.0536	0.0536
0.0536	0.0536	0.0536	0.0536
0.0536	0.0536	0.0536	0.0536
0.0536	0.0536	0.0536	0.0536
0.0535	0.0537	0.0537	0.0535
0.0536	0.0536	0.0536	0.0536
0.0536	0.0536	0.0536	0.0536
0.0536	0.0536	0.0536	0.0536
0.0536	0.0536	0.0536	0.0536
0.0536	0.0536	0.0536	0.0536
0.0536	0.0536	0.0536	0.0536
0.0536	0.0536	0.0536	0.0536
0.0536	0.0536	0.0536	0.0536
0.0536	0.0536	0.0536	0.0536
0.0536	0.0536	0.0536	0.0536
0.0536	0.0536	0.0536	0.0536
0.0536	0.0536	0.0536	0.0536
0.0536	0.0536	0.0536	0.0536
0.0536	0.0536	0.0536	0.0536
0.0536	0.0536	0.0536	0.0536
0.0536	0.0536	0.0536	0.0536
0.0536	0.0536	0.0536	0.0536
0.0536	0.0536	0.0536	0.0536
0.0536	0.0536	0.0536	0.0536
0.0536	0.0536	0.0536	0.0536
0.0536	0.0536	0.0536	0.0536
0.0535	0.0537	0.0537	0.0535
0.0536	0.0536	0.0536	0.0536
0.0536	0.0536	0.0536	0.0536
0.0536	0.0536	0.0536	0.0536
0.0536	0.0536	0.0536	0.0536
0.0536	0.0536	0.0536	0.0536
0.0536	0.0536	0.0536	0.0536
0.0536	0.0536	0.0536	0.0536
0.0536	0.0536	0.0536	0.0536
0.0536	0.0536	0.0536	0.0536
0.0536	0.0536	0.0536	0.0536
