2.3658	2.3722	2.3722	2.4024
1.8718	1.8801	1.8801	1.8883
1.6363	1.6422	1.6422	1.6484
1.4489	1.4537	1.4537	1.4580
1.2872	1.2902	1.2902	1.2938
1.1441	1.1468	1.1468	1.1493
1.0170	1.0197	1.0197	1.0215
0.9057	0.9073	0.9073	0.9087
0.8066	0.8080	0.8080	0.8086
0.7201	0.7200	0.7200	0.7211
0.6418	0.6425	0.6425	0.6430
0.5737	0.5739	0.5739	0.5744
0.5130	0.5140	0.5140	0.5136
0.4598	0.4600	0.4600	0.4602
0.4127	0.4126	0.4126	0.4130
0.3708	0.3710	0.3710	0.3712
0.3342	0.3340	0.3340	0.3345
0.3013	0.3011	0.3011	0.3016
0.2728	0.2729	0.2729	0.2728
0.2470	0.2470	0.2470	0.2471
0.2247	0.2246	0.2246	0.2247
0.2051	0.2049	0.2049	0.2051
0.1875	0.1878	0.1878	0.1875
0.1714	0.1711	0.1711	0.1714
0.1580	0.1582	0.1582	0.1580
0.1461	0.1461	0.1461	0.1461
0.1353	0.1352	0.1352	0.1353
0.1252	0.1255	0.1255	0.1252
0.1168	0.1168	0.1168	0.1169
0.1106	0.1103	0.1103	0.1106
0.1036	0.1036	0.1036	0.1036
0.0968	0.0962	0.0962	0.0968
0.0936	0.0936	0.0936	0.0936
0.0874	0.0869	0.0869	0.0874
0.0837	0.0836	0.0836	0.0837
0.0828	0.0834	0.0834	0.0828
0.0747	0.0749	0.0749	0.0747
0.0736	0.0736	0.0736	0.0736
0.0736	0.0736	0.0736	0.0736
0.0729	0.0730	0.0730	0.0729
0.0663	0.0660	0.0660	0.0663
0.0637	0.0638	0.0638	0.0637
0.0636	0.0636	0.0636	0.0636
0.0637	0.0635	0.0635	0.0637
0.0635	0.0636	0.0636	0.0635
0.0636	0.0636	0.0636	0.0636
0.0636	0.0631	0.0631	0.0636
0.0631	0.0627	0.0627	0.0631
0.0607	0.0608	0.0608	0.0607
0.0569	0.0564	0.0564	0.0569
0.0546	0.0542	0.0542	0.0546
0.0540	0.0541	0.0541	0.0540
0.0539	0.0536	0.0536	0.0539
0.0536	0.0536	0.0536	0.0536
0.0536	0.0536	0.0536	0.0536
0.0537	0.0536	0.0536	0.0537
0.0536	0.0536	0.0536	0.0536
0.0536	0.0536	0.0536	0.0536
0.0536	0.0536	0.0536	0.0536
0.0536	0.0536	0.0536	0.0536
0.0536	0.0536	0.0536	0.0536
0.0536	0.0536	0.0536	0.0536
0.0536	0.0536	0.0536	0.0536
0.0536	0.0536	0.0536	0.0536
0.0536	0.0536	0.0536	0.0536
0.0536	0.0536	0.0536	0.0536
0.0536	0.0536	0.0536	0.0536
0.0536	0.0536	0.0536	0.0536
0.0538	0.0535	0.0535	0.0538
0.0535	0.0537	0.0537	0.0535
0.0536	0.0536	0.0536	0.0536
0.0536	0.0536	0.0536	0.0536
0.0538	0.0534	0.0534	0.0538
0.0535	0.0537	0.0537	0.0535
0.0536	0.0536	0.0536	0.0536
0.0536	0.0536	0.0536	0.0536
0.0536	0.0536	0.0536	0.0536
0.0536	0.0536	0.0536	0.0536
0.0537	0.0535	0.0535	0.0537
0.0536	0.0536	0.0536	0.0536
0.0536	0.0536	0.0536	0.0536
0.0536	0.0536	0.0536	0.0536
0.0534	0.0538	0.0538	0.0534
0.0538	0.0534	0.0534	0.0538
0.0536	0.0536	0.0536	0.0536
0.0536	0.0536	0.0536	0.0536
0.0536	0.0536	0.0536	0.0536
0.0536	0.0536	0.0536	0.0536
0.0536	0.0536	0.0536	0.0536
0.0536	0.0536	0.0536	0.0536
0.0538	0.0534	0.0534	0.0538
0.0536	0.0536	0.0536	0.0536
0.0536	0.0536	0.0536	0.0536
0.0536	0.0536	0.0536	0.0536
0.0537	0.0535	0.0535	0.0537
0.0536	0.0536	0.0536	0.0536
0.0536	0.0536	0.0536	0.0536
0.0536	0.0536	0.0536	0.0536
0.0537	0.0535	0.0535	0.0537
0.0536	0.0536	0.0536	0.0536
