4.3495	4.5030	4.4443	4.5910
3.4701	3.5388	3.5126	3.5804
3.0324	3.0832	3.0633	3.1138
2.6846	2.7227	2.7077	2.7454
2.3821	2.4102	2.3988	2.4279
2.1139	2.1355	2.1272	2.1480
1.8766	1.8927	1.8865	1.9025
1.6660	1.6786	1.6734	1.6857
1.4800	1.4888	1.4854	1.4949
1.3150	1.3218	1.3189	1.3262
1.1692	1.1743	1.1722	1.1775
1.0402	1.0439	1.0423	1.0463
0.9259	0.9285	0.9274	0.9306
0.8243	0.8267	0.8261	0.8280
0.7349	0.7370	0.7362	0.7377
0.6565	0.6573	0.6569	0.6580
0.5862	0.5872	0.5869	0.5875
0.5241	0.5252	0.5250	0.5255
0.4695	0.4703	0.4702	0.4705
0.4218	0.4222	0.4219	0.4222
0.3784	0.3795	0.3793	0.3793
0.3411	0.3403	0.3402	0.3415
0.3075	0.3078	0.3076	0.3076
0.2778	0.2782	0.2781	0.2782
0.2523	0.2522	0.2521	0.2526
0.2286	0.2293	0.2291	0.2290
0.2083	0.2085	0.2085	0.2083
0.1900	0.1904	0.1903	0.1900
0.1751	0.1749	0.1749	0.1752
0.1600	0.1600	0.1600	0.1600
0.1480	0.1480	0.1480	0.1480
0.1373	0.1372	0.1372	0.1374
0.1271	0.1270	0.1270	0.1271
0.1191	0.1185	0.1185	0.1191
0.1121	0.1124	0.1124	0.1121
0.1037	0.1037	0.1037	0.1037
0.0983	0.0984	0.0984	0.0983
0.0936	0.0936	0.0936	0.0936
0.0887	0.0893	0.0893	0.0887
0.0838	0.0835	0.0835	0.0838
0.0835	0.0835	0.0835	0.0835
0.0760	0.0766	0.0766	0.0760
0.0736	0.0736	0.0736	0.0736
0.0736	0.0736	0.0736	0.0736
0.0732	0.0733	0.0733	0.0732
0.0675	0.0676	0.0676	0.0675
0.0638	0.0638	0.0638	0.0638
0.0636	0.0636	0.0636	0.0636
0.0636	0.0636	0.0636	0.0636
0.0634	0.0638	0.0638	0.0634
0.0636	0.0636	0.0636	0.0636
0.0635	0.0637	0.0637	0.0635
0.0631	0.0632	0.0632	0.0631
0.0610	0.0621	0.0621	0.0610
0.0575	0.0580	0.0580	0.0575
0.0552	0.0542	0.0542	0.0552
0.0544	0.0541	0.0541	0.0544
0.0538	0.0538	0.0538	0.0538
0.0536	0.0537	0.0537	0.0536
0.0536	0.0536	0.0536	0.0536
0.0536	0.0536	0.0536	0.0536
0.0536	0.0536	0.0536	0.0536
0.0536	0.0536	0.0536	0.0536
0.0536	0.0536	0.0536	0.0536
0.0536	0.0536	0.0536	0.0536
0.0536	0.0536	0.0536	0.0536
0.0536	0.0536	0.0536	0.0536
0.0536	0.0536	0.0536	0.0536
0.0536	0.0536	0.0536	0.0536
0.0536	0.0536	0.0536	0.0536
0.0536	0.0536	0.0536	0.0536
0.0537	0.0535	0.0535	0.0537
0.0536	0.0536	0.0536	0.0536
0.0536	0.0536	0.0536	0.0536
0.0535	0.0537	0.0537	0.0535
0.0536	0.0536	0.0536	0.0536
0.0540	0.0532	0.0532	0.0540
0.0536	0.0536	0.0536	0.0536
0.0536	0.0536	0.0536	0.0536
0.0536	0.0536	0.0536	0.0536
0.0536	0.0536	0.0536	0.0536
0.0536	0.0536	0.0536	0.0536
0.0536	0.0536	0.0536	0.0536
0.0538	0.0534	0.0534	0.0538
0.0536	0.0536	0.0536	0.0536
0.0536	0.0536	0.0536	0.0536
0.0536	0.0536	0.0536	0.0536
0.0536	0.0536	0.0536	0.0536
0.0536	0.0536	0.0536	0.0536
0.0536	0.0536	0.0536	0.0536
0.0536	0.0536	0.0536	0.0536
0.0536	0.0536	0.0536	0.0536
0.0536	0.0536	0.0536	0.0536
0.0536	0.0536	0.0536	0.0536
0.0536	0.0536	0.0536	0.0536
0.0536	0.0536	0.0536	0.0536
0.0536	0.0536	0.0536	0.0536
0.0536	0.0536	0.0536	0.0536
0.0536	0.0536	0.0536	0.0536
0.0536	0.0536	0.0536	0.0536
