3.5974	3.3765	3.6658	3.4355
2.8138	2.7102	2.8435	2.7403
2.4490	2.3730	2.4705	2.3947
2.1613	2.1046	2.1777	2.1203
1.9131	1.8699	1.9252	1.8825
1.6944	1.6621	1.7037	1.6718
1.5020	1.4779	1.5090	1.4850
1.3328	1.3145	1.3381	1.3196
1.1831	1.1689	1.1869	1.1734
1.0511	1.0404	1.0539	1.0442
0.9349	0.9266	0.9365	0.9292
0.8319	0.8261	0.8338	0.8275
0.7412	0.7365	0.7422	0.7380
0.6606	0.6575	0.6617	0.6587
0.5903	0.5878	0.5908	0.5884
0.5276	0.5259	0.5281	0.5264
0.4725	0.4711	0.4727	0.4713
0.4239	0.4227	0.4234	0.4229
0.3806	0.3796	0.3808	0.3800
0.3424	0.3414	0.3426	0.3419
0.3088	0.3084	0.3091	0.3084
0.2795	0.2783	0.2787	0.2791
0.2528	0.2527	0.2532	0.2527
0.2299	0.2299	0.2301	0.2299
0.2091	0.2092	0.2094	0.2090
0.1912	0.1904	0.1905	0.1910
0.1757	0.1757	0.1757	0.1757
0.1609	0.1601	0.1601	0.1608
0.1485	0.1482	0.1483	0.1484
0.1375	0.1374	0.1374	0.1375
0.1276	0.1272	0.1272	0.1275
0.1189	0.1192	0.1192	0.1189
0.1122	0.1127	0.1127	0.1122
0.1038	0.1036	0.1036	0.1038
0.0989	0.0988	0.0988	0.0989
0.0936	0.0936	0.0936	0.0936
0.0893	0.0892	0.0893	0.0893
0.0836	0.0836	0.0836	0.0836
0.0836	0.0834	0.0834	0.0836
0.0766	0.0771	0.0771	0.0766
0.0736	0.0736	0.0736	0.0736
0.0736	0.0736	0.0736	0.0736
0.0732	0.0734	0.0734	0.0732
0.0674	0.0681	0.0681	0.0674
0.0639	0.0638	0.0638	0.0639
0.0636	0.0636	0.0636	0.0636
0.0636	0.0636	0.0636	0.0636
0.0635	0.0637	0.0637	0.0635
0.0636	0.0636	0.0636	0.0636
0.0635	0.0635	0.0635	0.0635
0.0631	0.0632	0.0632	0.0631
0.0614	0.0616	0.0616	0.0614
0.0580	0.0578	0.0578	0.0580
0.0545	0.0543	0.0543	0.0545
0.0542	0.0543	0.0543	0.0542
0.0541	0.0539	0.0539	0.0541
0.0536	0.0536	0.0536	0.0536
0.0536	0.0536	0.0536	0.0536
0.0536	0.0537	0.0537	0.0536
0.0536	0.0536	0.0536	0.0536
0.0536	0.0536	0.0536	0.0536
0.0536	0.0536	0.0536	0.0536
0.0536	0.0536	0.0536	0.0536
0.0536	0.0536	0.0536	0.0536
0.0537	0.0535	0.0535	0.0537
0.0536	0.0536	0.0536	0.0536
0.0536	0.0536	0.0536	0.0536
0.0536	0.0536	0.0536	0.0536
0.0536	0.0536	0.0536	0.0536
0.0536	0.0536	0.0536	0.0536
0.0536	0.0536	0.0536	0.0536
0.0536	0.0536	0.0536	0.0536
0.0536	0.0536	0.0536	0.0536
0.0536	0.0536	0.0536	0.0536
0.0536	0.0536	0.0536	0.0536
0.0537	0.0535	0.0535	0.0537
0.0536	0.0536	0.0536	0.0536
0.0536	0.0536	0.0536	0.0536
0.0536	0.0536	0.0536	0.0536
0.0535	0.0537	0.0537	0.0535
0.0536	0.0536	0.0536	0.0536
0.0537	0.0535	0.0535	0.0537
0.0536	0.0536	0.0536	0.0536
0.0536	0.0536	0.0536	0.0536
0.0536	0.0536	0.0536	0.0536
0.0536	0.0536	0.0536	0.0536
0.0536	0.0536	0.0536	0.0536
0.0535	0.0537	0.0537	0.0535
0.0536	0.0536	0.0536	0.0536
0.0535	0.0537	0.0537	0.0535
0.0536	0.0536	0.0536	0.0536
0.0536	0.0536	0.0536	0.0536
0.0536	0.0536	0.0536	0.0536
0.0536	0.0536	0.0536	0.0536
0.0536	0.0536	0.0536	0.0536
0.0535	0.0537	0.0537	0.0535
0.0536	0.0536	0.0536	0.0536
0.0536	0.0536	0.0536	0.0536
0.0536	0.0536	0.0536	0.0536
0.0536	0.0536	0.0536	0.0536
