4.3052	4.3765	4.5031	4.5714
3.4392	3.4709	3.5287	3.5605
3.0057	3.0296	3.0720	3.0952
2.6619	2.6790	2.7108	2.7288
2.3618	2.3751	2.3992	2.4123
2.0966	2.1069	2.1245	2.1347
1.8612	1.8689	1.8826	1.8903
1.6536	1.6589	1.6690	1.6745
1.4691	1.4729	1.4805	1.4846
1.3052	1.3084	1.3136	1.3172
1.1603	1.1631	1.1671	1.1692
1.0322	1.0342	1.0375	1.0391
0.9192	0.9205	0.9231	0.9237
0.8184	0.8199	0.8214	0.8224
0.7300	0.7309	0.7319	0.7329
0.6515	0.6521	0.6531	0.6537
0.5822	0.5828	0.5831	0.5837
0.5206	0.5211	0.5218	0.5220
0.4664	0.4668	0.4671	0.4672
0.4186	0.4191	0.4194	0.4195
0.3762	0.3760	0.3766	0.3767
0.3385	0.3385	0.3388	0.3392
0.3056	0.3059	0.3060	0.3062
0.2764	0.2758	0.2759	0.2767
0.2506	0.2509	0.2510	0.2509
0.2274	0.2274	0.2275	0.2274
0.2074	0.2076	0.2077	0.2074
0.1892	0.1890	0.1891	0.1893
0.1735	0.1739	0.1740	0.1735
0.1595	0.1594	0.1594	0.1595
0.1472	0.1473	0.1473	0.1473
0.1365	0.1363	0.1365	0.1366
0.1267	0.1263	0.1263	0.1268
0.1182	0.1182	0.1182	0.1182
0.1114	0.1116	0.1116	0.1115
0.1036	0.1038	0.1038	0.1036
0.0983	0.0983	0.0983	0.0983
0.0936	0.0936	0.0936	0.0936
0.0885	0.0879	0.0879	0.0885
0.0836	0.0836	0.0836	0.0836
0.0833	0.0834	0.0834	0.0833
0.0754	0.0758	0.0758	0.0754
0.0736	0.0736	0.0736	0.0736
0.0736	0.0736	0.0736	0.0736
0.0733	0.0732	0.0732	0.0733
0.0674	0.0673	0.0673	0.0674
0.0639	0.0636	0.0636	0.0639
0.0636	0.0636	0.0636	0.0636
0.0636	0.0636	0.0636	0.0636
0.0636	0.0636	0.0636	0.0636
0.0636	0.0636	0.0636	0.0636
0.0636	0.0634	0.0634	0.0636
0.0626	0.0630	0.0630	0.0626
0.0616	0.0612	0.0612	0.0616
0.0569	0.0577	0.0577	0.0569
0.0541	0.0548	0.0548	0.0541
0.0548	0.0544	0.0544	0.0548
0.0538	0.0537	0.0537	0.0538
0.0536	0.0536	0.0536	0.0536
0.0536	0.0536	0.0536	0.0536
0.0536	0.0536	0.0536	0.0536
0.0536	0.0536	0.0536	0.0536
0.0536	0.0536	0.0536	0.0536
0.0536	0.0536	0.0536	0.0536
0.0536	0.0536	0.0536	0.0536
0.0536	0.0536	0.0536	0.0536
0.0536	0.0536	0.0536	0.0536
0.0537	0.0535	0.0535	0.0537
0.0536	0.0536	0.0536	0.0536
0.0536	0.0536	0.0536	0.0536
0.0538	0.0534	0.0534	0.0538
0.0536	0.0536	0.0536	0.0536
0.0536	0.0536	0.0536	0.0536
0.0536	0.0536	0.0536	0.0536
0.0536	0.0536	0.0536	0.0536
0.0536	0.0536	0.0536	0.0536
0.0536	0.0536	0.0536	0.0536
0.0536	0.0536	0.0536	0.0536
0.0536	0.0536	0.0536	0.0536
0.0536	0.0536	0.0536	0.0536
0.0536	0.0536	0.0536	0.0536
0.0536	0.0536	0.0536	0.0536
0.0536	0.0536	0.0536	0.0536
0.0536	0.0536	0.0536	0.0536
0.0536	0.0536	0.0536	0.0536
0.0537	0.0535	0.0535	0.0537
0.0536	0.0536	0.0536	0.0536
0.0535	0.0537	0.0537	0.0535
0.0536	0.0536	0.0536	0.0536
0.0536	0.0536	0.0536	0.0536
0.0536	0.0536	0.0536	0.0536
0.0536	0.0536	0.0536	0.0536
0.0537	0.0535	0.0535	0.0537
0.0535	0.0537	0.0537	0.0535
0.0536	0.0536	0.0536	0.0536
0.0536	0.0536	0.0536	0.0536
0.0536	0.0536	0.0536	0.0536
0.0536	0.0536	0.0536	0.0536
0.0536	0.0536	0.0536	0.0536
0.0536	0.0536	0.0536	0.0536
