5.4333	5.3064	5.5052	5.4016
4.2717	4.2186	4.3094	4.2573
3.7206	3.6817	3.7488	3.7108
3.2856	3.2558	3.3058	3.2774
2.9073	2.8859	2.9237	2.9015
2.5753	2.5588	2.5870	2.5710
2.2814	2.2691	2.2902	2.2783
2.0223	2.0135	2.0294	2.0199
1.7935	1.7859	1.7980	1.7911
1.5908	1.5858	1.5946	1.5895
1.4119	1.4080	1.4149	1.4110
1.2540	1.2515	1.2561	1.2526
1.1147	1.1124	1.1157	1.1141
0.9906	0.9891	0.9924	0.9901
0.8820	0.8805	0.8827	0.8819
0.7854	0.7842	0.7862	0.7854
0.7005	0.6995	0.7010	0.7001
0.6255	0.6246	0.6255	0.6253
0.5588	0.5584	0.5592	0.5586
0.4996	0.4994	0.4999	0.4996
0.4479	0.4480	0.4483	0.4479
0.4022	0.4023	0.4025	0.4021
0.3614	0.3616	0.3621	0.3614
0.3257	0.3259	0.3260	0.3257
0.2944	0.2941	0.2942	0.2943
0.2658	0.2657	0.2657	0.2658
0.2419	0.2413	0.2414	0.2419
0.2198	0.2198	0.2198	0.2198
0.1998	0.2000	0.2000	0.1998
0.1834	0.1831	0.1831	0.1834
0.1682	0.1680	0.1680	0.1682
0.1555	0.1555	0.1555	0.1554
0.1425	0.1429	0.1429	0.1425
0.1326	0.1332	0.1332	0.1326
0.1234	0.1240	0.1240	0.1234
0.1144	0.1145	0.1145	0.1144
0.1083	0.1074	0.1074	0.1083
0.1033	0.1034	0.1034	0.1033
0.0944	0.0943	0.0943	0.0944
0.0935	0.0932	0.0932	0.0935
0.0844	0.0847	0.0847	0.0844
0.0836	0.0836	0.0836	0.0836
0.0819	0.0813	0.0813	0.0819
0.0736	0.0740	0.0740	0.0736
0.0736	0.0736	0.0736	0.0736
0.0736	0.0736	0.0736	0.0736
0.0723	0.0723	0.0723	0.0723
0.0643	0.0651	0.0651	0.0643
0.0636	0.0636	0.0636	0.0636
0.0636	0.0636	0.0636	0.0636
0.0636	0.0636	0.0636	0.0636
0.0636	0.0636	0.0636	0.0636
0.0637	0.0635	0.0635	0.0637
0.0635	0.0635	0.0635	0.0635
0.0627	0.0628	0.0628	0.0627
0.0607	0.0598	0.0598	0.0607
0.0561	0.0556	0.0556	0.0561
0.0545	0.0544	0.0544	0.0545
0.0542	0.0544	0.0544	0.0542
0.0537	0.0538	0.0538	0.0537
0.0537	0.0537	0.0537	0.0537
0.0538	0.0536	0.0536	0.0538
0.0536	0.0536	0.0536	0.0536
0.0536	0.0536	0.0536	0.0536
0.0536	0.0536	0.0536	0.0536
0.0536	0.0536	0.0536	0.0536
0.0536	0.0536	0.0536	0.0536
0.0536	0.0536	0.0536	0.0536
0.0536	0.0536	0.0536	0.0536
0.0536	0.0536	0.0536	0.0536
0.0537	0.0535	0.0535	0.0537
0.0536	0.0536	0.0536	0.0536
0.0537	0.0535	0.0535	0.0537
0.0537	0.0535	0.0535	0.0537
0.0536	0.0536	0.0536	0.0536
0.0537	0.0535	0.0535	0.0537
0.0536	0.0536	0.0536	0.0536
0.0536	0.0536	0.0536	0.0536
0.0536	0.0536	0.0536	0.0536
0.0537	0.0535	0.0535	0.0537
0.0536	0.0536	0.0536	0.0536
0.0536	0.0536	0.0536	0.0536
0.0536	0.0536	0.0536	0.0536
0.0536	0.0536	0.0536	0.0536
0.0536	0.0536	0.0536	0.0536
0.0536	0.0536	0.0536	0.0536
0.0536	0.0536	0.0536	0.0536
0.0536	0.0536	0.0536	0.0536
0.0536	0.0536	0.0536	0.0536
0.0536	0.0536	0.0536	0.0536
0.0536	0.0536	0.0536	0.0536
0.0536	0.0536	0.0536	0.0536
0.0536	0.0536	0.0536	0.0536
0.0536	0.0536	0.0536	0.0536
0.0536	0.0536	0.0536	0.0536
0.0536	0.0536	0.0536	0.0536
0.0536	0.0536	0.0536	0.0536
0.0536	0.0536	0.0536	0.0536
0.0536	0.0536	0.0536	0.0536
0.0536	0.0536	0.0536	0.0536
