6.2952	6.2970	6.2447	6.2726
4.9498	4.9566	4.9321	4.9392
4.3109	4.3158	4.2982	4.3030
3.8057	3.8089	3.7958	3.7999
3.3675	3.3702	3.3603	3.3631
2.9818	2.9837	2.9761	2.9783
2.6412	2.6425	2.6366	2.6388
2.3403	2.3409	2.3369	2.3380
2.0743	2.0750	2.0719	2.0726
1.8385	1.8399	1.8374	1.8376
1.6311	1.6318	1.6299	1.6304
1.4479	1.4481	1.4469	1.4472
1.2857	1.2859	1.2845	1.2852
1.1422	1.1426	1.1419	1.1419
1.0157	1.0158	1.0156	1.0156
0.9039	0.9038	0.9031	0.9037
0.8047	0.8053	0.8049	0.8046
0.7176	0.7174	0.7172	0.7176
0.6405	0.6402	0.6401	0.6404
0.5721	0.5722	0.5721	0.5719
0.5115	0.5119	0.5118	0.5115
0.4582	0.4586	0.4585	0.4581
0.4117	0.4115	0.4115	0.4116
0.3699	0.3697	0.3695	0.3699
0.3331	0.3334	0.3332	0.3331
0.3006	0.3004	0.3004	0.3006
0.2719	0.2723	0.2722	0.2719
0.2461	0.2456	0.2456	0.2461
0.2242	0.2239	0.2239	0.2242
0.2046	0.2041	0.2041	0.2046
0.1874	0.1873	0.1873	0.1874
0.1706	0.1711	0.1710	0.1706
0.1578	0.1576	0.1576	0.1578
0.1458	0.1457	0.1457	0.1458
0.1347	0.1351	0.1351	0.1347
0.1250	0.1250	0.1250	0.1250
0.1165	0.1165	0.1165	0.1165
0.1102	0.1099	0.1099	0.1102
0.1037	0.1035	0.1035	0.1037
0.0962	0.0962	0.0962	0.0962
0.0936	0.0935	0.0935	0.0936
0.0868	0.0863	0.0863	0.0868
0.0836	0.0836	0.0836	0.0836
0.0829	0.0829	0.0829	0.0829
0.0750	0.0743	0.0743	0.0750
0.0736	0.0736	0.0736	0.0736
0.0736	0.0736	0.0736	0.0736
0.0728	0.0727	0.0727	0.0728
0.0666	0.0655	0.0655	0.0666
0.0637	0.0636	0.0636	0.0637
0.0639	0.0633	0.0633	0.0639
0.0634	0.0638	0.0638	0.0634
0.0636	0.0636	0.0636	0.0636
0.0636	0.0636	0.0636	0.0636
0.0634	0.0636	0.0636	0.0634
0.0623	0.0632	0.0632	0.0623
0.0614	0.0612	0.0612	0.0614
0.0566	0.0562	0.0562	0.0566
0.0547	0.0543	0.0543	0.0547
0.0543	0.0541	0.0541	0.0543
0.0538	0.0538	0.0538	0.0538
0.0536	0.0536	0.0536	0.0536
0.0536	0.0536	0.0536	0.0536
0.0536	0.0536	0.0536	0.0536
0.0536	0.0536	0.0536	0.0536
0.0536	0.0536	0.0536	0.0536
0.0536	0.0536	0.0536	0.0536
0.0536	0.0536	0.0536	0.0536
0.0536	0.0536	0.0536	0.0536
0.0536	0.0536	0.0536	0.0536
0.0536	0.0536	0.0536	0.0536
0.0536	0.0536	0.0536	0.0536
0.0536	0.0536	0.0536	0.0536
0.0536	0.0537	0.0537	0.0536
0.0536	0.0536	0.0536	0.0536
0.0536	0.0536	0.0536	0.0536
0.0535	0.0537	0.0537	0.0535
0.0536	0.0536	0.0536	0.0536
0.0536	0.0536	0.0536	0.0536
0.0536	0.0536	0.0536	0.0536
0.0536	0.0537	0.0537	0.0536
0.0536	0.0536	0.0536	0.0536
0.0536	0.0536	0.0536	0.0536
0.0536	0.0536	0.0536	0.0536
0.0536	0.0536	0.0536	0.0536
0.0536	0.0536	0.0536	0.0536
0.0536	0.0536	0.0536	0.0536
0.0536	0.0536	0.0536	0.0536
0.0536	0.0536	0.0536	0.0536
0.0536	0.0536	0.0536	0.0536
0.0536	0.0536	0.0536	0.0536
0.0535	0.0537	0.0537	0.0535
0.0536	0.0536	0.0536	0.0536
0.0536	0.0536	0.0536	0.0536
0.0536	0.0536	0.0536	0.0536
0.0536	0.0536	0.0536	0.0536
0.0536	0.0536	0.0536	0.0536
0.0536	0.0536	0.0536	0.0536
0.0536	0.0536	0.0536	0.0536
0.0536	0.0536	0.0536	0.0536
