4.1521	4.2187	3.9967	4.0702
3.2594	3.2912	3.1898	3.2225
2.8391	2.8631	2.7882	2.8116
2.5068	2.5249	2.4685	2.4865
2.2193	2.2328	2.1906	2.2036
1.9663	1.9763	1.9449	1.9551
1.7436	1.7504	1.7268	1.7346
1.5460	1.5520	1.5339	1.5392
1.3724	1.3763	1.3629	1.3669
1.2183	1.2220	1.2119	1.2143
1.0826	1.0855	1.0775	1.0801
0.9632	0.9650	0.9588	0.9608
0.8575	0.8586	0.8542	0.8555
0.7633	0.7646	0.7614	0.7624
0.6810	0.6822	0.6794	0.6798
0.6080	0.6085	0.6066	0.6071
0.5434	0.5438	0.5425	0.5429
0.4863	0.4870	0.4856	0.4861
0.4359	0.4362	0.4355	0.4355
0.3919	0.3921	0.3912	0.3915
0.3524	0.3523	0.3520	0.3523
0.3174	0.3178	0.3175	0.3173
0.2869	0.2871	0.2866	0.2869
0.2598	0.2600	0.2597	0.2597
0.2352	0.2356	0.2356	0.2352
0.2148	0.2144	0.2141	0.2148
0.1957	0.1963	0.1963	0.1956
0.1791	0.1788	0.1788	0.1791
0.1656	0.1654	0.1653	0.1655
0.1513	0.1511	0.1511	0.1513
0.1401	0.1403	0.1402	0.1401
0.1301	0.1305	0.1305	0.1301
0.1220	0.1220	0.1220	0.1220
0.1136	0.1136	0.1136	0.1136
0.1053	0.1054	0.1054	0.1053
0.1017	0.1016	0.1016	0.1017
0.0937	0.0936	0.0936	0.0937
0.0915	0.0915	0.0915	0.0915
0.0838	0.0837	0.0837	0.0838
0.0836	0.0836	0.0836	0.0836
0.0782	0.0798	0.0798	0.0782
0.0737	0.0737	0.0737	0.0737
0.0736	0.0736	0.0736	0.0736
0.0736	0.0735	0.0735	0.0736
0.0701	0.0705	0.0705	0.0701
0.0640	0.0643	0.0643	0.0640
0.0637	0.0636	0.0636	0.0637
0.0636	0.0636	0.0636	0.0636
0.0636	0.0636	0.0636	0.0636
0.0636	0.0636	0.0636	0.0636
0.0636	0.0636	0.0636	0.0636
0.0634	0.0634	0.0634	0.0634
0.0622	0.0622	0.0622	0.0622
0.0587	0.0590	0.0590	0.0587
0.0552	0.0554	0.0554	0.0552
0.0540	0.0544	0.0544	0.0540
0.0538	0.0539	0.0539	0.0538
0.0538	0.0536	0.0536	0.0538
0.0537	0.0536	0.0536	0.0537
0.0536	0.0536	0.0536	0.0536
0.0536	0.0536	0.0536	0.0536
0.0536	0.0536	0.0536	0.0536
0.0535	0.0537	0.0537	0.0535
0.0536	0.0536	0.0536	0.0536
0.0536	0.0536	0.0536	0.0536
0.0536	0.0536	0.0536	0.0536
0.0536	0.0536	0.0536	0.0536
0.0536	0.0536	0.0536	0.0536
0.0536	0.0536	0.0536	0.0536
0.0536	0.0536	0.0536	0.0536
0.0537	0.0535	0.0535	0.0537
0.0536	0.0536	0.0536	0.0536
0.0536	0.0536	0.0536	0.0536
0.0536	0.0536	0.0536	0.0536
0.0536	0.0536	0.0536	0.0536
0.0536	0.0536	0.0536	0.0536
0.0536	0.0536	0.0536	0.0536
0.0535	0.0537	0.0537	0.0535
0.0536	0.0536	0.0536	0.0536
0.0536	0.0536	0.0536	0.0536
0.0535	0.0537	0.0537	0.0535
0.0536	0.0536	0.0536	0.0536
0.0536	0.0536	0.0536	0.0536
0.0536	0.0536	0.0536	0.0536
0.0536	0.0536	0.0536	0.0536
0.0536	0.0536	0.0536	0.0536
0.0536	0.0536	0.0536	0.0536
0.0535	0.0537	0.0537	0.0535
0.0536	0.0536	0.0536	0.0536
0.0536	0.0536	0.0536	0.0536
0.0536	0.0536	0.0536	0.0536
0.0536	0.0536	0.0536	0.0536
0.0536	0.0536	0.0536	0.0536
0.0536	0.0536	0.0536	0.0536
0.0536	0.0536	0.0536	0.0536
0.0536	0.0536	0.0536	0.0536
0.0536	0.0536	0.0536	0.0536
0.0536	0.0536	0.0536	0.0536
0.0535	0.0537	0.0537	0.0535
0.0537	0.0535	0.0535	0.0537
