2.9309	3.1208	2.9866	3.1876
2.3547	2.4441	2.3823	2.4721
2.0627	2.1282	2.0831	2.1489
1.8302	1.8793	1.8455	1.8946
1.6270	1.6639	1.6385	1.6756
1.4472	1.4750	1.4563	1.4839
1.2877	1.3083	1.2942	1.3145
1.1458	1.1612	1.1506	1.1666
1.0205	1.0320	1.0239	1.0357
0.9089	0.9178	0.9114	0.9209
0.8102	0.8170	0.8118	0.8190
0.7229	0.7279	0.7242	0.7296
0.6455	0.6489	0.6466	0.6500
0.5772	0.5799	0.5777	0.5806
0.5165	0.5186	0.5169	0.5192
0.4625	0.4641	0.4633	0.4646
0.4154	0.4162	0.4153	0.4169
0.3732	0.3743	0.3740	0.3747
0.3365	0.3372	0.3365	0.3375
0.3039	0.3038	0.3034	0.3043
0.2738	0.2747	0.2742	0.2746
0.2489	0.2494	0.2491	0.2494
0.2262	0.2259	0.2256	0.2262
0.2062	0.2063	0.2063	0.2064
0.1882	0.1886	0.1885	0.1883
0.1723	0.1725	0.1725	0.1726
0.1590	0.1586	0.1586	0.1591
0.1469	0.1466	0.1466	0.1469
0.1357	0.1356	0.1356	0.1358
0.1259	0.1259	0.1259	0.1259
0.1175	0.1173	0.1173	0.1175
0.1112	0.1108	0.1108	0.1112
0.1036	0.1036	0.1036	0.1036
0.0975	0.0972	0.0972	0.0975
0.0936	0.0936	0.0936	0.0936
0.0880	0.0867	0.0867	0.0880
0.0836	0.0836	0.0836	0.0836
0.0834	0.0827	0.0827	0.0834
0.0751	0.0753	0.0753	0.0751
0.0736	0.0736	0.0736	0.0736
0.0736	0.0736	0.0736	0.0736
0.0730	0.0733	0.0733	0.0730
0.0664	0.0674	0.0674	0.0664
0.0636	0.0636	0.0636	0.0636
0.0636	0.0636	0.0636	0.0636
0.0635	0.0637	0.0637	0.0635
0.0635	0.0637	0.0637	0.0635
0.0655	0.0616	0.0616	0.0655
0.0636	0.0636	0.0636	0.0636
0.0633	0.0625	0.0625	0.0633
0.0606	0.0622	0.0622	0.0606
0.0570	0.0567	0.0567	0.0570
0.0548	0.0552	0.0552	0.0548
0.0543	0.0541	0.0541	0.0543
0.0539	0.0538	0.0538	0.0539
0.0536	0.0537	0.0537	0.0536
0.0536	0.0537	0.0537	0.0536
0.0536	0.0536	0.0536	0.0536
0.0535	0.0538	0.0538	0.0535
0.0536	0.0536	0.0536	0.0536
0.0536	0.0536	0.0536	0.0536
0.0536	0.0536	0.0536	0.0536
0.0536	0.0536	0.0536	0.0536
0.0536	0.0536	0.0536	0.0536
0.0536	0.0536	0.0536	0.0536
0.0536	0.0536	0.0536	0.0536
0.0536	0.0536	0.0536	0.0536
0.0536	0.0536	0.0536	0.0536
0.0536	0.0536	0.0536	0.0536
0.0536	0.0536	0.0536	0.0536
0.0536	0.0536	0.0536	0.0536
0.0537	0.0536	0.0536	0.0537
0.0536	0.0536	0.0536	0.0536
0.0535	0.0537	0.0537	0.0535
0.0536	0.0536	0.0536	0.0536
0.0536	0.0536	0.0536	0.0536
0.0536	0.0536	0.0536	0.0536
0.0536	0.0536	0.0536	0.0536
0.0536	0.0536	0.0536	0.0536
0.0536	0.0536	0.0536	0.0536
0.0537	0.0535	0.0535	0.0537
0.0536	0.0536	0.0536	0.0536
0.0536	0.0536	0.0536	0.0536
0.0536	0.0536	0.0536	0.0536
0.0536	0.0536	0.0536	0.0536
0.0536	0.0536	0.0536	0.0536
0.0536	0.0536	0.0536	0.0536
0.0536	0.0536	0.0536	0.0536
0.0536	0.0536	0.0536	0.0536
0.0536	0.0536	0.0536	0.0536
0.0536	0.0536	0.0536	0.0536
0.0536	0.0536	0.0536	0.0536
0.0536	0.0536	0.0536	0.0536
0.0536	0.0536	0.0536	0.0536
0.0536	0.0536	0.0536	0.0536
0.0536	0.0536	0.0536	0.0536
0.0536	0.0536	0.0536	0.0536
0.0536	0.0536	0.0536	0.0536
0.0536	0.0536	0.0536	0.0536
0.0535	0.0537	0.0537	0.0535
