4.8825	4.9140	4.9208	4.9621
3.8593	3.8759	3.8794	3.8961
3.3661	3.3781	3.3806	3.3927
2.9751	2.9839	2.9858	2.9951
2.6357	2.6422	2.6434	2.6509
2.3357	2.3411	2.3422	2.3474
2.0714	2.0751	2.0758	2.0798
1.8370	1.8403	1.8407	1.8441
1.6302	1.6321	1.6328	1.6351
1.4477	1.4485	1.4488	1.4505
1.2856	1.2864	1.2868	1.2880
1.1419	1.1436	1.1439	1.1442
1.0164	1.0164	1.0166	1.0175
0.9042	0.9043	0.9043	0.9051
0.8052	0.8057	0.8058	0.8063
0.7181	0.7180	0.7180	0.7187
0.6404	0.6410	0.6410	0.6409
0.5733	0.5720	0.5720	0.5737
0.5124	0.5121	0.5121	0.5127
0.4587	0.4589	0.4589	0.4589
0.4121	0.4115	0.4115	0.4123
0.3700	0.3702	0.3702	0.3703
0.3335	0.3335	0.3335	0.3336
0.3006	0.3006	0.3006	0.3006
0.2724	0.2723	0.2723	0.2724
0.2464	0.2462	0.2462	0.2464
0.2243	0.2239	0.2239	0.2243
0.2042	0.2045	0.2045	0.2042
0.1875	0.1873	0.1873	0.1875
0.1709	0.1708	0.1708	0.1709
0.1578	0.1575	0.1575	0.1578
0.1459	0.1461	0.1461	0.1459
0.1348	0.1348	0.1348	0.1348
0.1250	0.1250	0.1250	0.1250
0.1165	0.1166	0.1166	0.1165
0.1102	0.1100	0.1100	0.1102
0.1036	0.1036	0.1036	0.1036
0.0968	0.0961	0.0961	0.0968
0.0937	0.0935	0.0935	0.0937
0.0866	0.0870	0.0870	0.0866
0.0836	0.0836	0.0836	0.0836
0.0829	0.0830	0.0830	0.0829
0.0742	0.0747	0.0747	0.0742
0.0737	0.0735	0.0735	0.0737
0.0736	0.0736	0.0736	0.0736
0.0730	0.0731	0.0731	0.0730
0.0662	0.0662	0.0662	0.0662
0.0635	0.0638	0.0638	0.0635
0.0636	0.0636	0.0636	0.0636
0.0636	0.0636	0.0636	0.0636
0.0636	0.0636	0.0636	0.0636
0.0636	0.0636	0.0636	0.0636
0.0634	0.0636	0.0636	0.0634
0.0628	0.0630	0.0630	0.0628
0.0609	0.0607	0.0607	0.0609
0.0562	0.0563	0.0563	0.0562
0.0544	0.0545	0.0545	0.0544
0.0539	0.0540	0.0540	0.0539
0.0537	0.0539	0.0539	0.0537
0.0536	0.0536	0.0536	0.0536
0.0536	0.0536	0.0536	0.0536
0.0536	0.0536	0.0536	0.0536
0.0536	0.0536	0.0536	0.0536
0.0536	0.0536	0.0536	0.0536
0.0536	0.0536	0.0536	0.0536
0.0536	0.0536	0.0536	0.0536
0.0536	0.0536	0.0536	0.0536
0.0535	0.0537	0.0537	0.0535
0.0536	0.0536	0.0536	0.0536
0.0536	0.0536	0.0536	0.0536
0.0536	0.0536	0.0536	0.0536
0.0536	0.0536	0.0536	0.0536
0.0536	0.0536	0.0536	0.0536
0.0536	0.0536	0.0536	0.0536
0.0542	0.0530	0.0530	0.0542
0.0535	0.0538	0.0538	0.0535
0.0536	0.0536	0.0536	0.0536
0.0536	0.0536	0.0536	0.0536
0.0536	0.0536	0.0536	0.0536
0.0536	0.0536	0.0536	0.0536
0.0536	0.0536	0.0536	0.0536
0.0537	0.0536	0.0536	0.0537
0.0536	0.0536	0.0536	0.0536
0.0536	0.0536	0.0536	0.0536
0.0536	0.0536	0.0536	0.0536
0.0536	0.0536	0.0536	0.0536
0.0536	0.0536	0.0536	0.0536
0.0535	0.0537	0.0537	0.0535
0.0536	0.0536	0.0536	0.0536
0.0536	0.0536	0.0536	0.0536
0.0535	0.0537	0.0537	0.0535
0.0537	0.0535	0.0535	0.0537
0.0536	0.0536	0.0536	0.0536
0.0536	0.0536	0.0536	0.0536
0.0536	0.0536	0.0536	0.0536
0.0536	0.0536	0.0536	0.0536
0.0536	0.0536	0.0536	0.0536
0.0536	0.0536	0.0536	0.0536
0.0536	0.0536	0.0536	0.0536
0.0536	0.0536	0.0536	0.0536
