3.4984	3.6282	3.4397	3.5770
2.7716	2.8331	2.7462	2.8082
2.4199	2.4656	2.4017	2.4465
2.1409	2.1752	2.1272	2.1611
1.8990	1.9243	1.8885	1.9136
1.6851	1.7042	1.6776	1.6963
1.4960	1.5106	1.4904	1.5047
1.3287	1.3399	1.3246	1.3358
1.1812	1.1890	1.1775	1.1861
1.0504	1.0564	1.0481	1.0537
0.9347	0.9395	0.9329	0.9374
0.8323	0.8359	0.8311	0.8346
0.7419	0.7442	0.7409	0.7435
0.6618	0.6642	0.6618	0.6627
0.5911	0.5930	0.5909	0.5923
0.5288	0.5302	0.5285	0.5295
0.4736	0.4747	0.4734	0.4741
0.4242	0.4257	0.4247	0.4247
0.3818	0.3821	0.3816	0.3818
0.3437	0.3439	0.3433	0.3440
0.3098	0.3104	0.3102	0.3099
0.2799	0.2803	0.2802	0.2800
0.2537	0.2538	0.2535	0.2538
0.2308	0.2310	0.2308	0.2309
0.2096	0.2100	0.2098	0.2097
0.1914	0.1913	0.1913	0.1914
0.1762	0.1764	0.1763	0.1762
0.1606	0.1613	0.1613	0.1606
0.1488	0.1489	0.1489	0.1489
0.1378	0.1381	0.1381	0.1378
0.1279	0.1283	0.1283	0.1279
0.1197	0.1193	0.1193	0.1197
0.1133	0.1126	0.1126	0.1133
0.1037	0.1036	0.1036	0.1038
0.0992	0.0994	0.0994	0.0992
0.0935	0.0937	0.0937	0.0935
0.0899	0.0897	0.0897	0.0899
0.0836	0.0836	0.0836	0.0836
0.0836	0.0836	0.0836	0.0836
0.0767	0.0767	0.0767	0.0767
0.0739	0.0734	0.0734	0.0739
0.0736	0.0736	0.0736	0.0736
0.0733	0.0735	0.0735	0.0733
0.0680	0.0683	0.0683	0.0680
0.0638	0.0640	0.0640	0.0638
0.0636	0.0636	0.0636	0.0636
0.0637	0.0636	0.0636	0.0637
0.0636	0.0636	0.0636	0.0636
0.0636	0.0636	0.0636	0.0636
0.0636	0.0636	0.0636	0.0636
0.0630	0.0632	0.0632	0.0630
0.0621	0.0618	0.0618	0.0621
0.0581	0.0579	0.0579	0.0581
0.0551	0.0551	0.0551	0.0551
0.0541	0.0544	0.0544	0.0541
0.0537	0.0537	0.0537	0.0537
0.0535	0.0537	0.0537	0.0535
0.0538	0.0535	0.0535	0.0538
0.0536	0.0537	0.0537	0.0536
0.0536	0.0536	0.0536	0.0536
0.0536	0.0536	0.0536	0.0536
0.0536	0.0536	0.0536	0.0536
0.0536	0.0536	0.0536	0.0536
0.0536	0.0536	0.0536	0.0536
0.0536	0.0536	0.0536	0.0536
0.0536	0.0536	0.0536	0.0536
0.0536	0.0536	0.0536	0.0536
0.0536	0.0536	0.0536	0.0536
0.0536	0.0536	0.0536	0.0536
0.0536	0.0536	0.0536	0.0536
0.0536	0.0536	0.0536	0.0536
0.0536	0.0536	0.0536	0.0536
0.0536	0.0536	0.0536	0.0536
0.0536	0.0536	0.0536	0.0536
0.0536	0.0536	0.0536	0.0536
0.0536	0.0536	0.0536	0.0536
0.0536	0.0536	0.0536	0.0536
0.0536	0.0536	0.0536	0.0536
0.0536	0.0536	0.0536	0.0536
0.0536	0.0536	0.0536	0.0536
0.0536	0.0536	0.0536	0.0536
0.0536	0.0536	0.0536	0.0536
0.0536	0.0536	0.0536	0.0536
0.0536	0.0536	0.0536	0.0536
0.0536	0.0536	0.0536	0.0536
0.0536	0.0536	0.0536	0.0536
0.0536	0.0536	0.0536	0.0536
0.0536	0.0536	0.0536	0.0536
0.0536	0.0536	0.0536	0.0536
0.0535	0.0537	0.0537	0.0535
0.0536	0.0536	0.0536	0.0536
0.0537	0.0535	0.0535	0.0537
0.0536	0.0536	0.0536	0.0536
0.0536	0.0536	0.0536	0.0536
0.0536	0.0536	0.0536	0.0536
0.0536	0.0536	0.0536	0.0536
0.0536	0.0536	0.0536	0.0536
0.0536	0.0536	0.0536	0.0536
0.0536	0.0536	0.0536	0.0536
0.0536	0.0536	0.0536	0.0536
