4.0244	4.0454	4.2907	4.3144
3.2202	3.2309	3.3435	3.3540
2.8168	2.8243	2.9072	2.9142
2.4955	2.5014	2.5631	2.5690
2.2155	2.2198	2.2661	2.2711
1.9678	1.9709	2.0057	2.0095
1.7480	1.7503	1.7764	1.7789
1.5527	1.5547	1.5744	1.5761
1.3801	1.3814	1.3963	1.3974
1.2268	1.2281	1.2392	1.2402
1.0916	1.0925	1.1005	1.1016
0.9713	0.9718	0.9783	0.9790
0.8650	0.8656	0.8705	0.8706
0.7712	0.7716	0.7751	0.7755
0.6879	0.6881	0.6909	0.6913
0.6145	0.6145	0.6165	0.6166
0.5492	0.5499	0.5514	0.5514
0.4917	0.4919	0.4930	0.4931
0.4412	0.4411	0.4421	0.4420
0.3958	0.3958	0.3965	0.3964
0.3564	0.3565	0.3570	0.3569
0.3209	0.3208	0.3213	0.3212
0.2902	0.2901	0.2902	0.2906
0.2627	0.2628	0.2628	0.2628
0.2383	0.2380	0.2384	0.2387
0.2168	0.2166	0.2166	0.2169
0.1977	0.1982	0.1982	0.1978
0.1809	0.1802	0.1803	0.1809
0.1669	0.1670	0.1671	0.1669
0.1531	0.1534	0.1534	0.1531
0.1415	0.1414	0.1414	0.1415
0.1317	0.1313	0.1313	0.1317
0.1228	0.1230	0.1230	0.1228
0.1139	0.1138	0.1138	0.1139
0.1067	0.1065	0.1065	0.1067
0.1025	0.1030	0.1030	0.1026
0.0939	0.0938	0.0938	0.0939
0.0923	0.0932	0.0932	0.0923
0.0838	0.0841	0.0841	0.0838
0.0836	0.0836	0.0836	0.0836
0.0806	0.0802	0.0802	0.0806
0.0737	0.0738	0.0738	0.0737
0.0736	0.0736	0.0736	0.0736
0.0736	0.0735	0.0735	0.0736
0.0712	0.0709	0.0709	0.0712
0.0640	0.0643	0.0643	0.0640
0.0636	0.0636	0.0636	0.0636
0.0636	0.0636	0.0636	0.0636
0.0636	0.0636	0.0636	0.0636
0.0636	0.0636	0.0636	0.0636
0.0633	0.0637	0.0637	0.0633
0.0635	0.0634	0.0634	0.0635
0.0620	0.0627	0.0627	0.0620
0.0594	0.0594	0.0594	0.0594
0.0554	0.0554	0.0554	0.0554
0.0542	0.0552	0.0552	0.0542
0.0539	0.0540	0.0540	0.0539
0.0538	0.0536	0.0536	0.0538
0.0537	0.0536	0.0536	0.0537
0.0537	0.0536	0.0536	0.0537
0.0536	0.0536	0.0536	0.0536
0.0537	0.0535	0.0535	0.0537
0.0536	0.0536	0.0536	0.0536
0.0536	0.0536	0.0536	0.0536
0.0536	0.0536	0.0536	0.0536
0.0535	0.0537	0.0537	0.0535
0.0536	0.0536	0.0536	0.0536
0.0536	0.0536	0.0536	0.0536
0.0536	0.0536	0.0536	0.0536
0.0536	0.0536	0.0536	0.0536
0.0536	0.0536	0.0536	0.0536
0.0536	0.0536	0.0536	0.0536
0.0536	0.0536	0.0536	0.0536
0.0537	0.0535	0.0535	0.0537
0.0536	0.0536	0.0536	0.0536
0.0533	0.0539	0.0539	0.0533
0.0536	0.0536	0.0536	0.0536
0.0536	0.0536	0.0536	0.0536
0.0536	0.0536	0.0536	0.0536
0.0537	0.0535	0.0535	0.0537
0.0536	0.0536	0.0536	0.0536
0.0537	0.0536	0.0536	0.0537
0.0536	0.0536	0.0536	0.0536
0.0536	0.0537	0.0537	0.0536
0.0536	0.0536	0.0536	0.0536
0.0536	0.0536	0.0536	0.0536
0.0536	0.0536	0.0536	0.0536
0.0536	0.0536	0.0536	0.0536
0.0536	0.0536	0.0536	0.0536
0.0537	0.0535	0.0535	0.0537
0.0536	0.0536	0.0536	0.0536
0.0536	0.0536	0.0536	0.0536
0.0535	0.0537	0.0537	0.0535
0.0536	0.0536	0.0536	0.0536
0.0536	0.0536	0.0536	0.0536
0.0536	0.0536	0.0536	0.0536
0.0536	0.0536	0.0536	0.0536
0.0536	0.0536	0.0536	0.0536
0.0536	0.0536	0.0536	0.0536
0.0536	0.0536	0.0536	0.0536
