4.6231	4.4545	4.6486	4.4972
3.6205	3.5472	3.6363	3.5623
3.1514	3.0978	3.1635	3.1091
2.7814	2.7409	2.7905	2.7500
2.4611	2.4311	2.4676	2.4376
2.1796	2.1567	2.1846	2.1615
1.9314	1.9138	1.9348	1.9174
1.7120	1.6990	1.7145	1.7016
1.5186	1.5086	1.5205	1.5109
1.3472	1.3403	1.3490	1.3416
1.1967	1.1906	1.1978	1.1926
1.0636	1.0600	1.0644	1.0601
0.9457	0.9430	0.9468	0.9431
0.8420	0.8396	0.8422	0.8401
0.7503	0.7486	0.7506	0.7490
0.6689	0.6678	0.6692	0.6682
0.5973	0.5967	0.5973	0.5965
0.5343	0.5333	0.5343	0.5337
0.4784	0.4776	0.4784	0.4781
0.4286	0.4286	0.4290	0.4284
0.3850	0.3848	0.3853	0.3848
0.3471	0.3467	0.3468	0.3468
0.3127	0.3119	0.3121	0.3126
0.2826	0.2821	0.2826	0.2825
0.2555	0.2550	0.2551	0.2554
0.2344	0.2298	0.2298	0.2344
0.2113	0.2115	0.2115	0.2113
0.1928	0.1931	0.1932	0.1928
0.1774	0.1772	0.1772	0.1774
0.1620	0.1621	0.1621	0.1620
0.1498	0.1498	0.1498	0.1498
0.1390	0.1384	0.1386	0.1389
0.1287	0.1285	0.1286	0.1286
0.1201	0.1202	0.1202	0.1201
0.1134	0.1131	0.1131	0.1134
0.1039	0.1041	0.1041	0.1039
0.0997	0.1001	0.1002	0.0997
0.0936	0.0936	0.0936	0.0936
0.0903	0.0905	0.0905	0.0903
0.0836	0.0836	0.0836	0.0836
0.0836	0.0836	0.0836	0.0836
0.0777	0.0777	0.0777	0.0777
0.0736	0.0736	0.0736	0.0736
0.0736	0.0736	0.0736	0.0736
0.0733	0.0735	0.0735	0.0733
0.0693	0.0689	0.0689	0.0693
0.0642	0.0638	0.0638	0.0642
0.0636	0.0636	0.0636	0.0636
0.0636	0.0636	0.0636	0.0636
0.0636	0.0636	0.0636	0.0636
0.0635	0.0637	0.0637	0.0635
0.0636	0.0635	0.0635	0.0636
0.0634	0.0632	0.0632	0.0634
0.0625	0.0623	0.0623	0.0625
0.0606	0.0561	0.0561	0.0606
0.0552	0.0551	0.0551	0.0552
0.0542	0.0542	0.0542	0.0542
0.0536	0.0539	0.0539	0.0536
0.0538	0.0535	0.0535	0.0538
0.0535	0.0537	0.0537	0.0535
0.0536	0.0536	0.0536	0.0536
0.0536	0.0536	0.0536	0.0536
0.0536	0.0536	0.0536	0.0536
0.0536	0.0536	0.0536	0.0536
0.0536	0.0536	0.0536	0.0536
0.0536	0.0536	0.0536	0.0536
0.0536	0.0536	0.0536	0.0536
0.0536	0.0536	0.0536	0.0536
0.0536	0.0536	0.0536	0.0536
0.0536	0.0536	0.0536	0.0536
0.0536	0.0536	0.0536	0.0536
0.0536	0.0536	0.0536	0.0536
0.0536	0.0537	0.0537	0.0536
0.0536	0.0536	0.0536	0.0536
0.0536	0.0536	0.0536	0.0536
0.0536	0.0536	0.0536	0.0536
0.0536	0.0536	0.0536	0.0536
0.0536	0.0536	0.0536	0.0536
0.0536	0.0536	0.0536	0.0536
0.0538	0.0534	0.0534	0.0538
0.0536	0.0536	0.0536	0.0536
0.0535	0.0537	0.0537	0.0535
0.0536	0.0536	0.0536	0.0536
0.0536	0.0536	0.0536	0.0536
0.0536	0.0536	0.0536	0.0536
0.0536	0.0536	0.0536	0.0536
0.0537	0.0535	0.0535	0.0537
0.0536	0.0536	0.0536	0.0536
0.0536	0.0536	0.0536	0.0536
0.0536	0.0536	0.0536	0.0536
0.0536	0.0536	0.0536	0.0536
0.0536	0.0536	0.0536	0.0536
0.0536	0.0536	0.0536	0.0536
0.0536	0.0536	0.0536	0.0536
0.0536	0.0536	0.0536	0.0536
0.0536	0.0536	0.0536	0.0536
0.0536	0.0536	0.0536	0.0536
0.0536	0.0536	0.0536	0.0536
0.0536	0.0536	0.0536	0.0536
0.0536	0.0536	0.0536	0.0536
