3.8398	3.8989	3.8989	3.9330
3.0493	3.0703	3.0703	3.0915
2.6615	2.6774	2.6774	2.6926
2.3541	2.3663	2.3663	2.3781
2.0873	2.0963	2.0963	2.1052
1.8522	1.8589	1.8589	1.8651
1.6439	1.6488	1.6488	1.6535
1.4597	1.4635	1.4635	1.4673
1.2966	1.2992	1.2992	1.3020
1.1524	1.1548	1.1548	1.1566
1.0244	1.0263	1.0263	1.0278
0.9124	0.9130	0.9130	0.9146
0.8123	0.8133	0.8133	0.8143
0.7239	0.7254	0.7254	0.7254
0.6467	0.6471	0.6471	0.6476
0.5775	0.5780	0.5780	0.5783
0.5168	0.5170	0.5170	0.5172
0.4631	0.4632	0.4632	0.4636
0.4149	0.4157	0.4157	0.4153
0.3731	0.3734	0.3734	0.3735
0.3366	0.3366	0.3366	0.3368
0.3033	0.3035	0.3035	0.3034
0.2742	0.2742	0.2742	0.2744
0.2488	0.2485	0.2485	0.2489
0.2258	0.2258	0.2258	0.2258
0.2060	0.2061	0.2061	0.2061
0.1883	0.1886	0.1886	0.1883
0.1720	0.1723	0.1723	0.1720
0.1589	0.1587	0.1587	0.1589
0.1465	0.1469	0.1469	0.1465
0.1359	0.1356	0.1356	0.1359
0.1257	0.1257	0.1257	0.1257
0.1176	0.1171	0.1171	0.1176
0.1105	0.1119	0.1119	0.1105
0.1036	0.1036	0.1036	0.1036
0.0972	0.0974	0.0974	0.0972
0.0936	0.0935	0.0935	0.0936
0.0880	0.0873	0.0873	0.0880
0.0836	0.0836	0.0836	0.0836
0.0832	0.0832	0.0832	0.0832
0.0752	0.0746	0.0746	0.0752
0.0736	0.0736	0.0736	0.0736
0.0736	0.0736	0.0736	0.0736
0.0732	0.0732	0.0732	0.0732
0.0669	0.0660	0.0660	0.0669
0.0637	0.0637	0.0637	0.0637
0.0636	0.0636	0.0636	0.0636
0.0636	0.0636	0.0636	0.0636
0.0636	0.0636	0.0636	0.0636
0.0636	0.0636	0.0636	0.0636
0.0635	0.0636	0.0636	0.0635
0.0629	0.0634	0.0634	0.0629
0.0613	0.0611	0.0611	0.0613
0.0571	0.0564	0.0564	0.0571
0.0552	0.0547	0.0547	0.0552
0.0544	0.0542	0.0542	0.0544
0.0538	0.0538	0.0538	0.0538
0.0536	0.0536	0.0536	0.0536
0.0536	0.0537	0.0537	0.0536
0.0536	0.0536	0.0536	0.0536
0.0536	0.0536	0.0536	0.0536
0.0537	0.0535	0.0535	0.0537
0.0538	0.0535	0.0535	0.0538
0.0536	0.0536	0.0536	0.0536
0.0536	0.0536	0.0536	0.0536
0.0536	0.0536	0.0536	0.0536
0.0536	0.0536	0.0536	0.0536
0.0536	0.0536	0.0536	0.0536
0.0536	0.0536	0.0536	0.0536
0.0536	0.0536	0.0536	0.0536
0.0536	0.0536	0.0536	0.0536
0.0536	0.0536	0.0536	0.0536
0.0536	0.0536	0.0536	0.0536
0.0535	0.0537	0.0537	0.0535
0.0537	0.0535	0.0535	0.0537
0.0536	0.0536	0.0536	0.0536
0.0536	0.0536	0.0536	0.0536
0.0537	0.0535	0.0535	0.0537
0.0536	0.0536	0.0536	0.0536
0.0536	0.0536	0.0536	0.0536
0.0536	0.0536	0.0536	0.0536
0.0536	0.0536	0.0536	0.0536
0.0535	0.0537	0.0537	0.0535
0.0536	0.0536	0.0536	0.0536
0.0536	0.0536	0.0536	0.0536
0.0536	0.0536	0.0536	0.0536
0.0536	0.0536	0.0536	0.0536
0.0536	0.0536	0.0536	0.0536
0.0536	0.0536	0.0536	0.0536
0.0536	0.0536	0.0536	0.0536
0.0536	0.0536	0.0536	0.0536
0.0536	0.0536	0.0536	0.0536
0.0536	0.0536	0.0536	0.0536
0.0536	0.0536	0.0536	0.0536
0.0536	0.0536	0.0536	0.0536
0.0537	0.0535	0.0535	0.0537
0.0536	0.0536	0.0536	0.0536
0.0536	0.0536	0.0536	0.0536
0.0536	0.0536	0.0536	0.0536
0.0536	0.0536	0.0536	0.0536
