0.9595	1.0230	0.9049	0.9595
0.7666	0.7939	0.7397	0.7666
0.6741	0.6941	0.6540	0.6741
0.6004	0.6160	0.5860	0.6004
0.5369	0.5480	0.5259	0.5369
0.4803	0.4887	0.4724	0.4803
0.4311	0.4369	0.4245	0.4311
0.3868	0.3922	0.3826	0.3868
0.3482	0.3522	0.3446	0.3482
0.3136	0.3166	0.3113	0.3136
0.2837	0.2856	0.2821	0.2837
0.2568	0.2583	0.2550	0.2568
0.2332	0.2343	0.2321	0.2332
0.2123	0.2137	0.2111	0.2123
0.1938	0.1948	0.1936	0.1938
0.1779	0.1784	0.1776	0.1779
0.1630	0.1636	0.1626	0.1630
0.1505	0.1503	0.1497	0.1505
0.1391	0.1392	0.1387	0.1391
0.1292	0.1294	0.1290	0.1292
0.1206	0.1209	0.1207	0.1206
0.1135	0.1135	0.1135	0.1135
0.1045	0.1047	0.1043	0.1045
0.1008	0.1002	0.1000	0.1008
0.0936	0.0936	0.0936	0.0936
0.0913	0.0905	0.0904	0.0913
0.0836	0.0836	0.0836	0.0836
0.0836	0.0836	0.0836	0.0836
0.0781	0.0783	0.0783	0.0781
0.0736	0.0736	0.0736	0.0736
0.0736	0.0736	0.0736	0.0736
0.0733	0.0734	0.0734	0.0733
0.0693	0.0696	0.0694	0.0693
0.0637	0.0639	0.0639	0.0637
0.0636	0.0636	0.0636	0.0636
0.0636	0.0636	0.0636	0.0636
0.0636	0.0636	0.0636	0.0636
0.0635	0.0636	0.0636	0.0635
0.0636	0.0636	0.0636	0.0636
0.0629	0.0634	0.0634	0.0629
0.0621	0.0621	0.0621	0.0621
0.0581	0.0586	0.0586	0.0581
0.0553	0.0553	0.0553	0.0553
0.0546	0.0544	0.0544	0.0546
0.0537	0.0538	0.0538	0.0537
0.0536	0.0536	0.0536	0.0536
0.0536	0.0536	0.0536	0.0536
0.0536	0.0536	0.0536	0.0536
0.0536	0.0536	0.0536	0.0536
0.0536	0.0536	0.0536	0.0536
0.0536	0.0536	0.0536	0.0536
0.0536	0.0536	0.0536	0.0536
0.0536	0.0536	0.0536	0.0536
0.0537	0.0536	0.0536	0.0537
0.0537	0.0535	0.0535	0.0537
0.0505	0.0568	0.0568	0.0505
0.0536	0.0536	0.0536	0.0536
0.0536	0.0536	0.0536	0.0536
0.0536	0.0536	0.0536	0.0536
0.0537	0.0535	0.0535	0.0537
0.0535	0.0537	0.0537	0.0535
0.0535	0.0537	0.0537	0.0535
0.0536	0.0536	0.0536	0.0536
0.0537	0.0535	0.0535	0.0537
0.0536	0.0536	0.0536	0.0536
0.0536	0.0536	0.0536	0.0536
0.0536	0.0536	0.0536	0.0536
0.0536	0.0536	0.0536	0.0536
0.0536	0.0536	0.0536	0.0536
0.0536	0.0536	0.0536	0.0536
0.0536	0.0536	0.0536	0.0536
0.0536	0.0536	0.0536	0.0536
0.0536	0.0536	0.0536	0.0536
0.0536	0.0536	0.0536	0.0536
0.0536	0.0536	0.0536	0.0536
0.0536	0.0536	0.0536	0.0536
0.0537	0.0535	0.0535	0.0537
0.0536	0.0536	0.0536	0.0536
0.0536	0.0536	0.0536	0.0536
0.0536	0.0536	0.0536	0.0536
0.0537	0.0535	0.0535	0.0537
0.0536	0.0536	0.0536	0.0536
0.0536	0.0536	0.0536	0.0536
0.0536	0.0536	0.0536	0.0536
0.0536	0.0536	0.0536	0.0536
0.0536	0.0536	0.0536	0.0536
0.0536	0.0536	0.0536	0.0536
0.0536	0.0536	0.0536	0.0536
0.0536	0.0536	0.0536	0.0536
0.0536	0.0536	0.0536	0.0536
0.0536	0.0536	0.0536	0.0536
0.0536	0.0536	0.0536	0.0536
0.0536	0.0536	0.0536	0.0536
0.0536	0.0536	0.0536	0.0536
0.0536	0.0536	0.0536	0.0536
0.0536	0.0536	0.0536	0.0536
0.0536	0.0536	0.0536	0.0536
0.0536	0.0536	0.0536	0.0536
0.0536	0.0536	0.0536	0.0536
0.0536	0.0536	0.0536	0.0536
