2.7439	2.8297	2.6862	2.7439
2.1730	2.2059	2.1400	2.1730
1.8966	1.9208	1.8725	1.8966
1.6783	1.6964	1.6594	1.6783
1.4885	1.5024	1.4751	1.4885
1.3216	1.3321	1.3113	1.3216
1.1743	1.1821	1.1666	1.1743
1.0440	1.0500	1.0382	1.0440
0.9288	0.9334	0.9244	0.9288
0.8273	0.8301	0.8239	0.8273
0.7371	0.7397	0.7346	0.7371
0.6573	0.6594	0.6560	0.6573
0.5868	0.5890	0.5860	0.5868
0.5256	0.5260	0.5243	0.5256
0.4708	0.4707	0.4693	0.4708
0.4221	0.4225	0.4216	0.4221
0.3790	0.3802	0.3788	0.3790
0.3411	0.3413	0.3406	0.3411
0.3080	0.3080	0.3075	0.3080
0.2778	0.2787	0.2786	0.2778
0.2521	0.2527	0.2523	0.2521
0.2292	0.2296	0.2294	0.2292
0.2087	0.2085	0.2084	0.2087
0.1902	0.1902	0.1900	0.1902
0.1752	0.1750	0.1750	0.1752
0.1603	0.1598	0.1598	0.1603
0.1481	0.1483	0.1483	0.1481
0.1375	0.1367	0.1367	0.1375
0.1274	0.1272	0.1271	0.1274
0.1187	0.1190	0.1189	0.1187
0.1122	0.1125	0.1124	0.1122
0.1036	0.1037	0.1037	0.1036
0.0990	0.0985	0.0985	0.0990
0.0936	0.0936	0.0936	0.0936
0.0891	0.0887	0.0886	0.0891
0.0836	0.0836	0.0836	0.0836
0.0836	0.0834	0.0834	0.0836
0.0760	0.0766	0.0766	0.0760
0.0736	0.0736	0.0736	0.0736
0.0736	0.0736	0.0736	0.0736
0.0731	0.0733	0.0733	0.0731
0.0683	0.0675	0.0675	0.0683
0.0638	0.0640	0.0640	0.0638
0.0636	0.0636	0.0636	0.0636
0.0636	0.0636	0.0636	0.0636
0.0636	0.0636	0.0636	0.0636
0.0636	0.0636	0.0636	0.0636
0.0634	0.0636	0.0636	0.0634
0.0632	0.0631	0.0631	0.0632
0.0622	0.0626	0.0626	0.0622
0.0576	0.0577	0.0577	0.0576
0.0551	0.0553	0.0553	0.0551
0.0539	0.0548	0.0548	0.0539
0.0538	0.0537	0.0537	0.0538
0.0536	0.0536	0.0536	0.0536
0.0536	0.0537	0.0537	0.0536
0.0536	0.0536	0.0536	0.0536
0.0535	0.0537	0.0537	0.0535
0.0536	0.0536	0.0536	0.0536
0.0536	0.0536	0.0536	0.0536
0.0536	0.0536	0.0536	0.0536
0.0536	0.0536	0.0536	0.0536
0.0536	0.0536	0.0536	0.0536
0.0534	0.0538	0.0538	0.0534
0.0536	0.0536	0.0536	0.0536
0.0536	0.0536	0.0536	0.0536
0.0536	0.0536	0.0536	0.0536
0.0536	0.0536	0.0536	0.0536
0.0536	0.0536	0.0536	0.0536
0.0536	0.0536	0.0536	0.0536
0.0536	0.0536	0.0536	0.0536
0.0536	0.0536	0.0536	0.0536
0.0536	0.0536	0.0536	0.0536
0.0536	0.0536	0.0536	0.0536
0.0537	0.0535	0.0535	0.0537
0.0536	0.0536	0.0536	0.0536
0.0536	0.0536	0.0536	0.0536
0.0536	0.0536	0.0536	0.0536
0.0536	0.0536	0.0536	0.0536
0.0536	0.0536	0.0536	0.0536
0.0536	0.0536	0.0536	0.0536
0.0536	0.0536	0.0536	0.0536
0.0536	0.0536	0.0536	0.0536
0.0536	0.0536	0.0536	0.0536
0.0536	0.0536	0.0536	0.0536
0.0536	0.0536	0.0536	0.0536
0.0536	0.0536	0.0536	0.0536
0.0536	0.0536	0.0536	0.0536
0.0536	0.0536	0.0536	0.0536
0.0536	0.0536	0.0536	0.0536
0.0537	0.0535	0.0535	0.0537
0.0536	0.0536	0.0536	0.0536
0.0536	0.0536	0.0536	0.0536
0.0536	0.0536	0.0536	0.0536
0.0536	0.0536	0.0536	0.0536
0.0536	0.0536	0.0536	0.0536
0.0536	0.0536	0.0536	0.0536
0.0536	0.0536	0.0536	0.0536
0.0536	0.0536	0.0536	0.0536
0.0536	0.0536	0.0536	0.0536
