3.0480	2.9339	2.9339	2.8509
2.3682	2.3230	2.3230	2.2778
2.0604	2.0271	2.0271	1.9940
1.8183	1.7933	1.7933	1.7683
1.6089	1.5903	1.5903	1.5717
1.4253	1.4109	1.4109	1.3973
1.2640	1.2532	1.2532	1.2432
1.1218	1.1143	1.1143	1.1062
0.9969	0.9908	0.9908	0.9848
0.8862	0.8818	0.8818	0.8774
0.7890	0.7852	0.7852	0.7824
0.7028	0.7004	0.7004	0.6979
0.6272	0.6252	0.6252	0.6232
0.5598	0.5589	0.5589	0.5569
0.5005	0.5001	0.5001	0.4987
0.4490	0.4481	0.4481	0.4471
0.4026	0.4020	0.4020	0.4017
0.3622	0.3614	0.3614	0.3610
0.3260	0.3264	0.3264	0.3256
0.2942	0.2945	0.2945	0.2938
0.2662	0.2659	0.2659	0.2656
0.2417	0.2419	0.2419	0.2414
0.2196	0.2201	0.2201	0.2195
0.2000	0.1999	0.1999	0.1999
0.1833	0.1834	0.1834	0.1833
0.1683	0.1683	0.1683	0.1682
0.1556	0.1556	0.1556	0.1555
0.1436	0.1425	0.1425	0.1435
0.1328	0.1330	0.1330	0.1327
0.1236	0.1234	0.1234	0.1235
0.1148	0.1143	0.1143	0.1148
0.1080	0.1078	0.1078	0.1079
0.1032	0.1033	0.1033	0.1032
0.0948	0.0941	0.0941	0.0947
0.0932	0.0934	0.0934	0.0932
0.0848	0.0853	0.0853	0.0848
0.0836	0.0836	0.0836	0.0836
0.0814	0.0814	0.0814	0.0814
0.0737	0.0739	0.0739	0.0737
0.0736	0.0736	0.0736	0.0736
0.0735	0.0735	0.0735	0.0735
0.0727	0.0715	0.0715	0.0727
0.0650	0.0647	0.0647	0.0650
0.0636	0.0636	0.0636	0.0636
0.0636	0.0636	0.0636	0.0636
0.0637	0.0635	0.0635	0.0637
0.0636	0.0636	0.0636	0.0636
0.0636	0.0636	0.0636	0.0636
0.0634	0.0632	0.0632	0.0634
0.0626	0.0630	0.0630	0.0626
0.0603	0.0596	0.0596	0.0603
0.0556	0.0558	0.0558	0.0556
0.0540	0.0544	0.0544	0.0540
0.0541	0.0541	0.0541	0.0541
0.0538	0.0537	0.0537	0.0538
0.0536	0.0537	0.0537	0.0536
0.0538	0.0536	0.0536	0.0538
0.0536	0.0536	0.0536	0.0536
0.0536	0.0537	0.0537	0.0536
0.0536	0.0536	0.0536	0.0536
0.0536	0.0536	0.0536	0.0536
0.0536	0.0536	0.0536	0.0536
0.0536	0.0536	0.0536	0.0536
0.0536	0.0536	0.0536	0.0536
0.0537	0.0536	0.0536	0.0537
0.0537	0.0536	0.0536	0.0537
0.0537	0.0535	0.0535	0.0537
0.0536	0.0536	0.0536	0.0536
0.0536	0.0536	0.0536	0.0536
0.0536	0.0536	0.0536	0.0536
0.0536	0.0536	0.0536	0.0536
0.0536	0.0536	0.0536	0.0536
0.0536	0.0536	0.0536	0.0536
0.0536	0.0536	0.0536	0.0536
0.0536	0.0536	0.0536	0.0536
0.0536	0.0536	0.0536	0.0536
0.0536	0.0536	0.0536	0.0536
0.0536	0.0536	0.0536	0.0536
0.0536	0.0536	0.0536	0.0536
0.0536	0.0536	0.0536	0.0536
0.0536	0.0536	0.0536	0.0536
0.0536	0.0536	0.0536	0.0536
0.0536	0.0536	0.0536	0.0536
0.0536	0.0536	0.0536	0.0536
0.0536	0.0536	0.0536	0.0536
0.0536	0.0536	0.0536	0.0536
0.0535	0.0537	0.0537	0.0535
0.0536	0.0536	0.0536	0.0536
0.0535	0.0537	0.0537	0.0535
0.0536	0.0536	0.0536	0.0536
0.0536	0.0536	0.0536	0.0536
0.0536	0.0536	0.0536	0.0536
0.0536	0.0536	0.0536	0.0536
0.0536	0.0536	0.0536	0.0536
0.0537	0.0535	0.0535	0.0537
0.0536	0.0536	0.0536	0.0536
0.0536	0.0536	0.0536	0.0536
0.0536	0.0536	0.0536	0.0536
0.0536	0.0536	0.0536	0.0536
0.0536	0.0536	0.0536	0.0536
