1.9749	2.1094	1.8592	1.9749
1.5670	1.6244	1.5095	1.5670
1.3698	1.4116	1.3275	1.3698
1.2134	1.2452	1.1819	1.2134
1.0782	1.1020	1.0544	1.0782
0.9591	0.9771	0.9416	0.9591
0.8539	0.8675	0.8402	0.8539
0.7608	0.7709	0.7509	0.7608
0.6788	0.6858	0.6703	0.6788
0.6057	0.6115	0.6002	0.6057
0.5421	0.5460	0.5378	0.5421
0.4851	0.4884	0.4815	0.4851
0.4347	0.4368	0.4324	0.4347
0.3906	0.3926	0.3887	0.3906
0.3513	0.3525	0.3497	0.3513
0.3164	0.3175	0.3161	0.3164
0.2861	0.2865	0.2850	0.2861
0.2593	0.2600	0.2585	0.2593
0.2350	0.2351	0.2345	0.2350
0.2138	0.2145	0.2137	0.2138
0.1956	0.1960	0.1953	0.1956
0.1788	0.1787	0.1786	0.1788
0.1650	0.1646	0.1642	0.1650
0.1511	0.1509	0.1509	0.1511
0.1400	0.1401	0.1400	0.1400
0.1300	0.1302	0.1301	0.1300
0.1214	0.1212	0.1212	0.1214
0.1133	0.1137	0.1137	0.1133
0.1050	0.1053	0.1053	0.1050
0.1012	0.1014	0.1014	0.1012
0.0937	0.0935	0.0935	0.0937
0.0918	0.0921	0.0921	0.0918
0.0838	0.0838	0.0838	0.0838
0.0836	0.0836	0.0836	0.0836
0.0788	0.0794	0.0794	0.0788
0.0736	0.0736	0.0736	0.0736
0.0736	0.0736	0.0736	0.0736
0.0735	0.0736	0.0736	0.0735
0.0699	0.0703	0.0703	0.0699
0.0642	0.0642	0.0642	0.0642
0.0636	0.0636	0.0636	0.0636
0.0636	0.0636	0.0636	0.0636
0.0636	0.0636	0.0636	0.0636
0.0636	0.0636	0.0636	0.0636
0.0635	0.0636	0.0636	0.0635
0.0632	0.0632	0.0632	0.0632
0.0622	0.0624	0.0624	0.0622
0.0597	0.0589	0.0589	0.0597
0.0549	0.0555	0.0555	0.0549
0.0541	0.0545	0.0545	0.0541
0.0540	0.0540	0.0540	0.0540
0.0539	0.0536	0.0536	0.0539
0.0537	0.0535	0.0535	0.0537
0.0536	0.0536	0.0536	0.0536
0.0536	0.0536	0.0536	0.0536
0.0536	0.0536	0.0536	0.0536
0.0536	0.0536	0.0536	0.0536
0.0536	0.0536	0.0536	0.0536
0.0536	0.0536	0.0536	0.0536
0.0536	0.0536	0.0536	0.0536
0.0536	0.0536	0.0536	0.0536
0.0536	0.0536	0.0536	0.0536
0.0536	0.0536	0.0536	0.0536
0.0536	0.0536	0.0536	0.0536
0.0535	0.0537	0.0537	0.0535
0.0536	0.0536	0.0536	0.0536
0.0536	0.0536	0.0536	0.0536
0.0536	0.0536	0.0536	0.0536
0.0536	0.0536	0.0536	0.0536
0.0536	0.0536	0.0536	0.0536
0.0536	0.0536	0.0536	0.0536
0.0536	0.0536	0.0536	0.0536
0.0536	0.0536	0.0536	0.0536
0.0536	0.0536	0.0536	0.0536
0.0536	0.0536	0.0536	0.0536
0.0539	0.0533	0.0533	0.0539
0.0536	0.0536	0.0536	0.0536
0.0536	0.0536	0.0536	0.0536
0.0537	0.0535	0.0535	0.0537
0.0538	0.0534	0.0534	0.0538
0.0536	0.0536	0.0536	0.0536
0.0536	0.0536	0.0536	0.0536
0.0532	0.0540	0.0540	0.0532
0.0536	0.0536	0.0536	0.0536
0.0536	0.0536	0.0536	0.0536
0.0536	0.0536	0.0536	0.0536
0.0560	0.0512	0.0512	0.0560
0.0536	0.0536	0.0536	0.0536
0.0536	0.0536	0.0536	0.0536
0.0536	0.0536	0.0536	0.0536
0.0536	0.0536	0.0536	0.0536
0.0536	0.0536	0.0536	0.0536
0.0536	0.0536	0.0536	0.0536
0.0536	0.0536	0.0536	0.0536
0.0536	0.0536	0.0536	0.0536
0.0536	0.0536	0.0536	0.0536
0.0536	0.0536	0.0536	0.0536
0.0536	0.0536	0.0536	0.0536
0.0537	0.0535	0.0535	0.0537
0.0537	0.0535	0.0535	0.0537
