2.4086	2.4778	2.5630	2.6448
1.9403	1.9748	2.0139	2.0483
1.7019	1.7272	1.7562	1.7816
1.5114	1.5307	1.5523	1.5711
1.3453	1.3599	1.3760	1.3904
1.1980	1.2091	1.2213	1.2316
1.0672	1.0749	1.0843	1.0922
0.9509	0.9571	0.9642	0.9696
0.8479	0.8523	0.8576	0.8622
0.7565	0.7597	0.7637	0.7674
0.6756	0.6779	0.6807	0.6838
0.6036	0.6054	0.6079	0.6098
0.5401	0.5417	0.5430	0.5442
0.4842	0.4850	0.4862	0.4876
0.4343	0.4346	0.4354	0.4370
0.3900	0.3908	0.3913	0.3922
0.3507	0.3511	0.3516	0.3527
0.3167	0.3168	0.3173	0.3178
0.2858	0.2866	0.2869	0.2864
0.2593	0.2592	0.2596	0.2599
0.2348	0.2351	0.2354	0.2352
0.2142	0.2145	0.2145	0.2145
0.1956	0.1955	0.1958	0.1958
0.1788	0.1787	0.1787	0.1790
0.1645	0.1651	0.1651	0.1646
0.1510	0.1510	0.1512	0.1512
0.1400	0.1401	0.1401	0.1400
0.1301	0.1301	0.1301	0.1303
0.1217	0.1216	0.1216	0.1217
0.1136	0.1136	0.1136	0.1136
0.1052	0.1053	0.1053	0.1052
0.1014	0.1016	0.1016	0.1014
0.0938	0.0936	0.0936	0.0938
0.0914	0.0918	0.0918	0.0916
0.0839	0.0837	0.0837	0.0839
0.0836	0.0836	0.0836	0.0836
0.0791	0.0791	0.0791	0.0791
0.0736	0.0736	0.0736	0.0736
0.0736	0.0736	0.0736	0.0736
0.0735	0.0735	0.0735	0.0735
0.0698	0.0700	0.0700	0.0698
0.0642	0.0644	0.0644	0.0642
0.0636	0.0636	0.0636	0.0636
0.0636	0.0636	0.0636	0.0636
0.0636	0.0636	0.0636	0.0636
0.0636	0.0636	0.0636	0.0636
0.0639	0.0633	0.0633	0.0639
0.0634	0.0631	0.0631	0.0634
0.0626	0.0621	0.0621	0.0626
0.0592	0.0595	0.0595	0.0592
0.0552	0.0552	0.0552	0.0552
0.0542	0.0545	0.0545	0.0542
0.0539	0.0540	0.0540	0.0539
0.0536	0.0536	0.0536	0.0536
0.0537	0.0537	0.0537	0.0537
0.0537	0.0536	0.0536	0.0537
0.0536	0.0536	0.0536	0.0536
0.0536	0.0536	0.0536	0.0536
0.0536	0.0536	0.0536	0.0536
0.0536	0.0536	0.0536	0.0536
0.0537	0.0535	0.0535	0.0537
0.0536	0.0536	0.0536	0.0536
0.0536	0.0536	0.0536	0.0536
0.0536	0.0536	0.0536	0.0536
0.0536	0.0536	0.0536	0.0536
0.0536	0.0536	0.0536	0.0536
0.0536	0.0536	0.0536	0.0536
0.0536	0.0536	0.0536	0.0536
0.0536	0.0536	0.0536	0.0536
0.0536	0.0536	0.0536	0.0536
0.0536	0.0536	0.0536	0.0536
0.0536	0.0536	0.0536	0.0536
0.0536	0.0536	0.0536	0.0536
0.0536	0.0536	0.0536	0.0536
0.0536	0.0536	0.0536	0.0536
0.0536	0.0536	0.0536	0.0536
0.0536	0.0536	0.0536	0.0536
0.0536	0.0536	0.0536	0.0536
0.0536	0.0536	0.0536	0.0536
0.0536	0.0536	0.0536	0.0536
0.0536	0.0536	0.0536	0.0536
0.0536	0.0536	0.0536	0.0536
0.0536	0.0536	0.0536	0.0536
0.0536	0.0536	0.0536	0.0536
0.0536	0.0536	0.0536	0.0536
0.0537	0.0535	0.0535	0.0537
0.0536	0.0536	0.0536	0.0536
0.0536	0.0536	0.0536	0.0536
0.0536	0.0536	0.0536	0.0536
0.0535	0.0537	0.0537	0.0535
0.0536	0.0536	0.0536	0.0536
0.0536	0.0536	0.0536	0.0536
0.0536	0.0536	0.0536	0.0536
0.0536	0.0536	0.0536	0.0536
0.0536	0.0536	0.0536	0.0536
0.0536	0.0536	0.0536	0.0536
0.0536	0.0536	0.0536	0.0536
0.0535	0.0537	0.0537	0.0535
0.0536	0.0536	0.0536	0.0536
0.0536	0.0536	0.0536	0.0536
