2.2992	2.1648	2.4574	2.2992
1.8228	1.7559	1.8901	1.8228
1.5924	1.5430	1.6420	1.5924
1.4096	1.3727	1.4469	1.4096
1.2516	1.2240	1.2795	1.2516
1.1123	1.0912	1.1329	1.1123
0.9888	0.9739	1.0050	0.9888
0.8802	0.8685	0.8924	0.8802
0.7841	0.7751	0.7932	0.7841
0.6993	0.6924	0.7059	0.6993
0.6242	0.6190	0.6289	0.6242
0.5579	0.5536	0.5616	0.5579
0.4993	0.4965	0.5018	0.4993
0.4475	0.4452	0.4497	0.4475
0.4017	0.4003	0.4033	0.4017
0.3610	0.3598	0.3624	0.3610
0.3256	0.3252	0.3263	0.3256
0.2938	0.2929	0.2944	0.2938
0.2654	0.2650	0.2663	0.2654
0.2405	0.2419	0.2428	0.2405
0.2197	0.2191	0.2200	0.2197
0.1998	0.1996	0.1997	0.1998
0.1828	0.1825	0.1829	0.1828
0.1685	0.1680	0.1683	0.1685
0.1554	0.1549	0.1551	0.1554
0.1427	0.1430	0.1431	0.1427
0.1330	0.1327	0.1327	0.1330
0.1234	0.1236	0.1236	0.1234
0.1143	0.1144	0.1146	0.1143
0.1074	0.1077	0.1078	0.1074
0.1034	0.1033	0.1034	0.1034
0.0943	0.0945	0.0945	0.0943
0.0933	0.0936	0.0936	0.0933
0.0847	0.0848	0.0849	0.0847
0.0836	0.0836	0.0836	0.0836
0.0812	0.0811	0.0811	0.0812
0.0737	0.0736	0.0736	0.0737
0.0735	0.0737	0.0737	0.0735
0.0736	0.0735	0.0735	0.0736
0.0719	0.0719	0.0719	0.0719
0.0645	0.0643	0.0643	0.0645
0.0636	0.0636	0.0636	0.0636
0.0636	0.0636	0.0636	0.0636
0.0636	0.0636	0.0636	0.0636
0.0636	0.0636	0.0636	0.0636
0.0636	0.0636	0.0636	0.0636
0.0635	0.0633	0.0633	0.0635
0.0622	0.0629	0.0629	0.0622
0.0600	0.0607	0.0607	0.0600
0.0558	0.0556	0.0556	0.0558
0.0547	0.0542	0.0542	0.0547
0.0539	0.0541	0.0541	0.0539
0.0537	0.0537	0.0537	0.0537
0.0536	0.0536	0.0536	0.0536
0.0536	0.0536	0.0536	0.0536
0.0536	0.0537	0.0537	0.0536
0.0536	0.0536	0.0536	0.0536
0.0536	0.0536	0.0536	0.0536
0.0536	0.0536	0.0536	0.0536
0.0536	0.0536	0.0536	0.0536
0.0536	0.0536	0.0536	0.0536
0.0536	0.0536	0.0536	0.0536
0.0536	0.0536	0.0536	0.0536
0.0534	0.0538	0.0538	0.0534
0.0536	0.0536	0.0536	0.0536
0.0536	0.0536	0.0536	0.0536
0.0536	0.0536	0.0536	0.0536
0.0536	0.0536	0.0536	0.0536
0.0536	0.0536	0.0536	0.0536
0.0537	0.0535	0.0535	0.0537
0.0536	0.0536	0.0536	0.0536
0.0536	0.0536	0.0536	0.0536
0.0536	0.0536	0.0536	0.0536
0.0536	0.0536	0.0536	0.0536
0.0536	0.0536	0.0536	0.0536
0.0536	0.0536	0.0536	0.0536
0.0536	0.0536	0.0536	0.0536
0.0536	0.0536	0.0536	0.0536
0.0536	0.0536	0.0536	0.0536
0.0536	0.0536	0.0536	0.0536
0.0536	0.0536	0.0536	0.0536
0.0536	0.0536	0.0536	0.0536
0.0536	0.0536	0.0536	0.0536
0.0536	0.0536	0.0536	0.0536
0.0536	0.0536	0.0536	0.0536
0.0536	0.0536	0.0536	0.0536
0.0536	0.0536	0.0536	0.0536
0.0536	0.0536	0.0536	0.0536
0.0536	0.0536	0.0536	0.0536
0.0536	0.0536	0.0536	0.0536
0.0536	0.0536	0.0536	0.0536
0.0537	0.0535	0.0535	0.0537
0.0537	0.0535	0.0535	0.0537
0.0536	0.0536	0.0536	0.0536
0.0535	0.0537	0.0537	0.0535
0.0536	0.0536	0.0536	0.0536
0.0536	0.0536	0.0536	0.0536
0.0537	0.0535	0.0535	0.0537
0.0536	0.0536	0.0536	0.0536
0.0536	0.0536	0.0536	0.0536
