5.7221	5.8043	5.6604	5.7311
4.5115	4.5467	4.4804	4.5152
3.9313	3.9569	3.9078	3.9336
3.4712	3.4906	3.4544	3.4738
3.0729	3.0873	3.0600	3.0746
2.7215	2.7326	2.7120	2.7229
2.4110	2.4200	2.4041	2.4123
2.1369	2.1433	2.1320	2.1383
1.8953	1.8994	1.8908	1.8957
1.6810	1.6848	1.6776	1.6816
1.4918	1.4941	1.4894	1.4921
1.3248	1.3262	1.3230	1.3248
1.1769	1.1782	1.1755	1.1771
1.0462	1.0473	1.0452	1.0463
0.9307	0.9316	0.9300	0.9310
0.8287	0.8295	0.8281	0.8288
0.7390	0.7393	0.7380	0.7390
0.6590	0.6590	0.6586	0.6590
0.5885	0.5890	0.5884	0.5885
0.5262	0.5267	0.5265	0.5264
0.4712	0.4713	0.4711	0.4713
0.4228	0.4231	0.4228	0.4228
0.3817	0.3781	0.3780	0.3817
0.3420	0.3416	0.3415	0.3420
0.3085	0.3087	0.3086	0.3085
0.2788	0.2793	0.2791	0.2788
0.2527	0.2526	0.2526	0.2527
0.2299	0.2298	0.2298	0.2299
0.2089	0.2091	0.2091	0.2089
0.1904	0.1904	0.1904	0.1904
0.1756	0.1758	0.1757	0.1756
0.1602	0.1602	0.1602	0.1602
0.1485	0.1481	0.1481	0.1485
0.1371	0.1374	0.1374	0.1371
0.1276	0.1275	0.1275	0.1276
0.1189	0.1189	0.1189	0.1189
0.1129	0.1125	0.1125	0.1129
0.1036	0.1037	0.1037	0.1036
0.0988	0.0988	0.0988	0.0988
0.0936	0.0936	0.0936	0.0936
0.0892	0.0890	0.0890	0.0892
0.0836	0.0836	0.0836	0.0836
0.0835	0.0835	0.0835	0.0835
0.0770	0.0767	0.0767	0.0770
0.0738	0.0735	0.0735	0.0738
0.0736	0.0736	0.0736	0.0736
0.0734	0.0732	0.0732	0.0734
0.0683	0.0678	0.0678	0.0683
0.0637	0.0637	0.0637	0.0637
0.0636	0.0636	0.0636	0.0636
0.0636	0.0636	0.0636	0.0636
0.0635	0.0637	0.0637	0.0635
0.0636	0.0636	0.0636	0.0636
0.0636	0.0635	0.0635	0.0636
0.0634	0.0633	0.0633	0.0634
0.0611	0.0618	0.0618	0.0611
0.0570	0.0581	0.0581	0.0570
0.0543	0.0549	0.0549	0.0543
0.0540	0.0544	0.0544	0.0540
0.0538	0.0537	0.0537	0.0538
0.0536	0.0536	0.0536	0.0536
0.0536	0.0536	0.0536	0.0536
0.0536	0.0536	0.0536	0.0536
0.0536	0.0536	0.0536	0.0536
0.0536	0.0536	0.0536	0.0536
0.0536	0.0536	0.0536	0.0536
0.0536	0.0536	0.0536	0.0536
0.0536	0.0536	0.0536	0.0536
0.0536	0.0536	0.0536	0.0536
0.0537	0.0535	0.0535	0.0537
0.0537	0.0536	0.0536	0.0537
0.0536	0.0536	0.0536	0.0536
0.0536	0.0536	0.0536	0.0536
0.0536	0.0536	0.0536	0.0536
0.0536	0.0536	0.0536	0.0536
0.0536	0.0536	0.0536	0.0536
0.0536	0.0536	0.0536	0.0536
0.0536	0.0536	0.0536	0.0536
0.0538	0.0536	0.0536	0.0538
0.0536	0.0536	0.0536	0.0536
0.0536	0.0536	0.0536	0.0536
0.0536	0.0536	0.0536	0.0536
0.0536	0.0536	0.0536	0.0536
0.0536	0.0536	0.0536	0.0536
0.0536	0.0536	0.0536	0.0536
0.0536	0.0536	0.0536	0.0536
0.0538	0.0534	0.0534	0.0538
0.0536	0.0536	0.0536	0.0536
0.0536	0.0536	0.0536	0.0536
0.0536	0.0536	0.0536	0.0536
0.0536	0.0536	0.0536	0.0536
0.0536	0.0536	0.0536	0.0536
0.0536	0.0536	0.0536	0.0536
0.0536	0.0536	0.0536	0.0536
0.0535	0.0537	0.0537	0.0535
0.0536	0.0536	0.0536	0.0536
0.0536	0.0536	0.0536	0.0536
0.0536	0.0536	0.0536	0.0536
0.0536	0.0536	0.0536	0.0536
0.0536	0.0536	0.0536	0.0536
