2.1027	2.2478	1.9800	2.1027
1.6686	1.7298	1.6070	1.6686
1.4579	1.5032	1.4131	1.4579
1.2912	1.3253	1.2576	1.2912
1.1472	1.1723	1.1215	1.1472
1.0198	1.0388	1.0006	1.0198
0.9075	0.9217	0.8931	0.9075
0.8081	0.8187	0.7973	0.8081
0.7202	0.7285	0.7125	0.7202
0.6432	0.6491	0.6369	0.6432
0.5747	0.5786	0.5699	0.5747
0.5136	0.5172	0.5103	0.5136
0.4602	0.4629	0.4578	0.4602
0.4130	0.4147	0.4112	0.4130
0.3712	0.3727	0.3695	0.3712
0.3344	0.3355	0.3331	0.3344
0.3017	0.3026	0.3010	0.3017
0.2730	0.2734	0.2727	0.2730
0.2472	0.2474	0.2465	0.2472
0.2248	0.2254	0.2245	0.2248
0.2049	0.2053	0.2046	0.2049
0.1875	0.1879	0.1875	0.1875
0.1712	0.1713	0.1712	0.1712
0.1583	0.1578	0.1577	0.1583
0.1460	0.1461	0.1459	0.1460
0.1353	0.1351	0.1350	0.1353
0.1250	0.1252	0.1250	0.1250
0.1168	0.1169	0.1167	0.1168
0.1102	0.1109	0.1108	0.1102
0.1036	0.1036	0.1036	0.1036
0.0965	0.0966	0.0965	0.0965
0.0935	0.0936	0.0936	0.0935
0.0875	0.0872	0.0872	0.0875
0.0836	0.0836	0.0836	0.0836
0.0832	0.0831	0.0831	0.0832
0.0750	0.0750	0.0750	0.0750
0.0736	0.0736	0.0736	0.0736
0.0736	0.0736	0.0736	0.0736
0.0728	0.0728	0.0728	0.0728
0.0664	0.0665	0.0665	0.0664
0.0635	0.0639	0.0639	0.0635
0.0636	0.0636	0.0636	0.0636
0.0636	0.0636	0.0636	0.0636
0.0636	0.0636	0.0636	0.0636
0.0636	0.0636	0.0636	0.0636
0.0631	0.0637	0.0637	0.0631
0.0628	0.0630	0.0630	0.0628
0.0610	0.0612	0.0612	0.0610
0.0574	0.0561	0.0561	0.0574
0.0552	0.0545	0.0544	0.0552
0.0542	0.0541	0.0541	0.0542
0.0538	0.0537	0.0537	0.0538
0.0536	0.0536	0.0536	0.0536
0.0536	0.0536	0.0536	0.0536
0.0537	0.0536	0.0536	0.0537
0.0536	0.0536	0.0536	0.0536
0.0536	0.0536	0.0536	0.0536
0.0536	0.0536	0.0536	0.0536
0.0536	0.0536	0.0536	0.0536
0.0536	0.0536	0.0536	0.0536
0.0536	0.0536	0.0536	0.0536
0.0536	0.0536	0.0536	0.0536
0.0536	0.0536	0.0536	0.0536
0.0536	0.0536	0.0536	0.0536
0.0536	0.0536	0.0536	0.0536
0.0535	0.0537	0.0537	0.0535
0.0535	0.0537	0.0537	0.0535
0.0535	0.0537	0.0537	0.0535
0.0536	0.0536	0.0536	0.0536
0.0536	0.0536	0.0536	0.0536
0.0536	0.0536	0.0536	0.0536
0.0536	0.0536	0.0536	0.0536
0.0536	0.0536	0.0536	0.0536
0.0536	0.0536	0.0536	0.0536
0.0536	0.0536	0.0536	0.0536
0.0536	0.0536	0.0536	0.0536
0.0536	0.0536	0.0536	0.0536
0.0536	0.0536	0.0536	0.0536
0.0536	0.0536	0.0536	0.0536
0.0538	0.0534	0.0534	0.0538
0.0536	0.0536	0.0536	0.0536
0.0536	0.0536	0.0536	0.0536
0.0536	0.0536	0.0536	0.0536
0.0536	0.0536	0.0536	0.0536
0.0536	0.0536	0.0536	0.0536
0.0536	0.0536	0.0536	0.0536
0.0536	0.0536	0.0536	0.0536
0.0536	0.0536	0.0536	0.0536
0.0536	0.0536	0.0536	0.0536
0.0540	0.0532	0.0532	0.0540
0.0536	0.0536	0.0536	0.0536
0.0536	0.0536	0.0536	0.0536
0.0533	0.0539	0.0539	0.0533
0.0536	0.0536	0.0536	0.0536
0.0536	0.0536	0.0536	0.0536
0.0536	0.0536	0.0536	0.0536
0.0536	0.0536	0.0536	0.0536
0.0537	0.0535	0.0535	0.0537
0.0536	0.0536	0.0536	0.0536
0.0536	0.0536	0.0536	0.0536
