1.3635	1.2807	1.3581	1.2762
1.0683	1.0306	1.0661	1.0288
0.9338	0.9054	0.9315	0.9040
0.8270	0.8066	0.8262	0.8053
0.7348	0.7199	0.7346	0.7189
0.6555	0.6431	0.6543	0.6427
0.5842	0.5750	0.5837	0.5750
0.5219	0.5152	0.5213	0.5149
0.4670	0.4623	0.4667	0.4618
0.4189	0.4149	0.4184	0.4142
0.3763	0.3728	0.3756	0.3729
0.3384	0.3362	0.3380	0.3363
0.3051	0.3034	0.3049	0.3033
0.2751	0.2744	0.2754	0.2743
0.2503	0.2492	0.2503	0.2489
0.2266	0.2258	0.2265	0.2258
0.2066	0.2063	0.2069	0.2061
0.1889	0.1888	0.1889	0.1884
0.1732	0.1725	0.1728	0.1728
0.1590	0.1588	0.1589	0.1588
0.1472	0.1469	0.1469	0.1471
0.1361	0.1360	0.1361	0.1359
0.1259	0.1260	0.1261	0.1259
0.1176	0.1176	0.1178	0.1176
0.1113	0.1108	0.1108	0.1113
0.1036	0.1036	0.1036	0.1036
0.0976	0.0973	0.0973	0.0976
0.0936	0.0936	0.0936	0.0936
0.0874	0.0878	0.0879	0.0874
0.0836	0.0836	0.0836	0.0836
0.0833	0.0833	0.0833	0.0833
0.0757	0.0752	0.0752	0.0757
0.0736	0.0736	0.0736	0.0736
0.0736	0.0736	0.0736	0.0736
0.0734	0.0732	0.0732	0.0734
0.0664	0.0667	0.0667	0.0664
0.0638	0.0637	0.0637	0.0638
0.0636	0.0636	0.0636	0.0636
0.0636	0.0636	0.0636	0.0636
0.0636	0.0636	0.0636	0.0636
0.0636	0.0636	0.0636	0.0636
0.0636	0.0635	0.0635	0.0636
0.0626	0.0631	0.0631	0.0626
0.0612	0.0613	0.0613	0.0612
0.0570	0.0576	0.0576	0.0570
0.0548	0.0548	0.0548	0.0548
0.0540	0.0541	0.0541	0.0540
0.0539	0.0538	0.0538	0.0539
0.0537	0.0536	0.0536	0.0537
0.0537	0.0536	0.0536	0.0537
0.0536	0.0536	0.0536	0.0536
0.0536	0.0536	0.0536	0.0536
0.0536	0.0536	0.0536	0.0536
0.0536	0.0536	0.0536	0.0536
0.0536	0.0536	0.0536	0.0536
0.0536	0.0536	0.0536	0.0536
0.0536	0.0536	0.0536	0.0536
0.0536	0.0536	0.0536	0.0536
0.0536	0.0536	0.0536	0.0536
0.0536	0.0536	0.0536	0.0536
0.0536	0.0536	0.0536	0.0536
0.0536	0.0536	0.0536	0.0536
0.0536	0.0536	0.0536	0.0536
0.0536	0.0536	0.0536	0.0536
0.0536	0.0536	0.0536	0.0536
0.0535	0.0537	0.0537	0.0535
0.0536	0.0536	0.0536	0.0536
0.0536	0.0536	0.0536	0.0536
0.0536	0.0536	0.0536	0.0536
0.0536	0.0536	0.0536	0.0536
0.0536	0.0536	0.0536	0.0536
0.0536	0.0536	0.0536	0.0536
0.0536	0.0536	0.0536	0.0536
0.0536	0.0536	0.0536	0.0536
0.0536	0.0536	0.0536	0.0536
0.0536	0.0536	0.0536	0.0536
0.0536	0.0536	0.0536	0.0536
0.0538	0.0534	0.0534	0.0538
0.0536	0.0536	0.0536	0.0536
0.0536	0.0536	0.0536	0.0536
0.0536	0.0536	0.0536	0.0536
0.0536	0.0536	0.0536	0.0536
0.0536	0.0536	0.0536	0.0536
0.0536	0.0536	0.0536	0.0536
0.0536	0.0536	0.0536	0.0536
0.0536	0.0536	0.0536	0.0536
0.0536	0.0536	0.0536	0.0536
0.0536	0.0536	0.0536	0.0536
0.0536	0.0536	0.0536	0.0536
0.0536	0.0536	0.0536	0.0536
0.0536	0.0536	0.0536	0.0536
0.0536	0.0536	0.0536	0.0536
0.0537	0.0535	0.0535	0.0537
0.0536	0.0536	0.0536	0.0536
0.0536	0.0536	0.0536	0.0536
0.0536	0.0536	0.0536	0.0536
0.0536	0.0536	0.0536	0.0536
0.0536	0.0536	0.0536	0.0536
0.0536	0.0536	0.0536	0.0536
0.0536	0.0536	0.0536	0.0536
