3.1885	3.4018	3.1487	3.3550
2.5453	2.6415	2.5261	2.6218
2.2261	2.2967	2.2114	2.2823
1.9720	2.0252	1.9615	2.0140
1.7508	1.7910	1.7429	1.7826
1.5557	1.5856	1.5500	1.5791
1.3824	1.4049	1.3784	1.4004
1.2291	1.2459	1.2255	1.2425
1.0930	1.1057	1.0908	1.1033
0.9729	0.9827	0.9712	0.9804
0.8666	0.8740	0.8658	0.8725
0.7724	0.7777	0.7717	0.7772
0.6894	0.6933	0.6883	0.6924
0.6155	0.6188	0.6152	0.6178
0.5503	0.5528	0.5500	0.5520
0.4926	0.4943	0.4919	0.4943
0.4417	0.4429	0.4416	0.4432
0.3965	0.3973	0.3960	0.3975
0.3573	0.3578	0.3566	0.3576
0.3214	0.3220	0.3211	0.3218
0.2908	0.2911	0.2905	0.2912
0.2632	0.2629	0.2627	0.2632
0.2388	0.2390	0.2386	0.2390
0.2173	0.2171	0.2169	0.2174
0.1978	0.1982	0.1982	0.1980
0.1810	0.1809	0.1809	0.1810
0.1671	0.1671	0.1669	0.1671
0.1532	0.1536	0.1534	0.1532
0.1411	0.1415	0.1414	0.1411
0.1313	0.1319	0.1318	0.1313
0.1233	0.1232	0.1232	0.1233
0.1137	0.1136	0.1136	0.1137
0.1069	0.1068	0.1068	0.1069
0.1031	0.1028	0.1027	0.1031
0.0937	0.0940	0.0940	0.0937
0.0928	0.0926	0.0926	0.0928
0.0841	0.0843	0.0843	0.0841
0.0836	0.0836	0.0836	0.0836
0.0801	0.0802	0.0802	0.0801
0.0739	0.0736	0.0736	0.0739
0.0736	0.0736	0.0736	0.0736
0.0736	0.0736	0.0736	0.0736
0.0708	0.0717	0.0717	0.0708
0.0646	0.0640	0.0640	0.0646
0.0636	0.0636	0.0636	0.0636
0.0636	0.0636	0.0636	0.0636
0.0636	0.0636	0.0636	0.0636
0.0636	0.0636	0.0636	0.0636
0.0636	0.0636	0.0636	0.0636
0.0632	0.0633	0.0633	0.0632
0.0626	0.0627	0.0627	0.0626
0.0602	0.0593	0.0593	0.0602
0.0560	0.0554	0.0554	0.0560
0.0544	0.0545	0.0545	0.0544
0.0537	0.0539	0.0539	0.0537
0.0536	0.0538	0.0538	0.0536
0.0536	0.0536	0.0536	0.0536
0.0537	0.0535	0.0535	0.0537
0.0536	0.0536	0.0536	0.0536
0.0537	0.0535	0.0535	0.0537
0.0536	0.0536	0.0536	0.0536
0.0535	0.0537	0.0537	0.0535
0.0535	0.0538	0.0538	0.0535
0.0536	0.0536	0.0536	0.0536
0.0536	0.0536	0.0536	0.0536
0.0536	0.0536	0.0536	0.0536
0.0536	0.0536	0.0536	0.0536
0.0535	0.0537	0.0537	0.0535
0.0536	0.0536	0.0536	0.0536
0.0536	0.0536	0.0536	0.0536
0.0536	0.0536	0.0536	0.0536
0.0536	0.0536	0.0536	0.0536
0.0536	0.0536	0.0536	0.0536
0.0536	0.0536	0.0536	0.0536
0.0536	0.0536	0.0536	0.0536
0.0536	0.0536	0.0536	0.0536
0.0536	0.0536	0.0536	0.0536
0.0536	0.0536	0.0536	0.0536
0.0536	0.0536	0.0536	0.0536
0.0536	0.0536	0.0536	0.0536
0.0536	0.0536	0.0536	0.0536
0.0536	0.0536	0.0536	0.0536
0.0536	0.0536	0.0536	0.0536
0.0536	0.0536	0.0536	0.0536
0.0536	0.0536	0.0536	0.0536
0.0536	0.0536	0.0536	0.0536
0.0536	0.0536	0.0536	0.0536
0.0536	0.0536	0.0536	0.0536
0.0536	0.0536	0.0536	0.0536
0.0536	0.0536	0.0536	0.0536
0.0536	0.0536	0.0536	0.0536
0.0536	0.0536	0.0536	0.0536
0.0536	0.0536	0.0536	0.0536
0.0536	0.0536	0.0536	0.0536
0.0536	0.0536	0.0536	0.0536
0.0536	0.0536	0.0536	0.0536
0.0536	0.0536	0.0536	0.0536
0.0538	0.0534	0.0534	0.0538
0.0536	0.0536	0.0536	0.0536
0.0536	0.0536	0.0536	0.0536
