5.1487	5.2217	5.3575	5.4188
4.1043	4.1348	4.1971	4.2281
3.5848	3.6072	3.6527	3.6758
3.1719	3.1887	3.2233	3.2401
2.8125	2.8250	2.8511	2.8638
2.4950	2.5049	2.5239	2.5336
2.2134	2.2210	2.2353	2.2427
1.9649	1.9695	1.9808	1.9860
1.7433	1.7472	1.7555	1.7597
1.5481	1.5514	1.5575	1.5606
1.3750	1.3775	1.3817	1.3840
1.2220	1.2238	1.2276	1.2291
1.0868	1.0880	1.0907	1.0918
0.9668	0.9681	0.9704	0.9702
0.8613	0.8617	0.8634	0.8636
0.7673	0.7678	0.7692	0.7696
0.6845	0.6848	0.6854	0.6863
0.6112	0.6116	0.6122	0.6125
0.5463	0.5469	0.5472	0.5472
0.4891	0.4894	0.4894	0.4897
0.4385	0.4386	0.4389	0.4391
0.3940	0.3940	0.3942	0.3943
0.3543	0.3542	0.3543	0.3545
0.3194	0.3192	0.3193	0.3195
0.2886	0.2886	0.2887	0.2889
0.2612	0.2618	0.2618	0.2613
0.2367	0.2366	0.2366	0.2368
0.2160	0.2158	0.2158	0.2161
0.1975	0.1973	0.1973	0.1975
0.1796	0.1800	0.1800	0.1796
0.1662	0.1658	0.1658	0.1662
0.1517	0.1522	0.1522	0.1519
0.1411	0.1407	0.1407	0.1411
0.1309	0.1309	0.1309	0.1309
0.1224	0.1225	0.1225	0.1224
0.1136	0.1137	0.1137	0.1136
0.1060	0.1062	0.1062	0.1060
0.1021	0.1022	0.1022	0.1021
0.0937	0.0937	0.0937	0.0937
0.0922	0.0926	0.0926	0.0922
0.0837	0.0837	0.0837	0.0837
0.0836	0.0836	0.0836	0.0836
0.0796	0.0802	0.0802	0.0796
0.0736	0.0738	0.0738	0.0736
0.0736	0.0736	0.0736	0.0736
0.0737	0.0734	0.0734	0.0737
0.0707	0.0709	0.0709	0.0707
0.0641	0.0640	0.0640	0.0641
0.0636	0.0636	0.0636	0.0636
0.0636	0.0636	0.0636	0.0636
0.0637	0.0635	0.0635	0.0637
0.0637	0.0635	0.0635	0.0637
0.0636	0.0636	0.0636	0.0636
0.0634	0.0635	0.0635	0.0634
0.0622	0.0624	0.0624	0.0622
0.0600	0.0590	0.0590	0.0600
0.0553	0.0555	0.0555	0.0553
0.0547	0.0542	0.0542	0.0547
0.0540	0.0539	0.0539	0.0540
0.0537	0.0538	0.0538	0.0537
0.0536	0.0536	0.0536	0.0536
0.0535	0.0537	0.0537	0.0535
0.0536	0.0536	0.0536	0.0536
0.0535	0.0538	0.0538	0.0535
0.0536	0.0536	0.0536	0.0536
0.0536	0.0536	0.0536	0.0536
0.0536	0.0536	0.0536	0.0536
0.0536	0.0536	0.0536	0.0536
0.0518	0.0554	0.0554	0.0518
0.0536	0.0536	0.0536	0.0536
0.0536	0.0536	0.0536	0.0536
0.0536	0.0536	0.0536	0.0536
0.0536	0.0536	0.0536	0.0536
0.0536	0.0536	0.0536	0.0536
0.0536	0.0536	0.0536	0.0536
0.0536	0.0536	0.0536	0.0536
0.0536	0.0536	0.0536	0.0536
0.0536	0.0536	0.0536	0.0536
0.0536	0.0536	0.0536	0.0536
0.0536	0.0536	0.0536	0.0536
0.0536	0.0536	0.0536	0.0536
0.0536	0.0536	0.0536	0.0536
0.0536	0.0536	0.0536	0.0536
0.0536	0.0536	0.0536	0.0536
0.0536	0.0536	0.0536	0.0536
0.0535	0.0537	0.0537	0.0535
0.0536	0.0536	0.0536	0.0536
0.0536	0.0536	0.0536	0.0536
0.0537	0.0535	0.0535	0.0537
0.0535	0.0537	0.0537	0.0535
0.0536	0.0536	0.0536	0.0536
0.0539	0.0533	0.0533	0.0539
0.0536	0.0536	0.0536	0.0536
0.0536	0.0536	0.0536	0.0536
0.0536	0.0536	0.0536	0.0536
0.0536	0.0536	0.0536	0.0536
0.0536	0.0536	0.0536	0.0536
0.0536	0.0536	0.0536	0.0536
0.0536	0.0536	0.0536	0.0536
0.0537	0.0535	0.0535	0.0537
