4.3298	4.4005	4.3764	4.4158
3.4342	3.4593	3.4483	3.4739
2.9962	3.0149	3.0069	3.0254
2.6493	2.6631	2.6572	2.6711
2.3473	2.3579	2.3536	2.3639
2.0817	2.0898	2.0865	2.0944
1.8469	1.8528	1.8505	1.8560
1.6388	1.6433	1.6417	1.6461
1.4554	1.4589	1.4570	1.4600
1.2923	1.2950	1.2938	1.2964
1.1483	1.1506	1.1496	1.1516
1.0213	1.0230	1.0225	1.0236
0.9092	0.9101	0.9096	0.9109
0.8095	0.8102	0.8099	0.8108
0.7219	0.7226	0.7224	0.7231
0.6443	0.6451	0.6451	0.6446
0.5755	0.5754	0.5754	0.5762
0.5149	0.5155	0.5154	0.5154
0.4614	0.4616	0.4615	0.4616
0.4141	0.4141	0.4141	0.4144
0.3719	0.3721	0.3720	0.3721
0.3354	0.3352	0.3352	0.3356
0.3024	0.3023	0.3022	0.3025
0.2732	0.2735	0.2734	0.2732
0.2478	0.2477	0.2477	0.2480
0.2251	0.2253	0.2253	0.2251
0.2053	0.2059	0.2059	0.2053
0.1881	0.1879	0.1878	0.1881
0.1714	0.1721	0.1721	0.1714
0.1583	0.1583	0.1583	0.1583
0.1462	0.1463	0.1463	0.1462
0.1351	0.1355	0.1355	0.1351
0.1256	0.1255	0.1255	0.1256
0.1172	0.1174	0.1174	0.1172
0.1104	0.1106	0.1106	0.1104
0.1036	0.1036	0.1036	0.1036
0.0969	0.0970	0.0970	0.0969
0.0936	0.0935	0.0935	0.0936
0.0867	0.0875	0.0875	0.0867
0.0836	0.0836	0.0836	0.0836
0.0831	0.0834	0.0834	0.0831
0.0748	0.0754	0.0754	0.0748
0.0736	0.0736	0.0736	0.0736
0.0736	0.0736	0.0736	0.0736
0.0728	0.0728	0.0727	0.0728
0.0666	0.0665	0.0665	0.0666
0.0637	0.0638	0.0638	0.0637
0.0636	0.0636	0.0636	0.0636
0.0636	0.0636	0.0636	0.0636
0.0636	0.0636	0.0636	0.0636
0.0635	0.0636	0.0636	0.0635
0.0636	0.0636	0.0636	0.0636
0.0627	0.0627	0.0627	0.0627
0.0619	0.0616	0.0616	0.0619
0.0567	0.0569	0.0569	0.0567
0.0542	0.0547	0.0547	0.0542
0.0541	0.0539	0.0539	0.0541
0.0536	0.0539	0.0539	0.0536
0.0536	0.0536	0.0536	0.0536
0.0536	0.0536	0.0536	0.0536
0.0536	0.0536	0.0536	0.0536
0.0536	0.0536	0.0536	0.0536
0.0536	0.0537	0.0537	0.0536
0.0536	0.0536	0.0536	0.0536
0.0536	0.0536	0.0536	0.0536
0.0536	0.0536	0.0536	0.0536
0.0536	0.0536	0.0536	0.0536
0.0536	0.0536	0.0536	0.0536
0.0536	0.0536	0.0536	0.0536
0.0536	0.0536	0.0536	0.0536
0.0536	0.0536	0.0536	0.0536
0.0536	0.0536	0.0536	0.0536
0.0536	0.0536	0.0536	0.0536
0.0537	0.0535	0.0535	0.0537
0.0536	0.0536	0.0536	0.0536
0.0536	0.0536	0.0536	0.0536
0.0536	0.0536	0.0536	0.0536
0.0536	0.0536	0.0536	0.0536
0.0536	0.0536	0.0536	0.0536
0.0536	0.0536	0.0536	0.0536
0.0536	0.0536	0.0536	0.0536
0.0536	0.0536	0.0536	0.0536
0.0536	0.0536	0.0536	0.0536
0.0537	0.0535	0.0535	0.0537
0.0536	0.0536	0.0536	0.0536
0.0536	0.0536	0.0536	0.0536
0.0535	0.0537	0.0537	0.0535
0.0536	0.0536	0.0536	0.0536
0.0536	0.0536	0.0536	0.0536
0.0536	0.0536	0.0536	0.0536
0.0536	0.0536	0.0536	0.0536
0.0536	0.0536	0.0536	0.0536
0.0536	0.0536	0.0536	0.0536
0.0537	0.0535	0.0535	0.0537
0.0536	0.0536	0.0536	0.0536
0.0536	0.0536	0.0536	0.0536
0.0535	0.0537	0.0537	0.0535
0.0536	0.0536	0.0536	0.0536
0.0536	0.0536	0.0536	0.0536
0.0536	0.0536	0.0536	0.0536
