3.2503	3.2405	3.0482	3.0396
2.5309	2.5262	2.4385	2.4340
2.2016	2.1983	2.1339	2.1310
1.9421	1.9398	1.8910	1.8889
1.7182	1.7166	1.6799	1.6783
1.5222	1.5205	1.4931	1.4920
1.3491	1.3486	1.3274	1.3265
1.1968	1.1962	1.1809	1.1801
1.0631	1.0626	1.0510	1.0502
0.9448	0.9439	0.9354	0.9354
0.8402	0.8403	0.8338	0.8334
0.7483	0.7487	0.7434	0.7431
0.6672	0.6671	0.6637	0.6635
0.5958	0.5950	0.5926	0.5928
0.5326	0.5326	0.5301	0.5298
0.4767	0.4768	0.4752	0.4748
0.4272	0.4275	0.4258	0.4258
0.3838	0.3838	0.3829	0.3824
0.3454	0.3454	0.3448	0.3448
0.3107	0.3112	0.3110	0.3106
0.2813	0.2814	0.2812	0.2809
0.2545	0.2548	0.2544	0.2542
0.2316	0.2316	0.2315	0.2314
0.2106	0.2106	0.2104	0.2106
0.1919	0.1927	0.1924	0.1918
0.1773	0.1768	0.1768	0.1771
0.1618	0.1613	0.1611	0.1617
0.1491	0.1494	0.1493	0.1491
0.1381	0.1381	0.1381	0.1381
0.1281	0.1283	0.1283	0.1281
0.1202	0.1197	0.1197	0.1201
0.1131	0.1132	0.1132	0.1131
0.1039	0.1039	0.1039	0.1039
0.0994	0.0995	0.0995	0.0994
0.0936	0.0936	0.0936	0.0936
0.0901	0.0902	0.0902	0.0901
0.0836	0.0836	0.0836	0.0836
0.0835	0.0835	0.0835	0.0835
0.0770	0.0774	0.0774	0.0770
0.0736	0.0737	0.0737	0.0736
0.0736	0.0736	0.0736	0.0736
0.0734	0.0735	0.0735	0.0734
0.0683	0.0683	0.0683	0.0683
0.0638	0.0637	0.0637	0.0638
0.0636	0.0636	0.0636	0.0636
0.0636	0.0636	0.0636	0.0636
0.0636	0.0636	0.0636	0.0636
0.0636	0.0636	0.0636	0.0636
0.0636	0.0636	0.0636	0.0636
0.0631	0.0632	0.0632	0.0631
0.0624	0.0622	0.0622	0.0624
0.0576	0.0591	0.0591	0.0576
0.0552	0.0555	0.0555	0.0552
0.0545	0.0544	0.0544	0.0545
0.0538	0.0540	0.0540	0.0538
0.0536	0.0537	0.0537	0.0536
0.0536	0.0536	0.0536	0.0536
0.0536	0.0536	0.0536	0.0536
0.0536	0.0536	0.0536	0.0536
0.0536	0.0536	0.0536	0.0536
0.0536	0.0536	0.0536	0.0536
0.0536	0.0536	0.0536	0.0536
0.0536	0.0536	0.0536	0.0536
0.0536	0.0536	0.0536	0.0536
0.0536	0.0536	0.0536	0.0536
0.0536	0.0536	0.0536	0.0536
0.0536	0.0536	0.0536	0.0536
0.0537	0.0536	0.0536	0.0537
0.0536	0.0536	0.0536	0.0536
0.0536	0.0536	0.0536	0.0536
0.0536	0.0536	0.0536	0.0536
0.0536	0.0536	0.0536	0.0536
0.0536	0.0536	0.0536	0.0536
0.0536	0.0536	0.0536	0.0536
0.0536	0.0536	0.0536	0.0536
0.0536	0.0536	0.0536	0.0536
0.0536	0.0536	0.0536	0.0536
0.0536	0.0537	0.0537	0.0536
0.0536	0.0536	0.0536	0.0536
0.0536	0.0536	0.0536	0.0536
0.0536	0.0536	0.0536	0.0536
0.0536	0.0536	0.0536	0.0536
0.0537	0.0535	0.0535	0.0537
0.0536	0.0536	0.0536	0.0536
0.0536	0.0536	0.0536	0.0536
0.0536	0.0536	0.0536	0.0536
0.0536	0.0536	0.0536	0.0536
0.0536	0.0536	0.0536	0.0536
0.0536	0.0536	0.0536	0.0536
0.0536	0.0536	0.0536	0.0536
0.0536	0.0536	0.0536	0.0536
0.0536	0.0536	0.0536	0.0536
0.0535	0.0537	0.0537	0.0535
0.0536	0.0536	0.0536	0.0536
0.0536	0.0536	0.0536	0.0536
0.0536	0.0536	0.0536	0.0536
0.0535	0.0537	0.0537	0.0535
0.0533	0.0539	0.0539	0.0533
0.0536	0.0536	0.0536	0.0536
0.0536	0.0536	0.0536	0.0536
