2.8314	2.8714	2.8209	2.8314
2.2423	2.2541	2.2308	2.2423
1.9574	1.9660	1.9483	1.9574
1.7313	1.7382	1.7247	1.7313
1.5355	1.5404	1.5307	1.5355
1.3635	1.3669	1.3596	1.3635
1.2110	1.2135	1.2080	1.2110
1.0766	1.0785	1.0739	1.0766
0.9573	0.9592	0.9560	0.9573
0.8526	0.8536	0.8512	0.8526
0.7594	0.7606	0.7590	0.7594
0.6775	0.6778	0.6769	0.6775
0.6047	0.6056	0.6049	0.6047
0.5408	0.5410	0.5405	0.5408
0.4844	0.4843	0.4839	0.4844
0.4341	0.4341	0.4336	0.4341
0.3900	0.3899	0.3896	0.3900
0.3507	0.3508	0.3507	0.3507
0.3168	0.3163	0.3161	0.3168
0.2856	0.2853	0.2852	0.2856
0.2589	0.2586	0.2585	0.2589
0.2348	0.2349	0.2348	0.2348
0.2141	0.2135	0.2133	0.2141
0.1955	0.1951	0.1951	0.1955
0.1786	0.1785	0.1785	0.1786
0.1640	0.1643	0.1643	0.1640
0.1506	0.1507	0.1506	0.1506
0.1397	0.1399	0.1399	0.1397
0.1297	0.1299	0.1299	0.1297
0.1214	0.1216	0.1216	0.1214
0.1136	0.1135	0.1135	0.1136
0.1055	0.1049	0.1049	0.1055
0.1018	0.1012	0.1012	0.1018
0.0936	0.0936	0.0936	0.0936
0.0916	0.0914	0.0914	0.0916
0.0836	0.0838	0.0838	0.0836
0.0836	0.0836	0.0836	0.0836
0.0783	0.0793	0.0793	0.0783
0.0736	0.0737	0.0737	0.0736
0.0736	0.0736	0.0736	0.0736
0.0734	0.0736	0.0736	0.0734
0.0702	0.0692	0.0692	0.0702
0.0640	0.0641	0.0641	0.0640
0.0636	0.0636	0.0636	0.0636
0.0636	0.0636	0.0636	0.0636
0.0636	0.0636	0.0636	0.0636
0.0636	0.0636	0.0636	0.0636
0.0636	0.0636	0.0636	0.0636
0.0632	0.0632	0.0632	0.0632
0.0628	0.0623	0.0623	0.0628
0.0582	0.0594	0.0594	0.0582
0.0546	0.0554	0.0554	0.0546
0.0542	0.0547	0.0547	0.0542
0.0537	0.0538	0.0538	0.0537
0.0538	0.0537	0.0537	0.0538
0.0535	0.0538	0.0538	0.0535
0.0536	0.0536	0.0536	0.0536
0.0536	0.0536	0.0536	0.0536
0.0536	0.0536	0.0536	0.0536
0.0536	0.0536	0.0536	0.0536
0.0535	0.0537	0.0537	0.0535
0.0536	0.0536	0.0536	0.0536
0.0536	0.0536	0.0536	0.0536
0.0536	0.0536	0.0536	0.0536
0.0536	0.0536	0.0536	0.0536
0.0536	0.0537	0.0537	0.0536
0.0538	0.0534	0.0534	0.0538
0.0536	0.0536	0.0536	0.0536
0.0536	0.0536	0.0536	0.0536
0.0536	0.0536	0.0536	0.0536
0.0536	0.0536	0.0536	0.0536
0.0536	0.0536	0.0536	0.0536
0.0536	0.0536	0.0536	0.0536
0.0536	0.0536	0.0536	0.0536
0.0537	0.0536	0.0536	0.0537
0.0536	0.0536	0.0536	0.0536
0.0537	0.0535	0.0535	0.0537
0.0536	0.0536	0.0536	0.0536
0.0536	0.0536	0.0536	0.0536
0.0536	0.0536	0.0536	0.0536
0.0536	0.0537	0.0537	0.0536
0.0536	0.0536	0.0536	0.0536
0.0536	0.0536	0.0536	0.0536
0.0536	0.0536	0.0536	0.0536
0.0536	0.0536	0.0536	0.0536
0.0536	0.0536	0.0536	0.0536
0.0536	0.0536	0.0536	0.0536
0.0536	0.0536	0.0536	0.0536
0.0536	0.0536	0.0536	0.0536
0.0537	0.0535	0.0535	0.0537
0.0536	0.0536	0.0536	0.0536
0.0536	0.0536	0.0536	0.0536
0.0536	0.0536	0.0536	0.0536
0.0536	0.0536	0.0536	0.0536
0.0536	0.0536	0.0536	0.0536
0.0536	0.0536	0.0536	0.0536
0.0536	0.0536	0.0536	0.0536
0.0536	0.0536	0.0536	0.0536
0.0536	0.0536	0.0536	0.0536
0.0536	0.0536	0.0536	0.0536
