1.8060	1.9298	1.7016	1.8060
1.4357	1.4861	1.3806	1.4357
1.2547	1.2932	1.2160	1.2547
1.1122	1.1410	1.0833	1.1122
0.9883	1.0102	0.9668	0.9883
0.8801	0.8962	0.8632	0.8801
0.7839	0.7962	0.7712	0.7839
0.6987	0.7081	0.6898	0.6987
0.6238	0.6304	0.6167	0.6238
0.5575	0.5626	0.5522	0.5575
0.4992	0.5028	0.4951	0.4992
0.4470	0.4500	0.4438	0.4470
0.4012	0.4036	0.3995	0.4012
0.3607	0.3625	0.3591	0.3607
0.3254	0.3267	0.3241	0.3254
0.2935	0.2945	0.2924	0.2935
0.2656	0.2660	0.2645	0.2656
0.2414	0.2420	0.2410	0.2414
0.2192	0.2199	0.2190	0.2192
0.1996	0.2002	0.1993	0.1996
0.1825	0.1838	0.1833	0.1825
0.1677	0.1685	0.1682	0.1677
0.1552	0.1549	0.1545	0.1552
0.1426	0.1427	0.1425	0.1426
0.1325	0.1326	0.1326	0.1325
0.1236	0.1233	0.1233	0.1236
0.1145	0.1140	0.1140	0.1145
0.1079	0.1077	0.1075	0.1079
0.1032	0.1034	0.1034	0.1032
0.0944	0.0940	0.0938	0.0944
0.0933	0.0932	0.0932	0.0933
0.0846	0.0849	0.0849	0.0846
0.0836	0.0836	0.0836	0.0836
0.0815	0.0813	0.0812	0.0815
0.0737	0.0736	0.0736	0.0737
0.0721	0.0751	0.0751	0.0721
0.0736	0.0735	0.0735	0.0736
0.0721	0.0723	0.0723	0.0721
0.0644	0.0645	0.0645	0.0644
0.0637	0.0636	0.0636	0.0637
0.0636	0.0636	0.0636	0.0636
0.0636	0.0636	0.0636	0.0636
0.0635	0.0637	0.0637	0.0635
0.0636	0.0636	0.0636	0.0636
0.0634	0.0635	0.0635	0.0634
0.0623	0.0629	0.0629	0.0623
0.0596	0.0602	0.0602	0.0596
0.0558	0.0559	0.0559	0.0558
0.0542	0.0538	0.0538	0.0542
0.0537	0.0539	0.0539	0.0537
0.0537	0.0536	0.0536	0.0537
0.0536	0.0536	0.0536	0.0536
0.0536	0.0536	0.0536	0.0536
0.0536	0.0536	0.0536	0.0536
0.0536	0.0536	0.0536	0.0536
0.0536	0.0536	0.0536	0.0536
0.0536	0.0536	0.0536	0.0536
0.0536	0.0536	0.0536	0.0536
0.0567	0.0506	0.0506	0.0567
0.0536	0.0536	0.0536	0.0536
0.0535	0.0537	0.0537	0.0535
0.0536	0.0536	0.0536	0.0536
0.0536	0.0536	0.0536	0.0536
0.0536	0.0536	0.0536	0.0536
0.0536	0.0536	0.0536	0.0536
0.0536	0.0536	0.0536	0.0536
0.0536	0.0536	0.0536	0.0536
0.0536	0.0536	0.0536	0.0536
0.0536	0.0536	0.0536	0.0536
0.0535	0.0537	0.0537	0.0535
0.0536	0.0536	0.0536	0.0536
0.0537	0.0535	0.0535	0.0537
0.0535	0.0537	0.0537	0.0535
0.0536	0.0536	0.0536	0.0536
0.0536	0.0536	0.0536	0.0536
0.0536	0.0536	0.0536	0.0536
0.0536	0.0536	0.0536	0.0536
0.0536	0.0536	0.0536	0.0536
0.0536	0.0536	0.0536	0.0536
0.0536	0.0536	0.0536	0.0536
0.0536	0.0536	0.0536	0.0536
0.0535	0.0537	0.0537	0.0535
0.0536	0.0536	0.0536	0.0536
0.0536	0.0536	0.0536	0.0536
0.0536	0.0536	0.0536	0.0536
0.0536	0.0536	0.0536	0.0536
0.0536	0.0536	0.0536	0.0536
0.0536	0.0536	0.0536	0.0536
0.0535	0.0537	0.0537	0.0535
0.0536	0.0536	0.0536	0.0536
0.0536	0.0536	0.0536	0.0536
0.0535	0.0537	0.0537	0.0535
0.0536	0.0536	0.0536	0.0536
0.0536	0.0536	0.0536	0.0536
0.0535	0.0537	0.0537	0.0535
0.0536	0.0536	0.0536	0.0536
0.0536	0.0536	0.0536	0.0536
0.0536	0.0536	0.0536	0.0536
0.0536	0.0536	0.0536	0.0536
0.0535	0.0537	0.0537	0.0535
