1.3679	1.4511	1.4511	1.5497
1.1125	1.1547	1.1547	1.1958
0.9802	1.0112	1.0112	1.0420
0.8739	0.8974	0.8974	0.9199
0.7819	0.7988	0.7988	0.8163
0.6991	0.7123	0.7123	0.7252
0.6257	0.6358	0.6358	0.6457
0.5605	0.5681	0.5681	0.5750
0.5026	0.5083	0.5083	0.5136
0.4513	0.4552	0.4552	0.4595
0.4054	0.4085	0.4085	0.4120
0.3645	0.3672	0.3672	0.3696
0.3290	0.3306	0.3306	0.3324
0.2972	0.2984	0.2984	0.2999
0.2689	0.2703	0.2703	0.2708
0.2439	0.2447	0.2447	0.2452
0.2220	0.2225	0.2225	0.2233
0.2028	0.2029	0.2029	0.2037
0.1856	0.1859	0.1859	0.1868
0.1697	0.1698	0.1698	0.1701
0.1569	0.1570	0.1570	0.1573
0.1447	0.1450	0.1450	0.1450
0.1339	0.1343	0.1343	0.1343
0.1241	0.1245	0.1245	0.1244
0.1157	0.1157	0.1157	0.1160
0.1092	0.1094	0.1094	0.1092
0.1035	0.1036	0.1036	0.1036
0.0957	0.0963	0.0963	0.0957
0.0936	0.0935	0.0935	0.0936
0.0864	0.0858	0.0858	0.0865
0.0836	0.0836	0.0836	0.0836
0.0827	0.0824	0.0824	0.0827
0.0747	0.0742	0.0742	0.0747
0.0736	0.0736	0.0736	0.0736
0.0735	0.0736	0.0736	0.0735
0.0727	0.0728	0.0728	0.0728
0.0658	0.0657	0.0657	0.0658
0.0636	0.0637	0.0637	0.0636
0.0636	0.0636	0.0636	0.0636
0.0636	0.0636	0.0636	0.0636
0.0636	0.0636	0.0636	0.0636
0.0636	0.0636	0.0636	0.0636
0.0635	0.0634	0.0634	0.0635
0.0631	0.0627	0.0627	0.0631
0.0617	0.0600	0.0600	0.0617
0.0563	0.0562	0.0562	0.0563
0.0547	0.0541	0.0541	0.0547
0.0539	0.0539	0.0539	0.0539
0.0536	0.0537	0.0537	0.0536
0.0536	0.0536	0.0536	0.0536
0.0536	0.0536	0.0536	0.0536
0.0536	0.0536	0.0536	0.0536
0.0536	0.0536	0.0536	0.0536
0.0536	0.0536	0.0536	0.0536
0.0536	0.0536	0.0536	0.0536
0.0536	0.0536	0.0536	0.0536
0.0536	0.0536	0.0536	0.0536
0.0536	0.0536	0.0536	0.0536
0.0536	0.0536	0.0536	0.0536
0.0536	0.0536	0.0536	0.0536
0.0536	0.0536	0.0536	0.0536
0.0536	0.0536	0.0536	0.0536
0.0536	0.0536	0.0536	0.0536
0.0536	0.0536	0.0536	0.0536
0.0536	0.0536	0.0536	0.0536
0.0536	0.0536	0.0536	0.0536
0.0536	0.0536	0.0536	0.0536
0.0536	0.0536	0.0536	0.0536
0.0536	0.0536	0.0536	0.0536
0.0536	0.0536	0.0536	0.0536
0.0536	0.0536	0.0536	0.0536
0.0536	0.0536	0.0536	0.0536
0.0536	0.0536	0.0536	0.0536
0.0537	0.0535	0.0535	0.0537
0.0536	0.0536	0.0536	0.0536
0.0538	0.0534	0.0534	0.0538
0.0539	0.0533	0.0533	0.0539
0.0536	0.0536	0.0536	0.0536
0.0536	0.0536	0.0536	0.0536
0.0538	0.0534	0.0534	0.0538
0.0536	0.0536	0.0536	0.0536
0.0537	0.0535	0.0535	0.0537
0.0536	0.0536	0.0536	0.0536
0.0536	0.0536	0.0536	0.0536
0.0536	0.0536	0.0536	0.0536
0.0536	0.0536	0.0536	0.0536
0.0536	0.0536	0.0536	0.0536
0.0536	0.0536	0.0536	0.0536
0.0536	0.0536	0.0536	0.0536
0.0536	0.0536	0.0536	0.0536
0.0536	0.0536	0.0536	0.0536
0.0536	0.0536	0.0536	0.0536
0.0536	0.0536	0.0536	0.0536
0.0536	0.0536	0.0536	0.0536
0.0536	0.0536	0.0536	0.0536
0.0536	0.0536	0.0536	0.0536
0.0536	0.0536	0.0536	0.0536
0.0536	0.0536	0.0536	0.0536
0.0536	0.0536	0.0536	0.0536
0.0536	0.0536	0.0536	0.0536
