4.9824	4.8949	4.9641	4.8735
3.9091	3.8688	3.9006	3.8600
3.4034	3.3736	3.3971	3.3671
3.0039	2.9817	2.9987	2.9766
2.6577	2.6410	2.6544	2.6374
2.3535	2.3408	2.3508	2.3382
2.0849	2.0755	2.0827	2.0736
1.8481	1.8408	1.8464	1.8392
1.6386	1.6338	1.6377	1.6320
1.4546	1.4500	1.4532	1.4496
1.2867	1.2916	1.2940	1.2835
1.1469	1.1439	1.1463	1.1442
1.0193	1.0177	1.0190	1.0170
0.9070	0.9058	0.9067	0.9052
0.8077	0.8067	0.8073	0.8061
0.7200	0.7193	0.7200	0.7194
0.6424	0.6417	0.6421	0.6413
0.5735	0.5736	0.5741	0.5730
0.5136	0.5130	0.5134	0.5130
0.4598	0.4597	0.4597	0.4595
0.4126	0.4124	0.4127	0.4123
0.3709	0.3707	0.3707	0.3709
0.3339	0.3340	0.3340	0.3336
0.3012	0.3013	0.3014	0.3011
0.2727	0.2726	0.2726	0.2727
0.2465	0.2467	0.2468	0.2463
0.2243	0.2246	0.2246	0.2243
0.2047	0.2048	0.2048	0.2047
0.1876	0.1877	0.1877	0.1875
0.1707	0.1711	0.1712	0.1707
0.1580	0.1578	0.1578	0.1580
0.1462	0.1460	0.1460	0.1462
0.1347	0.1350	0.1351	0.1347
0.1253	0.1249	0.1249	0.1253
0.1151	0.1183	0.1183	0.1150
0.1104	0.1103	0.1103	0.1104
0.1036	0.1036	0.1036	0.1036
0.0969	0.0965	0.0965	0.0969
0.0936	0.0935	0.0935	0.0936
0.0867	0.0869	0.0869	0.0867
0.0836	0.0836	0.0836	0.0836
0.0833	0.0828	0.0828	0.0833
0.0745	0.0743	0.0743	0.0745
0.0736	0.0736	0.0736	0.0736
0.0736	0.0736	0.0736	0.0736
0.0731	0.0729	0.0729	0.0731
0.0660	0.0662	0.0662	0.0660
0.0637	0.0637	0.0637	0.0637
0.0636	0.0636	0.0636	0.0636
0.0636	0.0636	0.0636	0.0636
0.0636	0.0636	0.0636	0.0636
0.0636	0.0636	0.0636	0.0636
0.0636	0.0633	0.0633	0.0636
0.0627	0.0634	0.0634	0.0627
0.0615	0.0609	0.0609	0.0615
0.0564	0.0572	0.0572	0.0564
0.0546	0.0549	0.0549	0.0546
0.0542	0.0540	0.0540	0.0542
0.0538	0.0540	0.0540	0.0538
0.0536	0.0537	0.0537	0.0536
0.0536	0.0536	0.0536	0.0536
0.0536	0.0536	0.0536	0.0536
0.0536	0.0537	0.0537	0.0536
0.0536	0.0536	0.0536	0.0536
0.0536	0.0536	0.0536	0.0536
0.0536	0.0536	0.0536	0.0536
0.0536	0.0537	0.0537	0.0536
0.0536	0.0536	0.0536	0.0536
0.0536	0.0536	0.0536	0.0536
0.0536	0.0536	0.0536	0.0536
0.0536	0.0536	0.0536	0.0536
0.0536	0.0536	0.0536	0.0536
0.0536	0.0536	0.0536	0.0536
0.0536	0.0536	0.0536	0.0536
0.0536	0.0536	0.0536	0.0536
0.0536	0.0536	0.0536	0.0536
0.0535	0.0537	0.0537	0.0535
0.0536	0.0536	0.0536	0.0536
0.0536	0.0536	0.0536	0.0536
0.0536	0.0536	0.0536	0.0536
0.0536	0.0536	0.0536	0.0536
0.0536	0.0536	0.0536	0.0536
0.0536	0.0536	0.0536	0.0536
0.0536	0.0536	0.0536	0.0536
0.0536	0.0536	0.0536	0.0536
0.0536	0.0536	0.0536	0.0536
0.0536	0.0536	0.0536	0.0536
0.0536	0.0536	0.0536	0.0536
0.0536	0.0536	0.0536	0.0536
0.0536	0.0536	0.0536	0.0536
0.0536	0.0536	0.0536	0.0536
0.0536	0.0536	0.0536	0.0536
0.0536	0.0536	0.0536	0.0536
0.0536	0.0536	0.0536	0.0536
0.0536	0.0536	0.0536	0.0536
0.0536	0.0536	0.0536	0.0536
0.0538	0.0534	0.0534	0.0538
0.0536	0.0536	0.0536	0.0536
0.0536	0.0536	0.0536	0.0536
0.0534	0.0538	0.0538	0.0534
