2.6807	2.5155	2.6847	2.5191
2.0918	2.0155	2.0931	2.0174
1.8212	1.7653	1.8224	1.7668
1.6079	1.5660	1.6091	1.5671
1.4239	1.3924	1.4244	1.3931
1.2624	1.2392	1.2633	1.2394
1.1201	1.1029	1.1208	1.1031
0.9949	0.9819	0.9955	0.9818
0.8847	0.8748	0.8851	0.8750
0.7873	0.7801	0.7876	0.7801
0.7015	0.6962	0.7019	0.6964
0.6258	0.6216	0.6263	0.6218
0.5592	0.5558	0.5592	0.5557
0.4997	0.4979	0.5002	0.4979
0.4478	0.4462	0.4481	0.4462
0.4022	0.4010	0.4018	0.4011
0.3613	0.3605	0.3614	0.3602
0.3256	0.3250	0.3262	0.3250
0.2943	0.2931	0.2938	0.2935
0.2660	0.2649	0.2655	0.2653
0.2414	0.2416	0.2417	0.2412
0.2192	0.2197	0.2198	0.2192
0.1997	0.1995	0.1997	0.1996
0.1831	0.1825	0.1827	0.1831
0.1683	0.1681	0.1682	0.1683
0.1553	0.1551	0.1552	0.1552
0.1424	0.1428	0.1428	0.1423
0.1327	0.1325	0.1325	0.1327
0.1235	0.1237	0.1237	0.1235
0.1144	0.1143	0.1143	0.1143
0.1078	0.1075	0.1075	0.1078
0.1033	0.1031	0.1032	0.1033
0.0945	0.0941	0.0941	0.0945
0.0928	0.0932	0.0932	0.0928
0.0850	0.0842	0.0842	0.0850
0.0836	0.0836	0.0836	0.0836
0.0808	0.0815	0.0815	0.0808
0.0739	0.0740	0.0740	0.0739
0.0736	0.0736	0.0736	0.0736
0.0736	0.0736	0.0736	0.0736
0.0723	0.0714	0.0714	0.0723
0.0647	0.0645	0.0645	0.0647
0.0636	0.0636	0.0636	0.0636
0.0636	0.0636	0.0636	0.0636
0.0636	0.0636	0.0636	0.0636
0.0636	0.0636	0.0636	0.0636
0.0635	0.0637	0.0637	0.0635
0.0634	0.0634	0.0634	0.0634
0.0626	0.0627	0.0627	0.0626
0.0610	0.0597	0.0597	0.0610
0.0557	0.0562	0.0562	0.0557
0.0547	0.0545	0.0545	0.0547
0.0546	0.0540	0.0540	0.0546
0.0536	0.0538	0.0538	0.0535
0.0537	0.0536	0.0536	0.0537
0.0536	0.0537	0.0537	0.0536
0.0536	0.0536	0.0536	0.0536
0.0536	0.0536	0.0536	0.0536
0.0536	0.0536	0.0536	0.0536
0.0536	0.0536	0.0536	0.0536
0.0536	0.0536	0.0536	0.0536
0.0536	0.0536	0.0536	0.0536
0.0536	0.0536	0.0536	0.0536
0.0536	0.0536	0.0536	0.0536
0.0536	0.0536	0.0536	0.0536
0.0536	0.0536	0.0536	0.0536
0.0536	0.0536	0.0536	0.0536
0.0536	0.0536	0.0536	0.0536
0.0536	0.0536	0.0536	0.0536
0.0536	0.0536	0.0536	0.0536
0.0536	0.0536	0.0536	0.0536
0.0536	0.0536	0.0536	0.0536
0.0536	0.0536	0.0536	0.0536
0.0536	0.0536	0.0536	0.0536
0.0536	0.0536	0.0536	0.0536
0.0536	0.0536	0.0536	0.0536
0.0536	0.0536	0.0536	0.0536
0.0536	0.0536	0.0536	0.0536
0.0536	0.0536	0.0536	0.0536
0.0536	0.0536	0.0536	0.0536
0.0536	0.0536	0.0536	0.0536
0.0536	0.0536	0.0536	0.0536
0.0536	0.0536	0.0536	0.0536
0.0536	0.0536	0.0536	0.0536
0.0536	0.0536	0.0536	0.0536
0.0536	0.0536	0.0536	0.0536
0.0536	0.0536	0.0536	0.0536
0.0536	0.0536	0.0536	0.0536
0.0536	0.0536	0.0536	0.0536
0.0537	0.0535	0.0535	0.0537
0.0536	0.0536	0.0536	0.0536
0.0536	0.0536	0.0536	0.0536
0.0536	0.0536	0.0536	0.0536
0.0536	0.0536	0.0536	0.0536
0.0535	0.0537	0.0537	0.0535
0.0536	0.0536	0.0536	0.0536
0.0537	0.0535	0.0535	0.0537
0.0536	0.0536	0.0536	0.0536
0.0535	0.0537	0.0537	0.0535
0.0536	0.0536	0.0536	0.0536
