5.4521	5.5414	5.2872	5.3921
4.2828	4.3275	4.2107	4.2556
3.7301	3.7630	3.6769	3.7100
3.2927	3.3165	3.2527	3.2778
2.9140	2.9322	2.8843	2.9022
2.5802	2.5940	2.5576	2.5717
2.2860	2.2970	2.2692	2.2792
2.0259	2.0333	2.0133	2.0208
1.7960	1.8018	1.7870	1.7925
1.5933	1.5980	1.5861	1.5904
1.4142	1.4173	1.4089	1.4121
1.2559	1.2582	1.2518	1.2544
1.1161	1.1176	1.1130	1.1145
0.9922	0.9940	0.9899	0.9913
0.8833	0.8839	0.8813	0.8825
0.7864	0.7871	0.7851	0.7861
0.7011	0.7018	0.7006	0.7011
0.6260	0.6262	0.6256	0.6254
0.5593	0.5600	0.5591	0.5593
0.5005	0.5004	0.4997	0.5004
0.4490	0.4488	0.4481	0.4488
0.4024	0.4029	0.4026	0.4023
0.3620	0.3623	0.3615	0.3619
0.3264	0.3262	0.3262	0.3263
0.2947	0.2946	0.2945	0.2946
0.2665	0.2660	0.2659	0.2665
0.2421	0.2418	0.2416	0.2421
0.2199	0.2201	0.2200	0.2199
0.2001	0.2003	0.2001	0.2001
0.1832	0.1831	0.1831	0.1832
0.1681	0.1682	0.1682	0.1681
0.1557	0.1552	0.1552	0.1557
0.1433	0.1431	0.1431	0.1433
0.1328	0.1329	0.1329	0.1328
0.1235	0.1236	0.1236	0.1235
0.1149	0.1145	0.1145	0.1149
0.1082	0.1080	0.1080	0.1082
0.1035	0.1032	0.1032	0.1035
0.0941	0.0946	0.0946	0.0941
0.0934	0.0932	0.0932	0.0934
0.0849	0.0843	0.0843	0.0849
0.0836	0.0836	0.0836	0.0836
0.0818	0.0815	0.0815	0.0818
0.0737	0.0736	0.0736	0.0737
0.0736	0.0736	0.0736	0.0736
0.0736	0.0735	0.0735	0.0736
0.0721	0.0717	0.0717	0.0721
0.0652	0.0645	0.0645	0.0652
0.0636	0.0636	0.0636	0.0636
0.0636	0.0636	0.0636	0.0636
0.0636	0.0636	0.0636	0.0636
0.0636	0.0636	0.0636	0.0636
0.0635	0.0636	0.0636	0.0635
0.0630	0.0635	0.0635	0.0630
0.0620	0.0627	0.0627	0.0620
0.0606	0.0602	0.0602	0.0606
0.0550	0.0557	0.0557	0.0550
0.0549	0.0540	0.0540	0.0549
0.0541	0.0540	0.0540	0.0541
0.0537	0.0540	0.0540	0.0537
0.0536	0.0536	0.0536	0.0536
0.0536	0.0536	0.0536	0.0536
0.0536	0.0536	0.0536	0.0536
0.0537	0.0535	0.0535	0.0537
0.0536	0.0536	0.0536	0.0536
0.0536	0.0536	0.0536	0.0536
0.0536	0.0536	0.0536	0.0536
0.0536	0.0536	0.0536	0.0536
0.0536	0.0536	0.0536	0.0536
0.0536	0.0536	0.0536	0.0536
0.0536	0.0536	0.0536	0.0536
0.0536	0.0536	0.0536	0.0536
0.0534	0.0538	0.0538	0.0534
0.0537	0.0536	0.0536	0.0537
0.0536	0.0536	0.0536	0.0536
0.0536	0.0536	0.0536	0.0536
0.0536	0.0536	0.0536	0.0536
0.0536	0.0536	0.0536	0.0536
0.0536	0.0536	0.0536	0.0536
0.0537	0.0535	0.0535	0.0537
0.0536	0.0536	0.0536	0.0536
0.0536	0.0536	0.0536	0.0536
0.0535	0.0537	0.0537	0.0535
0.0536	0.0536	0.0536	0.0536
0.0536	0.0536	0.0536	0.0536
0.0536	0.0536	0.0536	0.0536
0.0536	0.0536	0.0536	0.0536
0.0536	0.0536	0.0536	0.0536
0.0536	0.0536	0.0536	0.0536
0.0536	0.0536	0.0536	0.0536
0.0536	0.0536	0.0536	0.0536
0.0537	0.0535	0.0535	0.0537
0.0536	0.0536	0.0536	0.0536
0.0537	0.0535	0.0535	0.0537
0.0536	0.0536	0.0536	0.0536
0.0535	0.0537	0.0537	0.0535
0.0536	0.0536	0.0536	0.0536
0.0539	0.0533	0.0533	0.0539
0.0536	0.0536	0.0536	0.0536
0.0536	0.0536	0.0536	0.0536
