1.2109	1.2846	1.2846	1.3711
0.9869	1.0234	1.0234	1.0605
0.8701	0.8972	0.8972	0.9244
0.7767	0.7972	0.7972	0.8172
0.6956	0.7103	0.7103	0.7255
0.6225	0.6341	0.6341	0.6457
0.5579	0.5662	0.5662	0.5750
0.5006	0.5069	0.5069	0.5133
0.4494	0.4541	0.4541	0.4589
0.4034	0.4075	0.4075	0.4114
0.3637	0.3665	0.3665	0.3691
0.3280	0.3298	0.3298	0.3319
0.2964	0.2978	0.2978	0.2996
0.2681	0.2695	0.2695	0.2710
0.2434	0.2441	0.2441	0.2449
0.2217	0.2221	0.2221	0.2231
0.2014	0.2025	0.2025	0.2032
0.1853	0.1858	0.1858	0.1862
0.1693	0.1696	0.1696	0.1696
0.1569	0.1569	0.1569	0.1571
0.1445	0.1450	0.1450	0.1446
0.1340	0.1340	0.1340	0.1341
0.1245	0.1237	0.1237	0.1247
0.1156	0.1153	0.1153	0.1156
0.1086	0.1095	0.1095	0.1089
0.1036	0.1036	0.1036	0.1036
0.0952	0.0955	0.0955	0.0953
0.0933	0.0936	0.0936	0.0933
0.0865	0.0857	0.0857	0.0865
0.0836	0.0836	0.0836	0.0836
0.0826	0.0822	0.0822	0.0826
0.0742	0.0738	0.0738	0.0742
0.0736	0.0736	0.0736	0.0736
0.0736	0.0736	0.0736	0.0736
0.0727	0.0726	0.0726	0.0727
0.0652	0.0656	0.0656	0.0652
0.0637	0.0636	0.0636	0.0637
0.0636	0.0636	0.0636	0.0636
0.0636	0.0636	0.0636	0.0636
0.0636	0.0636	0.0636	0.0636
0.0636	0.0636	0.0636	0.0636
0.0634	0.0636	0.0636	0.0634
0.0632	0.0628	0.0628	0.0632
0.0615	0.0600	0.0600	0.0615
0.0562	0.0563	0.0563	0.0562
0.0550	0.0545	0.0545	0.0550
0.0542	0.0537	0.0537	0.0542
0.0537	0.0538	0.0538	0.0537
0.0536	0.0536	0.0536	0.0536
0.0536	0.0536	0.0536	0.0536
0.0536	0.0536	0.0536	0.0536
0.0536	0.0536	0.0536	0.0536
0.0536	0.0536	0.0536	0.0536
0.0536	0.0536	0.0536	0.0536
0.0535	0.0537	0.0537	0.0535
0.0533	0.0539	0.0539	0.0533
0.0536	0.0536	0.0536	0.0536
0.0536	0.0536	0.0536	0.0536
0.0536	0.0536	0.0536	0.0536
0.0536	0.0536	0.0536	0.0536
0.0536	0.0536	0.0536	0.0536
0.0536	0.0536	0.0536	0.0536
0.0536	0.0536	0.0536	0.0536
0.0536	0.0536	0.0536	0.0536
0.0536	0.0536	0.0536	0.0536
0.0536	0.0536	0.0536	0.0536
0.0536	0.0536	0.0536	0.0536
0.0536	0.0536	0.0536	0.0536
0.0536	0.0536	0.0536	0.0536
0.0536	0.0536	0.0536	0.0536
0.0536	0.0536	0.0536	0.0536
0.0536	0.0536	0.0536	0.0536
0.0536	0.0536	0.0536	0.0536
0.0536	0.0536	0.0536	0.0536
0.0536	0.0536	0.0536	0.0536
0.0537	0.0535	0.0535	0.0537
0.0536	0.0536	0.0536	0.0536
0.0535	0.0537	0.0537	0.0535
0.0536	0.0536	0.0536	0.0536
0.0536	0.0536	0.0536	0.0536
0.0536	0.0536	0.0536	0.0536
0.0537	0.0535	0.0535	0.0537
0.0536	0.0536	0.0536	0.0536
0.0536	0.0536	0.0536	0.0536
0.0536	0.0536	0.0536	0.0536
0.0536	0.0536	0.0536	0.0536
0.0536	0.0536	0.0536	0.0536
0.0536	0.0536	0.0536	0.0536
0.0536	0.0536	0.0536	0.0536
0.0536	0.0536	0.0536	0.0536
0.0536	0.0536	0.0536	0.0536
0.0535	0.0537	0.0537	0.0535
0.0537	0.0535	0.0535	0.0537
0.0536	0.0536	0.0536	0.0536
0.0536	0.0536	0.0536	0.0536
0.0536	0.0536	0.0536	0.0536
0.0536	0.0536	0.0536	0.0536
0.0536	0.0536	0.0536	0.0536
0.0536	0.0536	0.0536	0.0536
0.0536	0.0536	0.0536	0.0536
