2.4806	2.4159	2.5719	2.4806
1.9663	1.9303	2.0011	1.9663
1.7170	1.6909	1.7431	1.7170
1.5199	1.4998	1.5392	1.5199
1.3487	1.3335	1.3632	1.3487
1.1984	1.1867	1.2089	1.1984
1.0647	1.0564	1.0732	1.0647
0.9471	0.9410	0.9538	0.9471
0.8431	0.8385	0.8478	0.8431
0.7512	0.7477	0.7548	0.7512
0.6700	0.6679	0.6727	0.6700
0.5987	0.5962	0.6006	0.5987
0.5352	0.5339	0.5367	0.5352
0.4792	0.4783	0.4801	0.4792
0.4295	0.4291	0.4311	0.4295
0.3860	0.3856	0.3867	0.3860
0.3472	0.3472	0.3482	0.3472
0.3131	0.3130	0.3134	0.3131
0.2834	0.2829	0.2832	0.2834
0.2559	0.2558	0.2565	0.2559
0.2328	0.2328	0.2329	0.2328
0.2120	0.2118	0.2122	0.2120
0.1940	0.1932	0.1934	0.1940
0.1775	0.1774	0.1775	0.1775
0.1628	0.1627	0.1627	0.1628
0.1497	0.1496	0.1497	0.1497
0.1388	0.1389	0.1389	0.1388
0.1288	0.1290	0.1290	0.1288
0.1205	0.1205	0.1206	0.1205
0.1135	0.1136	0.1136	0.1135
0.1044	0.1043	0.1043	0.1044
0.1007	0.0997	0.0997	0.1007
0.0936	0.0936	0.0936	0.0936
0.0910	0.0902	0.0902	0.0910
0.0837	0.0837	0.0837	0.0837
0.0835	0.0836	0.0836	0.0835
0.0779	0.0778	0.0778	0.0779
0.0736	0.0737	0.0737	0.0736
0.0736	0.0736	0.0736	0.0736
0.0736	0.0735	0.0735	0.0736
0.0694	0.0684	0.0684	0.0694
0.0639	0.0639	0.0639	0.0639
0.0636	0.0636	0.0636	0.0636
0.0636	0.0636	0.0636	0.0636
0.0636	0.0636	0.0636	0.0636
0.0636	0.0636	0.0636	0.0636
0.0636	0.0636	0.0636	0.0636
0.0629	0.0634	0.0634	0.0629
0.0626	0.0619	0.0619	0.0626
0.0588	0.0572	0.0572	0.0588
0.0555	0.0550	0.0550	0.0555
0.0540	0.0541	0.0541	0.0540
0.0540	0.0536	0.0536	0.0540
0.0539	0.0538	0.0538	0.0539
0.0536	0.0536	0.0536	0.0536
0.0536	0.0536	0.0536	0.0536
0.0536	0.0536	0.0536	0.0536
0.0536	0.0536	0.0536	0.0536
0.0536	0.0536	0.0536	0.0536
0.0538	0.0534	0.0534	0.0538
0.0536	0.0536	0.0536	0.0536
0.0536	0.0536	0.0536	0.0536
0.0536	0.0536	0.0536	0.0536
0.0536	0.0536	0.0536	0.0536
0.0536	0.0536	0.0536	0.0536
0.0536	0.0536	0.0536	0.0536
0.0536	0.0536	0.0536	0.0536
0.0536	0.0536	0.0536	0.0536
0.0536	0.0536	0.0536	0.0536
0.0536	0.0536	0.0536	0.0536
0.0536	0.0536	0.0536	0.0536
0.0536	0.0537	0.0537	0.0536
0.0536	0.0536	0.0536	0.0536
0.0537	0.0535	0.0535	0.0537
0.0536	0.0536	0.0536	0.0536
0.0536	0.0536	0.0536	0.0536
0.0536	0.0536	0.0536	0.0536
0.0537	0.0535	0.0535	0.0537
0.0536	0.0536	0.0536	0.0536
0.0535	0.0537	0.0537	0.0535
0.0534	0.0538	0.0538	0.0534
0.0535	0.0537	0.0537	0.0535
0.0536	0.0536	0.0536	0.0536
0.0536	0.0536	0.0536	0.0536
0.0536	0.0536	0.0536	0.0536
0.0536	0.0536	0.0536	0.0536
0.0536	0.0536	0.0536	0.0536
0.0536	0.0536	0.0536	0.0536
0.0536	0.0536	0.0536	0.0536
0.0536	0.0536	0.0536	0.0536
0.0536	0.0536	0.0536	0.0536
0.0537	0.0535	0.0535	0.0537
0.0536	0.0536	0.0536	0.0536
0.0536	0.0536	0.0536	0.0536
0.0536	0.0536	0.0536	0.0536
0.0536	0.0536	0.0536	0.0536
0.0536	0.0536	0.0536	0.0536
0.0536	0.0536	0.0536	0.0536
0.0536	0.0536	0.0536	0.0536
0.0536	0.0536	0.0536	0.0536
