2.7722	2.8261	2.9522	3.0152
2.2276	2.2550	2.3123	2.3395
1.9518	1.9716	2.0137	2.0339
1.7322	1.7468	1.7790	1.7935
1.5404	1.5519	1.5754	1.5866
1.3704	1.3793	1.3968	1.4052
1.2198	1.2262	1.2393	1.2456
1.0856	1.0904	1.1008	1.1055
0.9670	0.9705	0.9784	0.9820
0.8616	0.8647	0.8704	0.8727
0.7688	0.7707	0.7747	0.7768
0.6857	0.6878	0.6909	0.6921
0.6129	0.6141	0.6165	0.6173
0.5483	0.5494	0.5509	0.5519
0.4903	0.4914	0.4932	0.4936
0.4402	0.4407	0.4416	0.4424
0.3954	0.3956	0.3962	0.3967
0.3559	0.3564	0.3567	0.3569
0.3205	0.3208	0.3210	0.3213
0.2894	0.2899	0.2901	0.2903
0.2624	0.2626	0.2627	0.2630
0.2377	0.2385	0.2388	0.2380
0.2166	0.2164	0.2164	0.2169
0.1975	0.1981	0.1981	0.1977
0.1801	0.1803	0.1804	0.1801
0.1665	0.1668	0.1670	0.1666
0.1531	0.1527	0.1527	0.1532
0.1416	0.1414	0.1414	0.1416
0.1313	0.1314	0.1315	0.1314
0.1229	0.1231	0.1231	0.1230
0.1138	0.1136	0.1136	0.1138
0.1069	0.1065	0.1065	0.1069
0.1027	0.1025	0.1026	0.1027
0.0936	0.0938	0.0938	0.0936
0.0927	0.0924	0.0924	0.0927
0.0840	0.0838	0.0838	0.0840
0.0836	0.0836	0.0836	0.0836
0.0806	0.0794	0.0794	0.0807
0.0737	0.0736	0.0736	0.0737
0.0736	0.0736	0.0736	0.0736
0.0733	0.0736	0.0736	0.0733
0.0705	0.0712	0.0712	0.0705
0.0640	0.0649	0.0649	0.0640
0.0637	0.0636	0.0636	0.0637
0.0637	0.0635	0.0635	0.0637
0.0636	0.0636	0.0636	0.0636
0.0636	0.0636	0.0636	0.0636
0.0636	0.0636	0.0636	0.0636
0.0630	0.0633	0.0633	0.0630
0.0619	0.0624	0.0624	0.0619
0.0603	0.0593	0.0593	0.0603
0.0564	0.0557	0.0557	0.0564
0.0545	0.0546	0.0546	0.0545
0.0540	0.0540	0.0540	0.0540
0.0537	0.0538	0.0538	0.0537
0.0536	0.0536	0.0536	0.0536
0.0536	0.0536	0.0536	0.0536
0.0536	0.0536	0.0536	0.0536
0.0536	0.0536	0.0536	0.0536
0.0536	0.0536	0.0536	0.0536
0.0536	0.0536	0.0536	0.0536
0.0536	0.0536	0.0536	0.0536
0.0536	0.0536	0.0536	0.0536
0.0536	0.0536	0.0536	0.0536
0.0536	0.0536	0.0536	0.0536
0.0536	0.0536	0.0536	0.0536
0.0536	0.0536	0.0536	0.0536
0.0536	0.0536	0.0536	0.0536
0.0537	0.0535	0.0535	0.0537
0.0536	0.0536	0.0536	0.0536
0.0536	0.0536	0.0536	0.0536
0.0536	0.0536	0.0536	0.0536
0.0536	0.0536	0.0536	0.0536
0.0536	0.0536	0.0536	0.0536
0.0536	0.0536	0.0536	0.0536
0.0536	0.0536	0.0536	0.0536
0.0536	0.0536	0.0536	0.0536
0.0536	0.0536	0.0536	0.0536
0.0536	0.0536	0.0536	0.0536
0.0536	0.0536	0.0536	0.0536
0.0536	0.0536	0.0536	0.0536
0.0536	0.0536	0.0536	0.0536
0.0536	0.0536	0.0536	0.0536
0.0536	0.0536	0.0536	0.0536
0.0535	0.0537	0.0537	0.0535
0.0536	0.0536	0.0536	0.0536
0.0537	0.0535	0.0535	0.0537
0.0536	0.0536	0.0536	0.0536
0.0536	0.0536	0.0536	0.0536
0.0534	0.0538	0.0538	0.0534
0.0536	0.0536	0.0536	0.0536
0.0537	0.0535	0.0535	0.0537
0.0536	0.0536	0.0536	0.0536
0.0536	0.0536	0.0536	0.0536
0.0536	0.0536	0.0536	0.0536
0.0536	0.0536	0.0536	0.0536
0.0536	0.0536	0.0536	0.0536
0.0537	0.0535	0.0535	0.0537
0.0536	0.0536	0.0536	0.0536
0.0536	0.0536	0.0536	0.0536
