1.5543	1.6592	1.4636	1.5543
1.2357	1.2802	1.1906	1.2357
1.0817	1.1146	1.0489	1.0817
0.9593	0.9842	0.9348	0.9593
0.8540	0.8725	0.8354	0.8540
0.7611	0.7745	0.7473	0.7611
0.6787	0.6891	0.6683	0.6787
0.6057	0.6140	0.5981	0.6057
0.5417	0.5477	0.5357	0.5417
0.4853	0.4893	0.4807	0.4853
0.4344	0.4383	0.4315	0.4344
0.3904	0.3931	0.3881	0.3904
0.3512	0.3529	0.3492	0.3512
0.3169	0.3180	0.3153	0.3169
0.2861	0.2870	0.2848	0.2861
0.2593	0.2600	0.2583	0.2593
0.2345	0.2356	0.2345	0.2345
0.2142	0.2145	0.2136	0.2142
0.1956	0.1959	0.1955	0.1956
0.1785	0.1791	0.1787	0.1785
0.1645	0.1651	0.1649	0.1645
0.1511	0.1508	0.1505	0.1511
0.1396	0.1403	0.1400	0.1396
0.1300	0.1302	0.1301	0.1300
0.1217	0.1218	0.1216	0.1217
0.1136	0.1134	0.1134	0.1136
0.1052	0.1052	0.1050	0.1052
0.1011	0.1016	0.1015	0.1011
0.0937	0.0937	0.0937	0.0937
0.0915	0.0919	0.0919	0.0915
0.0838	0.0838	0.0838	0.0838
0.0836	0.0836	0.0836	0.0836
0.0792	0.0793	0.0793	0.0792
0.0736	0.0737	0.0737	0.0736
0.0736	0.0736	0.0736	0.0736
0.0736	0.0736	0.0736	0.0736
0.0697	0.0698	0.0698	0.0697
0.0640	0.0637	0.0637	0.0640
0.0635	0.0637	0.0637	0.0635
0.0636	0.0636	0.0636	0.0636
0.0636	0.0636	0.0636	0.0636
0.0636	0.0636	0.0636	0.0636
0.0636	0.0636	0.0636	0.0636
0.0631	0.0633	0.0633	0.0631
0.0627	0.0621	0.0621	0.0627
0.0585	0.0591	0.0591	0.0585
0.0552	0.0552	0.0552	0.0552
0.0544	0.0547	0.0547	0.0544
0.0539	0.0541	0.0541	0.0539
0.0537	0.0536	0.0536	0.0537
0.0536	0.0536	0.0536	0.0536
0.0536	0.0536	0.0536	0.0536
0.0536	0.0536	0.0536	0.0536
0.0536	0.0536	0.0536	0.0536
0.0535	0.0537	0.0537	0.0535
0.0537	0.0535	0.0535	0.0537
0.0536	0.0536	0.0536	0.0536
0.0536	0.0536	0.0536	0.0536
0.0536	0.0536	0.0536	0.0536
0.0535	0.0537	0.0537	0.0535
0.0536	0.0536	0.0536	0.0536
0.0536	0.0536	0.0536	0.0536
0.0537	0.0535	0.0535	0.0537
0.0536	0.0536	0.0536	0.0536
0.0536	0.0536	0.0536	0.0536
0.0536	0.0536	0.0536	0.0536
0.0536	0.0536	0.0536	0.0536
0.0536	0.0536	0.0536	0.0536
0.0536	0.0537	0.0537	0.0536
0.0537	0.0535	0.0535	0.0537
0.0536	0.0536	0.0536	0.0536
0.0536	0.0536	0.0536	0.0536
0.0535	0.0537	0.0537	0.0535
0.0536	0.0536	0.0536	0.0536
0.0536	0.0536	0.0536	0.0536
0.0536	0.0536	0.0536	0.0536
0.0536	0.0536	0.0536	0.0536
0.0536	0.0536	0.0536	0.0536
0.0536	0.0536	0.0536	0.0536
0.0536	0.0536	0.0536	0.0536
0.0536	0.0536	0.0536	0.0536
0.0537	0.0535	0.0535	0.0537
0.0536	0.0536	0.0536	0.0536
0.0536	0.0536	0.0536	0.0536
0.0536	0.0536	0.0536	0.0536
0.0536	0.0536	0.0536	0.0536
0.0537	0.0535	0.0535	0.0537
0.0536	0.0536	0.0536	0.0536
0.0536	0.0536	0.0536	0.0536
0.0536	0.0536	0.0536	0.0536
0.0536	0.0536	0.0536	0.0536
0.0536	0.0536	0.0536	0.0536
0.0536	0.0536	0.0536	0.0536
0.0536	0.0536	0.0536	0.0536
0.0536	0.0536	0.0536	0.0536
0.0536	0.0536	0.0536	0.0536
0.0536	0.0536	0.0536	0.0536
0.0536	0.0536	0.0536	0.0536
0.0535	0.0537	0.0537	0.0535
0.0536	0.0536	0.0536	0.0536
