5.5653	5.6525	5.7086	5.7693
4.4237	4.4573	4.4831	4.5169
3.8604	3.8850	3.9037	3.9287
3.4134	3.4315	3.4457	3.4646
3.0248	3.0388	3.0494	3.0636
2.6818	2.6920	2.6997	2.7110
2.3784	2.3857	2.3920	2.3999
2.1090	2.1149	2.1199	2.1256
1.8713	1.8753	1.8792	1.8836
1.6606	1.6636	1.6662	1.6698
1.4744	1.4769	1.4785	1.4816
1.3096	1.3113	1.3130	1.3151
1.1638	1.1655	1.1664	1.1682
1.0351	1.0358	1.0369	1.0381
0.9214	0.9221	0.9225	0.9231
0.8207	0.8208	0.8209	0.8221
0.7313	0.7318	0.7318	0.7328
0.6528	0.6530	0.6533	0.6540
0.5832	0.5831	0.5832	0.5838
0.5216	0.5219	0.5220	0.5219
0.4673	0.4671	0.4672	0.4678
0.4190	0.4191	0.4191	0.4193
0.3767	0.3765	0.3765	0.3770
0.3387	0.3391	0.3391	0.3389
0.3059	0.3063	0.3063	0.3060
0.2762	0.2763	0.2763	0.2764
0.2513	0.2512	0.2512	0.2513
0.2279	0.2272	0.2272	0.2279
0.2080	0.2078	0.2078	0.2081
0.1893	0.1891	0.1891	0.1893
0.1737	0.1740	0.1740	0.1737
0.1593	0.1597	0.1597	0.1593
0.1477	0.1478	0.1478	0.1477
0.1363	0.1366	0.1366	0.1363
0.1269	0.1263	0.1263	0.1269
0.1184	0.1183	0.1183	0.1185
0.1122	0.1120	0.1120	0.1122
0.1037	0.1036	0.1036	0.1037
0.0979	0.0981	0.0981	0.0979
0.0936	0.0936	0.0936	0.0936
0.0885	0.0880	0.0880	0.0885
0.0836	0.0836	0.0836	0.0836
0.0834	0.0834	0.0834	0.0834
0.0761	0.0768	0.0768	0.0761
0.0736	0.0736	0.0736	0.0736
0.0736	0.0736	0.0736	0.0736
0.0729	0.0734	0.0734	0.0729
0.0672	0.0670	0.0670	0.0672
0.0637	0.0636	0.0636	0.0637
0.0636	0.0636	0.0636	0.0636
0.0636	0.0636	0.0636	0.0636
0.0636	0.0636	0.0636	0.0636
0.0636	0.0636	0.0636	0.0636
0.0635	0.0636	0.0636	0.0635
0.0632	0.0631	0.0631	0.0632
0.0615	0.0617	0.0617	0.0615
0.0573	0.0565	0.0565	0.0573
0.0548	0.0548	0.0548	0.0548
0.0543	0.0539	0.0539	0.0543
0.0538	0.0539	0.0539	0.0538
0.0536	0.0536	0.0536	0.0536
0.0536	0.0536	0.0536	0.0536
0.0536	0.0536	0.0536	0.0536
0.0536	0.0536	0.0536	0.0536
0.0536	0.0536	0.0536	0.0536
0.0536	0.0536	0.0536	0.0536
0.0536	0.0536	0.0536	0.0536
0.0536	0.0536	0.0536	0.0536
0.0536	0.0536	0.0536	0.0536
0.0536	0.0536	0.0536	0.0536
0.0536	0.0536	0.0536	0.0536
0.0536	0.0536	0.0536	0.0536
0.0535	0.0537	0.0537	0.0535
0.0536	0.0536	0.0536	0.0536
0.0536	0.0536	0.0536	0.0536
0.0536	0.0537	0.0537	0.0536
0.0536	0.0536	0.0536	0.0536
0.0537	0.0535	0.0535	0.0537
0.0536	0.0536	0.0536	0.0536
0.0536	0.0536	0.0536	0.0536
0.0536	0.0536	0.0536	0.0536
0.0536	0.0536	0.0536	0.0536
0.0536	0.0536	0.0536	0.0536
0.0537	0.0535	0.0535	0.0537
0.0536	0.0536	0.0536	0.0536
0.0537	0.0535	0.0535	0.0537
0.0536	0.0536	0.0536	0.0536
0.0536	0.0536	0.0536	0.0536
0.0536	0.0536	0.0536	0.0536
0.0536	0.0536	0.0536	0.0536
0.0536	0.0536	0.0536	0.0536
0.0536	0.0536	0.0536	0.0536
0.0536	0.0536	0.0536	0.0536
0.0536	0.0536	0.0536	0.0536
0.0536	0.0536	0.0536	0.0536
0.0538	0.0534	0.0534	0.0538
0.0536	0.0536	0.0536	0.0536
0.0536	0.0536	0.0536	0.0536
0.0536	0.0536	0.0536	0.0536
0.0536	0.0536	0.0536	0.0536
