4.7165	4.7653	4.6565	4.7370
3.7153	3.7447	3.6947	3.7245
3.2388	3.2603	3.2237	3.2454
2.8612	2.8771	2.8502	2.8671
2.5356	2.5451	2.5243	2.5394
2.2458	2.2547	2.2392	2.2487
1.9913	1.9982	1.9863	1.9934
1.7661	1.7709	1.7625	1.7677
1.5666	1.5706	1.5641	1.5679
1.3908	1.3939	1.3894	1.3919
1.2356	1.2378	1.2341	1.2363
1.0981	1.0999	1.0971	1.0985
0.9766	0.9781	0.9761	0.9770
0.8694	0.8704	0.8688	0.8697
0.7744	0.7754	0.7743	0.7744
0.6907	0.6914	0.6902	0.6908
0.6164	0.6173	0.6164	0.6164
0.5511	0.5516	0.5508	0.5514
0.4933	0.4936	0.4932	0.4934
0.4423	0.4425	0.4423	0.4423
0.3968	0.3971	0.3968	0.3968
0.3571	0.3574	0.3571	0.3571
0.3214	0.3218	0.3217	0.3215
0.2910	0.2905	0.2902	0.2911
0.2632	0.2632	0.2632	0.2632
0.2389	0.2388	0.2387	0.2389
0.2172	0.2171	0.2171	0.2172
0.1985	0.1983	0.1983	0.1985
0.1808	0.1807	0.1807	0.1808
0.1670	0.1668	0.1667	0.1670
0.1537	0.1533	0.1533	0.1537
0.1416	0.1414	0.1414	0.1416
0.1314	0.1318	0.1318	0.1314
0.1230	0.1229	0.1229	0.1230
0.1136	0.1137	0.1137	0.1136
0.1062	0.1070	0.1070	0.1062
0.1027	0.1028	0.1028	0.1027
0.0938	0.0937	0.0937	0.0938
0.0928	0.0926	0.0926	0.0928
0.0837	0.0839	0.0838	0.0837
0.0836	0.0836	0.0836	0.0836
0.0805	0.0800	0.0800	0.0805
0.0737	0.0737	0.0737	0.0737
0.0736	0.0736	0.0736	0.0736
0.0736	0.0736	0.0736	0.0736
0.0712	0.0714	0.0714	0.0712
0.0643	0.0642	0.0642	0.0643
0.0636	0.0636	0.0636	0.0636
0.0636	0.0636	0.0636	0.0636
0.0636	0.0636	0.0636	0.0636
0.0635	0.0636	0.0636	0.0635
0.0636	0.0636	0.0636	0.0636
0.0633	0.0632	0.0632	0.0633
0.0622	0.0626	0.0626	0.0622
0.0602	0.0599	0.0599	0.0602
0.0550	0.0563	0.0563	0.0550
0.0541	0.0548	0.0548	0.0541
0.0540	0.0537	0.0537	0.0540
0.0537	0.0536	0.0536	0.0537
0.0537	0.0535	0.0535	0.0537
0.0536	0.0536	0.0536	0.0536
0.0536	0.0537	0.0537	0.0536
0.0536	0.0536	0.0536	0.0536
0.0536	0.0536	0.0536	0.0536
0.0536	0.0536	0.0536	0.0536
0.0536	0.0536	0.0536	0.0536
0.0536	0.0536	0.0536	0.0536
0.0536	0.0536	0.0536	0.0536
0.0515	0.0557	0.0557	0.0515
0.0537	0.0536	0.0536	0.0537
0.0536	0.0536	0.0536	0.0536
0.0538	0.0535	0.0535	0.0538
0.0536	0.0536	0.0536	0.0536
0.0536	0.0536	0.0536	0.0536
0.0536	0.0536	0.0536	0.0536
0.0536	0.0536	0.0536	0.0536
0.0536	0.0536	0.0536	0.0536
0.0536	0.0536	0.0536	0.0536
0.0536	0.0536	0.0536	0.0536
0.0536	0.0536	0.0536	0.0536
0.0536	0.0536	0.0536	0.0536
0.0536	0.0536	0.0536	0.0536
0.0536	0.0536	0.0536	0.0536
0.0536	0.0536	0.0536	0.0536
0.0536	0.0536	0.0536	0.0536
0.0536	0.0536	0.0536	0.0536
0.0536	0.0536	0.0536	0.0536
0.0536	0.0536	0.0536	0.0536
0.0536	0.0536	0.0536	0.0536
0.0536	0.0536	0.0536	0.0536
0.0536	0.0536	0.0536	0.0536
0.0536	0.0536	0.0536	0.0536
0.0536	0.0536	0.0536	0.0536
0.0536	0.0536	0.0536	0.0536
0.0536	0.0536	0.0536	0.0536
0.0536	0.0536	0.0536	0.0536
0.0536	0.0536	0.0536	0.0536
0.0536	0.0536	0.0536	0.0536
0.0537	0.0535	0.0535	0.0537
0.0536	0.0536	0.0536	0.0536
