1.8980	1.9300	1.7830	1.8107
1.4895	1.5033	1.4356	1.4495
1.2997	1.3100	1.2602	1.2702
1.1498	1.1574	1.1204	1.1278
1.0203	1.0265	0.9986	1.0038
0.9068	0.9115	0.8905	0.8945
0.8067	0.8097	0.7943	0.7972
0.7185	0.7215	0.7095	0.7116
0.6408	0.6427	0.6338	0.6358
0.5725	0.5739	0.5671	0.5686
0.5117	0.5125	0.5074	0.5089
0.4579	0.4592	0.4551	0.4560
0.4114	0.4118	0.4089	0.4096
0.3692	0.3698	0.3678	0.3682
0.3321	0.3328	0.3315	0.3316
0.3000	0.3004	0.2988	0.2991
0.2720	0.2719	0.2706	0.2713
0.2458	0.2456	0.2450	0.2453
0.2235	0.2236	0.2231	0.2230
0.2041	0.2037	0.2033	0.2035
0.1868	0.1868	0.1865	0.1866
0.1699	0.1705	0.1701	0.1699
0.1572	0.1575	0.1574	0.1572
0.1457	0.1457	0.1457	0.1457
0.1347	0.1344	0.1344	0.1346
0.1252	0.1246	0.1245	0.1252
0.1161	0.1166	0.1166	0.1161
0.1098	0.1096	0.1096	0.1098
0.1036	0.1036	0.1036	0.1036
0.0960	0.0959	0.0959	0.0960
0.0935	0.0934	0.0934	0.0935
0.0862	0.0867	0.0867	0.0862
0.0836	0.0836	0.0836	0.0836
0.0828	0.0828	0.0828	0.0828
0.0742	0.0741	0.0741	0.0742
0.0736	0.0736	0.0736	0.0736
0.0736	0.0736	0.0736	0.0736
0.0727	0.0727	0.0727	0.0727
0.0659	0.0657	0.0657	0.0659
0.0636	0.0636	0.0636	0.0636
0.0636	0.0636	0.0636	0.0636
0.0636	0.0636	0.0636	0.0636
0.0636	0.0636	0.0636	0.0636
0.0636	0.0636	0.0636	0.0636
0.0636	0.0635	0.0635	0.0636
0.0627	0.0626	0.0626	0.0627
0.0616	0.0612	0.0612	0.0616
0.0565	0.0567	0.0567	0.0565
0.0541	0.0546	0.0546	0.0541
0.0541	0.0543	0.0543	0.0541
0.0536	0.0536	0.0536	0.0536
0.0536	0.0536	0.0536	0.0536
0.0536	0.0536	0.0536	0.0536
0.0535	0.0537	0.0537	0.0535
0.0536	0.0536	0.0536	0.0536
0.0536	0.0536	0.0536	0.0536
0.0536	0.0537	0.0537	0.0536
0.0537	0.0536	0.0536	0.0537
0.0536	0.0536	0.0536	0.0536
0.0536	0.0536	0.0536	0.0536
0.0537	0.0536	0.0536	0.0537
0.0536	0.0536	0.0536	0.0536
0.0536	0.0536	0.0536	0.0536
0.0536	0.0536	0.0536	0.0536
0.0536	0.0536	0.0536	0.0536
0.0536	0.0536	0.0536	0.0536
0.0536	0.0536	0.0536	0.0536
0.0536	0.0536	0.0536	0.0536
0.0536	0.0536	0.0536	0.0536
0.0536	0.0536	0.0536	0.0536
0.0535	0.0537	0.0537	0.0535
0.0536	0.0536	0.0536	0.0536
0.0537	0.0535	0.0535	0.0537
0.0536	0.0536	0.0536	0.0536
0.0536	0.0536	0.0536	0.0536
0.0535	0.0537	0.0537	0.0535
0.0536	0.0536	0.0536	0.0536
0.0536	0.0536	0.0536	0.0536
0.0536	0.0536	0.0536	0.0536
0.0536	0.0536	0.0536	0.0536
0.0536	0.0536	0.0536	0.0536
0.0536	0.0536	0.0536	0.0536
0.0535	0.0537	0.0537	0.0535
0.0536	0.0536	0.0536	0.0536
0.0536	0.0536	0.0536	0.0536
0.0536	0.0536	0.0536	0.0536
0.0536	0.0536	0.0536	0.0536
0.0536	0.0536	0.0536	0.0536
0.0536	0.0536	0.0536	0.0536
0.0536	0.0536	0.0536	0.0536
0.0536	0.0536	0.0536	0.0536
0.0536	0.0536	0.0536	0.0536
0.0535	0.0537	0.0537	0.0535
0.0536	0.0536	0.0536	0.0536
0.0536	0.0536	0.0536	0.0536
0.0536	0.0536	0.0536	0.0536
0.0536	0.0536	0.0536	0.0536
0.0536	0.0536	0.0536	0.0536
0.0536	0.0536	0.0536	0.0536
0.0536	0.0536	0.0536	0.0536
