3.8366	3.7822	3.7822	3.7672
3.0070	2.9914	2.9914	2.9754
2.6205	2.6085	2.6085	2.5964
2.3139	2.3053	2.3053	2.2967
2.0495	2.0427	2.0427	2.0358
1.8166	1.8113	1.8113	1.8065
1.6108	1.6070	1.6070	1.6031
1.4290	1.4264	1.4264	1.4233
1.2688	1.2670	1.2670	1.2646
1.1271	1.1259	1.1259	1.1240
1.0023	1.0007	1.0007	0.9994
0.8920	0.8907	0.8907	0.8901
0.7943	0.7935	0.7935	0.7931
0.7080	0.7076	0.7076	0.7068
0.6314	0.6314	0.6314	0.6307
0.5648	0.5643	0.5643	0.5638
0.5053	0.5050	0.5050	0.5050
0.4526	0.4526	0.4526	0.4523
0.4061	0.4055	0.4055	0.4058
0.3650	0.3651	0.3651	0.3648
0.3288	0.3287	0.3287	0.3287
0.2969	0.2964	0.2964	0.2968
0.2683	0.2687	0.2687	0.2683
0.2436	0.2432	0.2432	0.2434
0.2217	0.2214	0.2214	0.2216
0.2017	0.2019	0.2019	0.2017
0.1846	0.1851	0.1851	0.1846
0.1688	0.1695	0.1695	0.1688
0.1563	0.1567	0.1567	0.1563
0.1444	0.1445	0.1445	0.1444
0.1338	0.1335	0.1335	0.1338
0.1240	0.1238	0.1238	0.1240
0.1146	0.1152	0.1152	0.1146
0.1089	0.1085	0.1085	0.1089
0.1034	0.1035	0.1035	0.1034
0.0956	0.0949	0.0949	0.0956
0.0936	0.0934	0.0934	0.0936
0.0856	0.0851	0.0851	0.0856
0.0836	0.0836	0.0836	0.0836
0.0822	0.0824	0.0824	0.0822
0.0744	0.0741	0.0741	0.0744
0.0737	0.0735	0.0735	0.0737
0.0735	0.0735	0.0735	0.0735
0.0728	0.0725	0.0725	0.0728
0.0650	0.0656	0.0656	0.0650
0.0636	0.0636	0.0636	0.0636
0.0636	0.0636	0.0636	0.0636
0.0636	0.0636	0.0636	0.0636
0.0636	0.0636	0.0636	0.0636
0.0636	0.0634	0.0634	0.0636
0.0634	0.0634	0.0634	0.0634
0.0631	0.0625	0.0625	0.0631
0.0601	0.0609	0.0609	0.0601
0.0562	0.0557	0.0557	0.0562
0.0550	0.0543	0.0543	0.0550
0.0538	0.0537	0.0537	0.0538
0.0539	0.0536	0.0536	0.0539
0.0536	0.0536	0.0536	0.0536
0.0536	0.0536	0.0536	0.0536
0.0536	0.0536	0.0536	0.0536
0.0536	0.0537	0.0537	0.0536
0.0535	0.0537	0.0537	0.0535
0.0536	0.0536	0.0536	0.0536
0.0536	0.0536	0.0536	0.0536
0.0536	0.0536	0.0536	0.0536
0.0536	0.0536	0.0536	0.0536
0.0536	0.0536	0.0536	0.0536
0.0536	0.0536	0.0536	0.0536
0.0536	0.0536	0.0536	0.0536
0.0536	0.0536	0.0536	0.0536
0.0536	0.0536	0.0536	0.0536
0.0536	0.0536	0.0536	0.0536
0.0536	0.0536	0.0536	0.0536
0.0536	0.0536	0.0536	0.0536
0.0536	0.0536	0.0536	0.0536
0.0536	0.0536	0.0536	0.0536
0.0536	0.0536	0.0536	0.0536
0.0536	0.0536	0.0536	0.0536
0.0536	0.0536	0.0536	0.0536
0.0536	0.0536	0.0536	0.0536
0.0536	0.0536	0.0536	0.0536
0.0536	0.0536	0.0536	0.0536
0.0536	0.0536	0.0536	0.0536
0.0536	0.0536	0.0536	0.0536
0.0536	0.0536	0.0536	0.0536
0.0536	0.0536	0.0536	0.0536
0.0536	0.0536	0.0536	0.0536
0.0536	0.0536	0.0536	0.0536
0.0536	0.0536	0.0536	0.0536
0.0536	0.0536	0.0536	0.0536
0.0535	0.0537	0.0537	0.0535
0.0536	0.0536	0.0536	0.0536
0.0536	0.0536	0.0536	0.0536
0.0537	0.0535	0.0535	0.0537
0.0536	0.0536	0.0536	0.0536
0.0536	0.0536	0.0536	0.0536
0.0536	0.0536	0.0536	0.0536
0.0536	0.0536	0.0536	0.0536
0.0535	0.0537	0.0537	0.0535
0.0536	0.0536	0.0536	0.0536
