5.3567	5.2465	5.2705	5.1624
4.1887	4.1389	4.1500	4.0997
3.6437	3.6065	3.6155	3.5784
3.2136	3.1865	3.1923	3.1647
2.8418	2.8210	2.8258	2.8050
2.5152	2.5000	2.5030	2.4874
2.2269	2.2153	2.2182	2.2059
1.9730	1.9640	1.9661	1.9573
1.7487	1.7422	1.7433	1.7365
1.5506	1.5458	1.5470	1.5417
1.3762	1.3726	1.3731	1.3698
1.2215	1.2193	1.2196	1.2170
1.0858	1.0836	1.0841	1.0821
0.9657	0.9639	0.9644	0.9624
0.8592	0.8577	0.8581	0.8569
0.7650	0.7646	0.7648	0.7637
0.6823	0.6819	0.6821	0.6813
0.6092	0.6090	0.6094	0.6085
0.5447	0.5440	0.5442	0.5438
0.4876	0.4872	0.4872	0.4874
0.4367	0.4370	0.4370	0.4365
0.3923	0.3919	0.3920	0.3920
0.3534	0.3523	0.3523	0.3529
0.3179	0.3184	0.3184	0.3179
0.2875	0.2866	0.2867	0.2873
0.2607	0.2605	0.2605	0.2607
0.2361	0.2357	0.2357	0.2361
0.2151	0.2150	0.2150	0.2151
0.1963	0.1966	0.1966	0.1963
0.1791	0.1791	0.1791	0.1790
0.1654	0.1654	0.1654	0.1654
0.1515	0.1514	0.1514	0.1515
0.1404	0.1403	0.1404	0.1403
0.1306	0.1309	0.1309	0.1306
0.1215	0.1224	0.1224	0.1215
0.1117	0.1155	0.1155	0.1117
0.1055	0.1054	0.1054	0.1055
0.1014	0.1019	0.1019	0.1014
0.0937	0.0937	0.0937	0.0937
0.0918	0.0920	0.0920	0.0918
0.0837	0.0839	0.0839	0.0837
0.0836	0.0836	0.0836	0.0836
0.0793	0.0791	0.0791	0.0793
0.0739	0.0736	0.0736	0.0739
0.0736	0.0736	0.0736	0.0736
0.0736	0.0735	0.0735	0.0736
0.0700	0.0702	0.0702	0.0700
0.0641	0.0641	0.0641	0.0641
0.0636	0.0636	0.0636	0.0636
0.0636	0.0636	0.0636	0.0636
0.0636	0.0636	0.0636	0.0636
0.0636	0.0636	0.0636	0.0636
0.0636	0.0636	0.0636	0.0636
0.0632	0.0633	0.0633	0.0632
0.0622	0.0627	0.0627	0.0622
0.0600	0.0590	0.0590	0.0600
0.0554	0.0545	0.0545	0.0554
0.0540	0.0543	0.0543	0.0540
0.0538	0.0539	0.0539	0.0538
0.0536	0.0536	0.0536	0.0536
0.0537	0.0535	0.0535	0.0537
0.0536	0.0536	0.0536	0.0536
0.0536	0.0536	0.0536	0.0536
0.0538	0.0535	0.0535	0.0538
0.0536	0.0536	0.0536	0.0536
0.0536	0.0536	0.0536	0.0536
0.0536	0.0536	0.0536	0.0536
0.0536	0.0536	0.0536	0.0536
0.0536	0.0536	0.0536	0.0536
0.0536	0.0536	0.0536	0.0536
0.0536	0.0536	0.0536	0.0536
0.0536	0.0536	0.0536	0.0536
0.0536	0.0536	0.0536	0.0536
0.0536	0.0536	0.0536	0.0536
0.0536	0.0536	0.0536	0.0536
0.0536	0.0536	0.0536	0.0536
0.0536	0.0536	0.0536	0.0536
0.0536	0.0536	0.0536	0.0536
0.0536	0.0536	0.0536	0.0536
0.0536	0.0536	0.0536	0.0536
0.0536	0.0536	0.0536	0.0536
0.0536	0.0536	0.0536	0.0536
0.0537	0.0535	0.0535	0.0537
0.0535	0.0537	0.0537	0.0535
0.0536	0.0536	0.0536	0.0536
0.0537	0.0535	0.0535	0.0537
0.0536	0.0536	0.0536	0.0536
0.0536	0.0536	0.0536	0.0536
0.0536	0.0536	0.0536	0.0536
0.0535	0.0537	0.0537	0.0535
0.0536	0.0536	0.0536	0.0536
0.0536	0.0536	0.0536	0.0536
0.0536	0.0536	0.0536	0.0536
0.0539	0.0533	0.0533	0.0539
0.0536	0.0536	0.0536	0.0536
0.0536	0.0536	0.0536	0.0536
0.0536	0.0536	0.0536	0.0536
0.0536	0.0536	0.0536	0.0536
0.0536	0.0536	0.0536	0.0536
0.0536	0.0536	0.0536	0.0536
