5.2379	5.3017	5.0212	5.0929
4.1018	4.1330	4.0044	4.0358
3.5698	3.5933	3.4984	3.5213
3.1497	3.1669	3.0961	3.1134
2.7863	2.7989	2.7458	2.7589
2.4668	2.4761	2.4362	2.4460
2.1846	2.1916	2.1616	2.1693
1.9359	1.9411	1.9184	1.9241
1.7165	1.7202	1.7031	1.7074
1.5225	1.5251	1.5124	1.5156
1.3508	1.3533	1.3437	1.3461
1.2000	1.2017	1.1942	1.1960
1.0660	1.0676	1.0622	1.0633
0.9483	0.9492	0.9450	0.9462
0.8443	0.8451	0.8422	0.8422
0.7522	0.7527	0.7504	0.7512
0.6707	0.6711	0.6692	0.6697
0.5988	0.5991	0.5980	0.5983
0.5355	0.5357	0.5344	0.5348
0.4793	0.4798	0.4788	0.4787
0.4298	0.4303	0.4297	0.4296
0.3861	0.3859	0.3856	0.3859
0.3479	0.3473	0.3470	0.3474
0.3133	0.3136	0.3134	0.3131
0.2832	0.2831	0.2829	0.2832
0.2560	0.2559	0.2558	0.2559
0.2328	0.2326	0.2325	0.2327
0.2117	0.2119	0.2119	0.2116
0.1937	0.1934	0.1934	0.1937
0.1781	0.1777	0.1775	0.1781
0.1631	0.1627	0.1626	0.1630
0.1498	0.1498	0.1497	0.1498
0.1391	0.1389	0.1389	0.1391
0.1291	0.1288	0.1288	0.1291
0.1209	0.1203	0.1203	0.1209
0.1134	0.1135	0.1135	0.1134
0.1045	0.1040	0.1040	0.1045
0.1001	0.1002	0.1002	0.1001
0.0936	0.0936	0.0936	0.0936
0.0905	0.0909	0.0909	0.0905
0.0837	0.0836	0.0836	0.0837
0.0836	0.0836	0.0836	0.0836
0.0785	0.0784	0.0784	0.0785
0.0736	0.0736	0.0736	0.0736
0.0736	0.0736	0.0736	0.0736
0.0736	0.0734	0.0734	0.0736
0.0685	0.0695	0.0695	0.0685
0.0639	0.0636	0.0636	0.0639
0.0637	0.0636	0.0636	0.0637
0.0636	0.0636	0.0636	0.0636
0.0636	0.0636	0.0636	0.0636
0.0636	0.0636	0.0636	0.0636
0.0636	0.0636	0.0636	0.0636
0.0634	0.0630	0.0630	0.0634
0.0624	0.0620	0.0620	0.0624
0.0583	0.0587	0.0587	0.0583
0.0551	0.0554	0.0554	0.0551
0.0540	0.0542	0.0542	0.0540
0.0538	0.0540	0.0540	0.0538
0.0536	0.0536	0.0536	0.0536
0.0536	0.0536	0.0536	0.0536
0.0536	0.0536	0.0536	0.0536
0.0536	0.0536	0.0536	0.0536
0.0536	0.0536	0.0536	0.0536
0.0536	0.0537	0.0537	0.0536
0.0536	0.0536	0.0536	0.0536
0.0536	0.0536	0.0536	0.0536
0.0536	0.0536	0.0536	0.0536
0.0537	0.0535	0.0535	0.0537
0.0536	0.0536	0.0536	0.0536
0.0536	0.0536	0.0536	0.0536
0.0537	0.0536	0.0536	0.0537
0.0536	0.0536	0.0536	0.0536
0.0536	0.0536	0.0536	0.0536
0.0536	0.0536	0.0536	0.0536
0.0536	0.0536	0.0536	0.0536
0.0536	0.0536	0.0536	0.0536
0.0536	0.0536	0.0536	0.0536
0.0536	0.0536	0.0536	0.0536
0.0537	0.0535	0.0535	0.0537
0.0535	0.0537	0.0537	0.0535
0.0536	0.0536	0.0536	0.0536
0.0536	0.0536	0.0536	0.0536
0.0536	0.0536	0.0536	0.0536
0.0536	0.0536	0.0536	0.0536
0.0536	0.0536	0.0536	0.0536
0.0536	0.0536	0.0536	0.0536
0.0536	0.0536	0.0536	0.0536
0.0536	0.0536	0.0536	0.0536
0.0536	0.0536	0.0536	0.0536
0.0537	0.0535	0.0535	0.0537
0.0536	0.0536	0.0536	0.0536
0.0537	0.0535	0.0535	0.0537
0.0536	0.0536	0.0536	0.0536
0.0536	0.0536	0.0536	0.0536
0.0536	0.0536	0.0536	0.0536
0.0536	0.0536	0.0536	0.0536
0.0536	0.0536	0.0536	0.0536
0.0538	0.0534	0.0534	0.0538
0.0536	0.0536	0.0536	0.0536
