2.8404	3.0255	2.8731	3.0644
2.2792	2.3653	2.2951	2.3818
1.9961	2.0593	2.0074	2.0715
1.7705	1.8179	1.7795	1.8273
1.5740	1.6096	1.5807	1.6165
1.3996	1.4267	1.4044	1.4316
1.2451	1.2660	1.2494	1.2692
1.1082	1.1238	1.1114	1.1266
0.9867	0.9980	0.9890	1.0004
0.8794	0.8880	0.8807	0.8897
0.7838	0.7907	0.7854	0.7913
0.6998	0.7046	0.7004	0.7050
0.6248	0.6283	0.6257	0.6291
0.5586	0.5615	0.5592	0.5621
0.4999	0.5021	0.5006	0.5023
0.4483	0.4499	0.4487	0.4501
0.4031	0.4033	0.4027	0.4042
0.3619	0.3629	0.3620	0.3632
0.3264	0.3269	0.3268	0.3275
0.2947	0.2952	0.2949	0.2954
0.2662	0.2666	0.2664	0.2672
0.2421	0.2428	0.2423	0.2424
0.2204	0.2204	0.2202	0.2205
0.2003	0.2004	0.2004	0.2007
0.1837	0.1838	0.1837	0.1839
0.1684	0.1685	0.1685	0.1685
0.1561	0.1556	0.1555	0.1563
0.1436	0.1430	0.1428	0.1436
0.1332	0.1328	0.1328	0.1332
0.1237	0.1237	0.1237	0.1237
0.1151	0.1144	0.1144	0.1151
0.1084	0.1082	0.1082	0.1084
0.1032	0.1035	0.1035	0.1032
0.0946	0.0947	0.0947	0.0946
0.0933	0.0934	0.0934	0.0933
0.0849	0.0850	0.0850	0.0849
0.0836	0.0835	0.0835	0.0836
0.0821	0.0817	0.0817	0.0821
0.0742	0.0738	0.0738	0.0742
0.0736	0.0736	0.0736	0.0736
0.0736	0.0736	0.0736	0.0736
0.0723	0.0721	0.0721	0.0723
0.0648	0.0646	0.0646	0.0648
0.0636	0.0636	0.0636	0.0636
0.0636	0.0636	0.0636	0.0636
0.0636	0.0636	0.0636	0.0636
0.0636	0.0636	0.0636	0.0636
0.0636	0.0636	0.0636	0.0636
0.0634	0.0634	0.0634	0.0634
0.0625	0.0627	0.0627	0.0625
0.0598	0.0608	0.0608	0.0598
0.0558	0.0558	0.0558	0.0558
0.0543	0.0541	0.0541	0.0543
0.0541	0.0538	0.0538	0.0541
0.0537	0.0536	0.0536	0.0537
0.0536	0.0536	0.0536	0.0536
0.0538	0.0536	0.0536	0.0538
0.0536	0.0536	0.0536	0.0536
0.0537	0.0536	0.0536	0.0537
0.0536	0.0536	0.0536	0.0536
0.0536	0.0536	0.0536	0.0536
0.0536	0.0536	0.0536	0.0536
0.0536	0.0536	0.0536	0.0536
0.0536	0.0536	0.0536	0.0536
0.0537	0.0536	0.0536	0.0537
0.0536	0.0536	0.0536	0.0536
0.0536	0.0536	0.0536	0.0536
0.0536	0.0536	0.0536	0.0536
0.0536	0.0536	0.0536	0.0536
0.0536	0.0536	0.0536	0.0536
0.0536	0.0536	0.0536	0.0536
0.0535	0.0537	0.0537	0.0535
0.0536	0.0536	0.0536	0.0536
0.0536	0.0536	0.0536	0.0536
0.0536	0.0536	0.0536	0.0536
0.0536	0.0536	0.0536	0.0536
0.0537	0.0535	0.0535	0.0537
0.0536	0.0536	0.0536	0.0536
0.0536	0.0536	0.0536	0.0536
0.0537	0.0535	0.0535	0.0537
0.0536	0.0536	0.0536	0.0536
0.0536	0.0536	0.0536	0.0536
0.0534	0.0538	0.0538	0.0534
0.0536	0.0536	0.0536	0.0536
0.0536	0.0536	0.0536	0.0536
0.0536	0.0536	0.0536	0.0536
0.0536	0.0536	0.0536	0.0536
0.0536	0.0536	0.0536	0.0536
0.0537	0.0535	0.0535	0.0537
0.0536	0.0536	0.0536	0.0536
0.0535	0.0537	0.0537	0.0535
0.0536	0.0536	0.0536	0.0536
0.0536	0.0536	0.0536	0.0536
0.0536	0.0536	0.0536	0.0536
0.0536	0.0536	0.0536	0.0536
0.0536	0.0536	0.0536	0.0536
0.0536	0.0536	0.0536	0.0536
0.0536	0.0536	0.0536	0.0536
0.0550	0.0522	0.0522	0.0550
0.0536	0.0536	0.0536	0.0536
