5.7553	5.6583	5.8148	5.7523
4.5266	4.4901	4.5624	4.5250
3.9434	3.9167	3.9693	3.9425
3.4821	3.4617	3.5017	3.4815
3.0826	3.0668	3.0963	3.0820
2.7300	2.7183	2.7405	2.7297
2.4188	2.4099	2.4267	2.4184
2.1434	2.1373	2.1499	2.1431
1.9002	1.8955	1.9051	1.9000
1.6856	1.6819	1.6894	1.6854
1.4960	1.4932	1.4985	1.4960
1.3282	1.3260	1.3305	1.3282
1.1801	1.1780	1.1814	1.1801
1.0492	1.0478	1.0500	1.0492
0.9333	0.9325	0.9340	0.9332
0.8312	0.8302	0.8313	0.8312
0.7407	0.7399	0.7411	0.7407
0.6608	0.6600	0.6608	0.6608
0.5904	0.5898	0.5905	0.5904
0.5280	0.5276	0.5281	0.5280
0.4720	0.4724	0.4728	0.4720
0.4238	0.4238	0.4240	0.4238
0.3808	0.3808	0.3808	0.3807
0.3424	0.3426	0.3427	0.3424
0.3092	0.3088	0.3089	0.3092
0.2793	0.2796	0.2796	0.2793
0.2531	0.2533	0.2535	0.2531
0.2300	0.2305	0.2305	0.2300
0.2092	0.2096	0.2096	0.2092
0.1906	0.1911	0.1911	0.1906
0.1762	0.1759	0.1759	0.1762
0.1608	0.1603	0.1603	0.1608
0.1486	0.1485	0.1485	0.1486
0.1377	0.1375	0.1375	0.1377
0.1275	0.1279	0.1279	0.1275
0.1192	0.1195	0.1195	0.1192
0.1130	0.1125	0.1125	0.1130
0.1038	0.1037	0.1037	0.1038
0.0990	0.0992	0.0992	0.0990
0.0936	0.0936	0.0936	0.0936
0.0894	0.0889	0.0889	0.0894
0.0836	0.0836	0.0836	0.0836
0.0836	0.0836	0.0836	0.0836
0.0768	0.0767	0.0767	0.0768
0.0736	0.0736	0.0736	0.0736
0.0736	0.0736	0.0736	0.0736
0.0732	0.0736	0.0736	0.0732
0.0684	0.0679	0.0679	0.0684
0.0637	0.0639	0.0639	0.0637
0.0636	0.0636	0.0636	0.0636
0.0636	0.0636	0.0636	0.0636
0.0636	0.0636	0.0636	0.0636
0.0636	0.0636	0.0636	0.0636
0.0635	0.0636	0.0636	0.0635
0.0629	0.0629	0.0629	0.0629
0.0622	0.0617	0.0617	0.0622
0.0582	0.0575	0.0575	0.0582
0.0552	0.0548	0.0548	0.0552
0.0541	0.0541	0.0541	0.0541
0.0535	0.0540	0.0540	0.0535
0.0536	0.0536	0.0536	0.0536
0.0536	0.0536	0.0536	0.0536
0.0536	0.0536	0.0536	0.0536
0.0534	0.0539	0.0539	0.0534
0.0536	0.0536	0.0536	0.0536
0.0537	0.0535	0.0535	0.0537
0.0536	0.0536	0.0536	0.0536
0.0536	0.0536	0.0536	0.0536
0.0536	0.0536	0.0536	0.0536
0.0536	0.0536	0.0536	0.0536
0.0536	0.0536	0.0536	0.0536
0.0536	0.0536	0.0536	0.0536
0.0536	0.0536	0.0536	0.0536
0.0536	0.0536	0.0536	0.0536
0.0536	0.0536	0.0536	0.0536
0.0536	0.0536	0.0536	0.0536
0.0536	0.0536	0.0536	0.0536
0.0536	0.0536	0.0536	0.0536
0.0536	0.0536	0.0536	0.0536
0.0536	0.0536	0.0536	0.0536
0.0536	0.0536	0.0536	0.0536
0.0536	0.0536	0.0536	0.0536
0.0536	0.0536	0.0536	0.0536
0.0536	0.0536	0.0536	0.0536
0.0536	0.0536	0.0536	0.0536
0.0536	0.0536	0.0536	0.0536
0.0536	0.0536	0.0536	0.0536
0.0536	0.0536	0.0536	0.0536
0.0536	0.0536	0.0536	0.0536
0.0536	0.0536	0.0536	0.0536
0.0536	0.0536	0.0536	0.0536
0.0536	0.0536	0.0536	0.0536
0.0536	0.0536	0.0536	0.0536
0.0536	0.0536	0.0536	0.0536
0.0536	0.0536	0.0536	0.0536
0.0536	0.0536	0.0536	0.0536
0.0534	0.0538	0.0538	0.0534
0.0536	0.0536	0.0536	0.0536
0.0536	0.0536	0.0536	0.0536
0.0536	0.0536	0.0536	0.0536
