6.0714	6.0948	6.0717	6.0677
4.7873	4.7923	4.7810	4.7859
4.1703	4.1734	4.1659	4.1691
3.6818	3.6845	3.6787	3.6810
3.2586	3.2604	3.2560	3.2581
2.8859	2.8871	2.8836	2.8856
2.5563	2.5577	2.5550	2.5559
2.2652	2.2663	2.2643	2.2648
2.0082	2.0088	2.0073	2.0081
1.7805	1.7811	1.7804	1.7805
1.5803	1.5803	1.5796	1.5802
1.4025	1.4024	1.4019	1.4024
1.2457	1.2456	1.2454	1.2455
1.1066	1.1074	1.1072	1.1066
0.9844	0.9845	0.9843	0.9844
0.8764	0.8760	0.8759	0.8764
0.7802	0.7807	0.7806	0.7801
0.6959	0.6962	0.6962	0.6959
0.6213	0.6213	0.6213	0.6213
0.5549	0.5551	0.5551	0.5549
0.4972	0.4970	0.4969	0.4972
0.4451	0.4451	0.4450	0.4451
0.3999	0.4001	0.4001	0.3999
0.3595	0.3597	0.3596	0.3595
0.3238	0.3245	0.3245	0.3238
0.2926	0.2928	0.2928	0.2926
0.2644	0.2644	0.2644	0.2644
0.2407	0.2406	0.2405	0.2407
0.2189	0.2184	0.2184	0.2189
0.1991	0.1991	0.1991	0.1991
0.1823	0.1821	0.1821	0.1823
0.1675	0.1678	0.1678	0.1675
0.1548	0.1544	0.1544	0.1548
0.1424	0.1421	0.1421	0.1424
0.1323	0.1323	0.1323	0.1323
0.1235	0.1234	0.1234	0.1235
0.1143	0.1141	0.1141	0.1143
0.1072	0.1076	0.1076	0.1072
0.1031	0.1035	0.1035	0.1031
0.0941	0.0938	0.0938	0.0941
0.0932	0.0929	0.0929	0.0932
0.0844	0.0841	0.0841	0.0844
0.0836	0.0836	0.0836	0.0836
0.0808	0.0813	0.0813	0.0808
0.0741	0.0737	0.0737	0.0741
0.0736	0.0736	0.0736	0.0736
0.0736	0.0736	0.0736	0.0736
0.0717	0.0718	0.0718	0.0717
0.0643	0.0647	0.0647	0.0643
0.0636	0.0636	0.0636	0.0636
0.0637	0.0635	0.0635	0.0637
0.0637	0.0635	0.0635	0.0637
0.0638	0.0633	0.0633	0.0638
0.0636	0.0636	0.0636	0.0636
0.0635	0.0634	0.0634	0.0635
0.0628	0.0628	0.0628	0.0628
0.0603	0.0598	0.0598	0.0603
0.0559	0.0558	0.0558	0.0559
0.0547	0.0545	0.0545	0.0547
0.0540	0.0541	0.0541	0.0540
0.0537	0.0536	0.0536	0.0537
0.0536	0.0536	0.0536	0.0536
0.0536	0.0536	0.0536	0.0536
0.0536	0.0536	0.0536	0.0536
0.0536	0.0536	0.0536	0.0536
0.0534	0.0538	0.0538	0.0534
0.0536	0.0536	0.0536	0.0536
0.0536	0.0536	0.0536	0.0536
0.0536	0.0536	0.0536	0.0536
0.0536	0.0536	0.0536	0.0536
0.0536	0.0536	0.0536	0.0536
0.0536	0.0536	0.0536	0.0536
0.0536	0.0536	0.0536	0.0536
0.0536	0.0536	0.0536	0.0536
0.0536	0.0536	0.0536	0.0536
0.0536	0.0536	0.0536	0.0536
0.0536	0.0536	0.0536	0.0536
0.0536	0.0536	0.0536	0.0536
0.0536	0.0536	0.0536	0.0536
0.0536	0.0536	0.0536	0.0536
0.0536	0.0536	0.0536	0.0536
0.0534	0.0538	0.0538	0.0534
0.0538	0.0535	0.0535	0.0538
0.0536	0.0536	0.0536	0.0536
0.0536	0.0536	0.0536	0.0536
0.0536	0.0536	0.0536	0.0536
0.0536	0.0536	0.0536	0.0536
0.0536	0.0536	0.0536	0.0536
0.0536	0.0536	0.0536	0.0536
0.0536	0.0536	0.0536	0.0536
0.0536	0.0536	0.0536	0.0536
0.0535	0.0537	0.0537	0.0535
0.0536	0.0536	0.0536	0.0536
0.0536	0.0536	0.0536	0.0536
0.0536	0.0536	0.0536	0.0536
0.0536	0.0536	0.0536	0.0536
0.0534	0.0538	0.0538	0.0534
0.0536	0.0536	0.0536	0.0536
0.0536	0.0536	0.0536	0.0536
0.0536	0.0536	0.0536	0.0536
