3.6241	3.6713	3.6143	3.6241
2.8667	2.8803	2.8534	2.8667
2.5002	2.5097	2.4907	2.5002
2.2098	2.2173	2.2027	2.2098
1.9584	1.9634	1.9529	1.9584
1.7374	1.7411	1.7328	1.7374
1.5412	1.5441	1.5385	1.5412
1.3679	1.3701	1.3656	1.3679
1.2152	1.2169	1.2135	1.2152
1.0803	1.0816	1.0789	1.0803
0.9606	0.9616	0.9598	0.9606
0.8553	0.8560	0.8545	0.8553
0.7621	0.7627	0.7617	0.7621
0.6797	0.6797	0.6791	0.6797
0.6069	0.6071	0.6064	0.6069
0.5426	0.5427	0.5424	0.5426
0.4862	0.4858	0.4855	0.4862
0.4351	0.4355	0.4354	0.4351
0.3910	0.3912	0.3912	0.3910
0.3512	0.3521	0.3518	0.3512
0.3174	0.3172	0.3172	0.3174
0.2863	0.2865	0.2865	0.2863
0.2594	0.2593	0.2593	0.2594
0.2351	0.2355	0.2354	0.2351
0.2142	0.2141	0.2141	0.2142
0.1961	0.1959	0.1959	0.1961
0.1791	0.1788	0.1788	0.1791
0.1652	0.1650	0.1650	0.1652
0.1511	0.1512	0.1512	0.1511
0.1402	0.1401	0.1401	0.1402
0.1302	0.1304	0.1304	0.1302
0.1216	0.1219	0.1219	0.1216
0.1137	0.1136	0.1136	0.1137
0.1053	0.1050	0.1050	0.1053
0.1020	0.1011	0.1011	0.1020
0.0936	0.0936	0.0936	0.0936
0.0915	0.0920	0.0920	0.0915
0.0837	0.0837	0.0837	0.0837
0.0836	0.0836	0.0836	0.0836
0.0787	0.0794	0.0794	0.0787
0.0736	0.0736	0.0736	0.0736
0.0736	0.0736	0.0736	0.0736
0.0735	0.0735	0.0735	0.0735
0.0706	0.0696	0.0696	0.0706
0.0641	0.0640	0.0640	0.0641
0.0639	0.0634	0.0634	0.0639
0.0636	0.0636	0.0636	0.0636
0.0636	0.0636	0.0636	0.0636
0.0641	0.0631	0.0631	0.0641
0.0636	0.0636	0.0636	0.0636
0.0632	0.0634	0.0634	0.0632
0.0619	0.0628	0.0628	0.0619
0.0584	0.0591	0.0591	0.0584
0.0551	0.0552	0.0552	0.0551
0.0540	0.0541	0.0541	0.0540
0.0537	0.0540	0.0540	0.0537
0.0537	0.0536	0.0536	0.0537
0.0536	0.0536	0.0536	0.0536
0.0536	0.0536	0.0536	0.0536
0.0536	0.0536	0.0536	0.0536
0.0535	0.0537	0.0537	0.0535
0.0537	0.0536	0.0536	0.0537
0.0536	0.0537	0.0537	0.0536
0.0536	0.0536	0.0536	0.0536
0.0536	0.0536	0.0536	0.0536
0.0536	0.0536	0.0536	0.0536
0.0536	0.0536	0.0536	0.0536
0.0536	0.0536	0.0536	0.0536
0.0536	0.0536	0.0536	0.0536
0.0536	0.0536	0.0536	0.0536
0.0536	0.0536	0.0536	0.0536
0.0536	0.0536	0.0536	0.0536
0.0536	0.0536	0.0536	0.0536
0.0536	0.0536	0.0536	0.0536
0.0536	0.0536	0.0536	0.0536
0.0536	0.0536	0.0536	0.0536
0.0536	0.0536	0.0536	0.0536
0.0536	0.0536	0.0536	0.0536
0.0536	0.0536	0.0536	0.0536
0.0536	0.0536	0.0536	0.0536
0.0536	0.0536	0.0536	0.0536
0.0536	0.0536	0.0536	0.0536
0.0535	0.0537	0.0537	0.0535
0.0536	0.0536	0.0536	0.0536
0.0537	0.0535	0.0535	0.0537
0.0536	0.0536	0.0536	0.0536
0.0536	0.0536	0.0536	0.0536
0.0536	0.0536	0.0536	0.0536
0.0536	0.0536	0.0536	0.0536
0.0537	0.0535	0.0535	0.0537
0.0537	0.0535	0.0535	0.0537
0.0536	0.0536	0.0536	0.0536
0.0535	0.0537	0.0537	0.0535
0.0536	0.0536	0.0536	0.0536
0.0536	0.0536	0.0536	0.0536
0.0536	0.0536	0.0536	0.0536
0.0536	0.0536	0.0536	0.0536
0.0536	0.0536	0.0536	0.0536
0.0536	0.0536	0.0536	0.0536
0.0536	0.0536	0.0536	0.0536
