2.5127	2.5608	2.4910	2.5127
1.9914	2.0075	1.9755	1.9914
1.7390	1.7506	1.7269	1.7390
1.5393	1.5477	1.5304	1.5393
1.3652	1.3725	1.3590	1.3652
1.2133	1.2179	1.2082	1.2133
1.0784	1.0817	1.0744	1.0784
0.9588	0.9620	0.9561	0.9588
0.8539	0.8561	0.8518	0.8539
0.7605	0.7626	0.7598	0.7605
0.6782	0.6800	0.6777	0.6782
0.6058	0.6066	0.6050	0.6058
0.5416	0.5426	0.5408	0.5416
0.4850	0.4853	0.4845	0.4850
0.4348	0.4348	0.4343	0.4348
0.3911	0.3903	0.3902	0.3911
0.3508	0.3513	0.3509	0.3508
0.3168	0.3168	0.3167	0.3168
0.2859	0.2859	0.2857	0.2859
0.2591	0.2590	0.2587	0.2591
0.2348	0.2351	0.2349	0.2348
0.2138	0.2143	0.2142	0.2138
0.1956	0.1960	0.1958	0.1956
0.1787	0.1785	0.1784	0.1787
0.1644	0.1646	0.1644	0.1644
0.1505	0.1513	0.1513	0.1505
0.1398	0.1401	0.1401	0.1398
0.1299	0.1301	0.1301	0.1299
0.1219	0.1218	0.1218	0.1219
0.1135	0.1136	0.1136	0.1135
0.1054	0.1051	0.1051	0.1054
0.1010	0.1015	0.1015	0.1010
0.0936	0.0936	0.0936	0.0936
0.0919	0.0913	0.0912	0.0919
0.0836	0.0836	0.0836	0.0836
0.0836	0.0834	0.0834	0.0836
0.0803	0.0777	0.0777	0.0803
0.0736	0.0736	0.0736	0.0736
0.0737	0.0736	0.0736	0.0737
0.0736	0.0735	0.0735	0.0736
0.0699	0.0692	0.0692	0.0699
0.0641	0.0639	0.0639	0.0641
0.0636	0.0636	0.0636	0.0636
0.0636	0.0636	0.0636	0.0636
0.0636	0.0636	0.0636	0.0636
0.0636	0.0636	0.0636	0.0636
0.0635	0.0636	0.0636	0.0635
0.0628	0.0633	0.0633	0.0628
0.0629	0.0619	0.0619	0.0629
0.0581	0.0597	0.0597	0.0581
0.0552	0.0547	0.0547	0.0552
0.0542	0.0546	0.0546	0.0542
0.0522	0.0554	0.0554	0.0522
0.0536	0.0537	0.0537	0.0536
0.0536	0.0536	0.0536	0.0536
0.0537	0.0536	0.0536	0.0537
0.0536	0.0536	0.0536	0.0536
0.0536	0.0536	0.0536	0.0536
0.0536	0.0536	0.0536	0.0536
0.0536	0.0536	0.0536	0.0536
0.0536	0.0536	0.0536	0.0536
0.0536	0.0536	0.0536	0.0536
0.0536	0.0536	0.0536	0.0536
0.0536	0.0536	0.0536	0.0536
0.0536	0.0536	0.0536	0.0536
0.0536	0.0536	0.0536	0.0536
0.0536	0.0536	0.0536	0.0536
0.0536	0.0536	0.0536	0.0536
0.0535	0.0537	0.0537	0.0535
0.0536	0.0536	0.0536	0.0536
0.0536	0.0536	0.0536	0.0536
0.0536	0.0536	0.0536	0.0536
0.0536	0.0536	0.0536	0.0536
0.0536	0.0536	0.0536	0.0536
0.0540	0.0532	0.0532	0.0540
0.0536	0.0536	0.0536	0.0536
0.0533	0.0539	0.0539	0.0533
0.0536	0.0536	0.0536	0.0536
0.0536	0.0536	0.0536	0.0536
0.0536	0.0536	0.0536	0.0536
0.0536	0.0536	0.0536	0.0536
0.0536	0.0536	0.0536	0.0536
0.0536	0.0536	0.0536	0.0536
0.0536	0.0536	0.0536	0.0536
0.0536	0.0536	0.0536	0.0536
0.0536	0.0536	0.0536	0.0536
0.0536	0.0536	0.0536	0.0536
0.0536	0.0536	0.0536	0.0536
0.0536	0.0536	0.0536	0.0536
0.0537	0.0535	0.0535	0.0537
0.0536	0.0536	0.0536	0.0536
0.0536	0.0536	0.0536	0.0536
0.0536	0.0536	0.0536	0.0536
0.0537	0.0535	0.0535	0.0537
0.0536	0.0536	0.0536	0.0536
0.0536	0.0536	0.0536	0.0536
0.0534	0.0538	0.0538	0.0534
0.0536	0.0536	0.0536	0.0536
0.0536	0.0536	0.0536	0.0536
0.0536	0.0536	0.0536	0.0536
