4.0742	4.1062	3.8222	3.8493
3.1771	3.1903	3.0602	3.0740
2.7637	2.7727	2.6770	2.6875
2.4372	2.4441	2.3723	2.3803
2.1553	2.1608	2.1068	2.1122
1.9077	1.9121	1.8712	1.8754
1.6902	1.6937	1.6626	1.6657
1.4978	1.5007	1.4777	1.4798
1.3289	1.3308	1.3133	1.3156
1.1799	1.1811	1.1680	1.1694
1.0482	1.0493	1.0396	1.0403
0.9325	0.9327	0.9252	0.9259
0.8291	0.8297	0.8246	0.8254
0.7392	0.7392	0.7352	0.7356
0.6592	0.6592	0.6566	0.6565
0.5883	0.5891	0.5864	0.5865
0.5264	0.5263	0.5248	0.5247
0.4708	0.4711	0.4700	0.4701
0.4230	0.4227	0.4217	0.4220
0.3797	0.3798	0.3790	0.3789
0.3414	0.3414	0.3410	0.3410
0.3084	0.3081	0.3077	0.3081
0.2784	0.2783	0.2782	0.2781
0.2526	0.2525	0.2525	0.2525
0.2292	0.2295	0.2292	0.2289
0.2089	0.2088	0.2086	0.2088
0.1902	0.1904	0.1904	0.1901
0.1754	0.1747	0.1744	0.1752
0.1601	0.1601	0.1600	0.1601
0.1479	0.1483	0.1483	0.1479
0.1374	0.1374	0.1373	0.1374
0.1272	0.1273	0.1273	0.1272
0.1188	0.1187	0.1187	0.1188
0.1123	0.1127	0.1126	0.1123
0.1037	0.1037	0.1037	0.1037
0.0985	0.0986	0.0986	0.0985
0.0936	0.0936	0.0936	0.0936
0.0890	0.0894	0.0894	0.0890
0.0836	0.0836	0.0836	0.0836
0.0835	0.0835	0.0835	0.0835
0.0764	0.0759	0.0759	0.0764
0.0736	0.0736	0.0736	0.0736
0.0736	0.0736	0.0736	0.0736
0.0734	0.0731	0.0731	0.0734
0.0677	0.0687	0.0687	0.0677
0.0636	0.0637	0.0637	0.0636
0.0636	0.0636	0.0636	0.0636
0.0636	0.0636	0.0636	0.0636
0.0636	0.0636	0.0636	0.0636
0.0636	0.0636	0.0636	0.0636
0.0636	0.0634	0.0634	0.0636
0.0632	0.0634	0.0634	0.0632
0.0617	0.0622	0.0622	0.0617
0.0574	0.0573	0.0573	0.0574
0.0544	0.0550	0.0550	0.0544
0.0548	0.0539	0.0539	0.0548
0.0540	0.0539	0.0539	0.0540
0.0536	0.0537	0.0537	0.0536
0.0537	0.0536	0.0536	0.0537
0.0536	0.0536	0.0536	0.0536
0.0536	0.0536	0.0536	0.0536
0.0536	0.0537	0.0537	0.0536
0.0536	0.0536	0.0536	0.0536
0.0536	0.0536	0.0536	0.0536
0.0536	0.0536	0.0536	0.0536
0.0536	0.0536	0.0536	0.0536
0.0536	0.0536	0.0536	0.0536
0.0536	0.0536	0.0536	0.0536
0.0536	0.0536	0.0536	0.0536
0.0536	0.0536	0.0536	0.0536
0.0536	0.0536	0.0536	0.0536
0.0536	0.0536	0.0536	0.0536
0.0536	0.0536	0.0536	0.0536
0.0536	0.0536	0.0536	0.0536
0.0536	0.0536	0.0536	0.0536
0.0536	0.0536	0.0536	0.0536
0.0536	0.0537	0.0537	0.0536
0.0536	0.0536	0.0536	0.0536
0.0536	0.0536	0.0536	0.0536
0.0536	0.0536	0.0536	0.0536
0.0536	0.0536	0.0536	0.0536
0.0536	0.0536	0.0536	0.0536
0.0536	0.0536	0.0536	0.0536
0.0537	0.0535	0.0535	0.0537
0.0537	0.0535	0.0535	0.0537
0.0536	0.0536	0.0536	0.0536
0.0537	0.0535	0.0535	0.0537
0.0536	0.0536	0.0536	0.0536
0.0536	0.0536	0.0536	0.0536
0.0536	0.0536	0.0536	0.0536
0.0536	0.0536	0.0536	0.0536
0.0536	0.0536	0.0536	0.0536
0.0536	0.0536	0.0536	0.0536
0.0536	0.0536	0.0536	0.0536
0.0536	0.0536	0.0536	0.0536
0.0536	0.0536	0.0536	0.0536
0.0536	0.0536	0.0536	0.0536
0.0536	0.0536	0.0536	0.0536
0.0529	0.0543	0.0543	0.0529
0.0536	0.0536	0.0536	0.0536
