4.5726	4.3820	4.5633	4.3901
3.5714	3.4880	3.5709	3.4881
3.1076	3.0457	3.1069	3.0460
2.7408	2.6948	2.7410	2.6949
2.4249	2.3901	2.4244	2.3900
2.1466	2.1203	2.1466	2.1206
1.9013	1.8820	1.9012	1.8816
1.6849	1.6705	1.6853	1.6703
1.4946	1.4835	1.4944	1.4837
1.3264	1.3180	1.3265	1.3176
1.1776	1.1712	1.1776	1.1712
1.0467	1.0417	1.0465	1.0421
0.9313	0.9275	0.9306	0.9273
0.8285	0.8261	0.8284	0.8260
0.7382	0.7361	0.7384	0.7360
0.6583	0.6570	0.6586	0.6572
0.5879	0.5867	0.5882	0.5871
0.5257	0.5250	0.5260	0.5252
0.4710	0.4697	0.4705	0.4705
0.4223	0.4219	0.4225	0.4220
0.3793	0.3791	0.3796	0.3792
0.3414	0.3410	0.3411	0.3409
0.3078	0.3077	0.3079	0.3077
0.2785	0.2784	0.2787	0.2781
0.2527	0.2524	0.2525	0.2525
0.2293	0.2292	0.2294	0.2292
0.2087	0.2085	0.2086	0.2086
0.1903	0.1904	0.1906	0.1903
0.1754	0.1746	0.1746	0.1754
0.1602	0.1601	0.1601	0.1602
0.1483	0.1485	0.1485	0.1483
0.1373	0.1368	0.1368	0.1373
0.1272	0.1277	0.1277	0.1272
0.1187	0.1192	0.1192	0.1187
0.1122	0.1124	0.1124	0.1122
0.1037	0.1037	0.1037	0.1037
0.0991	0.0988	0.0988	0.0991
0.0936	0.0936	0.0936	0.0936
0.0892	0.0889	0.0889	0.0892
0.0836	0.0836	0.0836	0.0836
0.0835	0.0834	0.0834	0.0835
0.0769	0.0761	0.0761	0.0769
0.0736	0.0736	0.0736	0.0736
0.0736	0.0736	0.0736	0.0736
0.0734	0.0733	0.0733	0.0734
0.0676	0.0674	0.0674	0.0676
0.0637	0.0636	0.0636	0.0637
0.0636	0.0636	0.0636	0.0636
0.0636	0.0636	0.0636	0.0636
0.0636	0.0636	0.0636	0.0636
0.0636	0.0636	0.0636	0.0636
0.0636	0.0635	0.0635	0.0636
0.0631	0.0631	0.0631	0.0631
0.0617	0.0622	0.0622	0.0617
0.0580	0.0575	0.0575	0.0580
0.0548	0.0547	0.0547	0.0548
0.0539	0.0540	0.0540	0.0539
0.0539	0.0539	0.0539	0.0539
0.0536	0.0536	0.0536	0.0536
0.0536	0.0536	0.0536	0.0536
0.0536	0.0536	0.0536	0.0536
0.0536	0.0536	0.0536	0.0536
0.0536	0.0536	0.0536	0.0536
0.0536	0.0536	0.0536	0.0536
0.0536	0.0536	0.0536	0.0536
0.0536	0.0536	0.0536	0.0536
0.0536	0.0537	0.0537	0.0536
0.0536	0.0536	0.0536	0.0536
0.0536	0.0536	0.0536	0.0536
0.0536	0.0536	0.0536	0.0536
0.0536	0.0536	0.0536	0.0536
0.0536	0.0536	0.0536	0.0536
0.0536	0.0536	0.0536	0.0536
0.0536	0.0536	0.0536	0.0536
0.0536	0.0536	0.0536	0.0536
0.0534	0.0538	0.0538	0.0534
0.0536	0.0536	0.0536	0.0536
0.0536	0.0536	0.0536	0.0536
0.0536	0.0536	0.0536	0.0536
0.0536	0.0536	0.0536	0.0536
0.0536	0.0536	0.0536	0.0536
0.0536	0.0536	0.0536	0.0536
0.0536	0.0536	0.0536	0.0536
0.0536	0.0536	0.0536	0.0536
0.0536	0.0536	0.0536	0.0536
0.0536	0.0536	0.0536	0.0536
0.0535	0.0537	0.0537	0.0535
0.0536	0.0536	0.0536	0.0536
0.0538	0.0535	0.0535	0.0538
0.0536	0.0536	0.0536	0.0536
0.0536	0.0536	0.0536	0.0536
0.0536	0.0536	0.0536	0.0536
0.0536	0.0536	0.0536	0.0536
0.0536	0.0536	0.0536	0.0536
0.0536	0.0536	0.0536	0.0536
0.0536	0.0536	0.0536	0.0536
0.0536	0.0536	0.0536	0.0536
0.0536	0.0536	0.0536	0.0536
0.0536	0.0536	0.0536	0.0536
0.0533	0.0539	0.0539	0.0533
