2.7807	2.8268	2.7638	2.7807
2.2023	2.2170	2.1880	2.2023
1.9223	1.9328	1.9118	1.9223
1.7005	1.7088	1.6926	1.7005
1.5086	1.5143	1.5025	1.5086
1.3393	1.3439	1.3349	1.3393
1.1895	1.1932	1.1861	1.1895
1.0576	1.0602	1.0550	1.0576
0.9410	0.9427	0.9389	0.9410
0.8375	0.8387	0.8362	0.8375
0.7463	0.7477	0.7456	0.7463
0.6663	0.6668	0.6651	0.6663
0.5941	0.5956	0.5945	0.5941
0.5320	0.5321	0.5309	0.5320
0.4765	0.4765	0.4758	0.4765
0.4268	0.4275	0.4269	0.4268
0.3834	0.3839	0.3834	0.3834
0.3455	0.3457	0.3454	0.3455
0.3109	0.3112	0.3109	0.3109
0.2815	0.2817	0.2814	0.2815
0.2545	0.2546	0.2546	0.2545
0.2317	0.2317	0.2315	0.2317
0.2108	0.2109	0.2109	0.2108
0.1923	0.1922	0.1921	0.1923
0.1769	0.1770	0.1770	0.1769
0.1611	0.1613	0.1613	0.1611
0.1490	0.1494	0.1494	0.1490
0.1386	0.1380	0.1380	0.1386
0.1282	0.1286	0.1286	0.1282
0.1199	0.1197	0.1196	0.1199
0.1132	0.1133	0.1132	0.1132
0.1038	0.1042	0.1041	0.1038
0.0999	0.0999	0.0999	0.0999
0.0936	0.0936	0.0936	0.0936
0.0899	0.0896	0.0896	0.0899
0.0836	0.0837	0.0837	0.0836
0.0836	0.0835	0.0835	0.0836
0.0772	0.0777	0.0777	0.0772
0.0736	0.0736	0.0736	0.0736
0.0737	0.0735	0.0735	0.0737
0.0736	0.0734	0.0734	0.0736
0.0681	0.0688	0.0688	0.0681
0.0637	0.0638	0.0638	0.0637
0.0637	0.0635	0.0635	0.0637
0.0636	0.0636	0.0636	0.0636
0.0635	0.0636	0.0636	0.0635
0.0636	0.0636	0.0636	0.0636
0.0636	0.0636	0.0636	0.0636
0.0629	0.0629	0.0629	0.0629
0.0620	0.0622	0.0622	0.0620
0.0586	0.0575	0.0575	0.0586
0.0556	0.0548	0.0548	0.0556
0.0545	0.0543	0.0543	0.0545
0.0538	0.0537	0.0537	0.0538
0.0537	0.0537	0.0537	0.0537
0.0536	0.0536	0.0536	0.0536
0.0541	0.0532	0.0532	0.0541
0.0536	0.0536	0.0536	0.0536
0.0536	0.0536	0.0536	0.0536
0.0536	0.0536	0.0536	0.0536
0.0536	0.0536	0.0536	0.0536
0.0536	0.0536	0.0536	0.0536
0.0536	0.0536	0.0536	0.0536
0.0536	0.0536	0.0536	0.0536
0.0536	0.0536	0.0536	0.0536
0.0536	0.0536	0.0536	0.0536
0.0536	0.0536	0.0536	0.0536
0.0536	0.0536	0.0536	0.0536
0.0536	0.0536	0.0536	0.0536
0.0536	0.0536	0.0536	0.0536
0.0536	0.0536	0.0536	0.0536
0.0536	0.0536	0.0536	0.0536
0.0536	0.0536	0.0536	0.0536
0.0536	0.0536	0.0536	0.0536
0.0537	0.0535	0.0535	0.0537
0.0538	0.0534	0.0534	0.0538
0.0536	0.0536	0.0536	0.0536
0.0536	0.0536	0.0536	0.0536
0.0537	0.0535	0.0535	0.0537
0.0536	0.0536	0.0536	0.0536
0.0536	0.0536	0.0536	0.0536
0.0536	0.0536	0.0536	0.0536
0.0536	0.0536	0.0536	0.0536
0.0539	0.0533	0.0533	0.0539
0.0536	0.0536	0.0536	0.0536
0.0536	0.0536	0.0536	0.0536
0.0536	0.0536	0.0536	0.0536
0.0537	0.0535	0.0535	0.0537
0.0536	0.0536	0.0536	0.0536
0.0536	0.0536	0.0536	0.0536
0.0536	0.0536	0.0536	0.0536
0.0536	0.0536	0.0536	0.0536
0.0536	0.0536	0.0536	0.0536
0.0536	0.0536	0.0536	0.0536
0.0536	0.0536	0.0536	0.0536
0.0537	0.0535	0.0535	0.0537
0.0536	0.0536	0.0536	0.0536
0.0536	0.0536	0.0536	0.0536
0.0536	0.0536	0.0536	0.0536
0.0536	0.0536	0.0536	0.0536
