3.4361	3.3918	3.3918	3.3828
2.6957	2.6840	2.6840	2.6716
2.3503	2.3411	2.3411	2.3321
2.0764	2.0695	2.0695	2.0628
1.8398	1.8345	1.8345	1.8296
1.6314	1.6273	1.6273	1.6237
1.4473	1.4441	1.4441	1.4413
1.2853	1.2821	1.2821	1.2811
1.1413	1.1394	1.1394	1.1384
1.0143	1.0132	1.0132	1.0123
0.9029	0.9015	0.9015	0.9011
0.8039	0.8032	0.8032	0.8021
0.7162	0.7156	0.7156	0.7154
0.6392	0.6388	0.6388	0.6389
0.5710	0.5712	0.5712	0.5705
0.5107	0.5107	0.5107	0.5103
0.4578	0.4573	0.4573	0.4578
0.4112	0.4109	0.4109	0.4110
0.3692	0.3687	0.3687	0.3692
0.3327	0.3320	0.3320	0.3326
0.2996	0.2999	0.2999	0.2996
0.2718	0.2716	0.2716	0.2718
0.2462	0.2455	0.2455	0.2460
0.2235	0.2236	0.2236	0.2235
0.2039	0.2039	0.2039	0.2039
0.1870	0.1869	0.1869	0.1870
0.1702	0.1703	0.1703	0.1702
0.1575	0.1578	0.1578	0.1575
0.1460	0.1456	0.1456	0.1459
0.1348	0.1347	0.1347	0.1347
0.1248	0.1246	0.1246	0.1248
0.1167	0.1164	0.1164	0.1167
0.1099	0.1096	0.1096	0.1099
0.1036	0.1036	0.1036	0.1036
0.0963	0.0963	0.0963	0.0963
0.0934	0.0935	0.0935	0.0934
0.0867	0.0867	0.0867	0.0867
0.0836	0.0836	0.0836	0.0836
0.0830	0.0829	0.0829	0.0830
0.0743	0.0739	0.0739	0.0743
0.0736	0.0736	0.0736	0.0736
0.0736	0.0736	0.0736	0.0736
0.0728	0.0729	0.0729	0.0728
0.0658	0.0659	0.0659	0.0658
0.0636	0.0636	0.0636	0.0636
0.0636	0.0636	0.0636	0.0636
0.0636	0.0636	0.0636	0.0636
0.0636	0.0636	0.0636	0.0636
0.0636	0.0635	0.0635	0.0636
0.0635	0.0635	0.0635	0.0635
0.0631	0.0629	0.0629	0.0631
0.0602	0.0613	0.0613	0.0602
0.0562	0.0566	0.0566	0.0562
0.0548	0.0546	0.0546	0.0548
0.0543	0.0542	0.0542	0.0543
0.0537	0.0537	0.0537	0.0537
0.0536	0.0536	0.0536	0.0536
0.0536	0.0536	0.0536	0.0536
0.0536	0.0537	0.0537	0.0536
0.0536	0.0536	0.0536	0.0536
0.0536	0.0536	0.0536	0.0536
0.0533	0.0539	0.0539	0.0533
0.0536	0.0536	0.0536	0.0536
0.0536	0.0536	0.0536	0.0536
0.0536	0.0536	0.0536	0.0536
0.0536	0.0536	0.0536	0.0536
0.0536	0.0536	0.0536	0.0536
0.0542	0.0530	0.0530	0.0542
0.0536	0.0536	0.0536	0.0536
0.0536	0.0536	0.0536	0.0536
0.0536	0.0536	0.0536	0.0536
0.0535	0.0537	0.0537	0.0535
0.0536	0.0536	0.0536	0.0536
0.0536	0.0536	0.0536	0.0536
0.0536	0.0536	0.0536	0.0536
0.0535	0.0537	0.0537	0.0535
0.0536	0.0536	0.0536	0.0536
0.0534	0.0538	0.0538	0.0534
0.0536	0.0536	0.0536	0.0536
0.0536	0.0536	0.0536	0.0536
0.0537	0.0535	0.0535	0.0537
0.0536	0.0536	0.0536	0.0536
0.0536	0.0536	0.0536	0.0536
0.0537	0.0535	0.0535	0.0537
0.0536	0.0536	0.0536	0.0536
0.0536	0.0536	0.0536	0.0536
0.0536	0.0536	0.0536	0.0536
0.0536	0.0536	0.0536	0.0536
0.0536	0.0536	0.0536	0.0536
0.0506	0.0567	0.0567	0.0506
0.0536	0.0536	0.0536	0.0536
0.0536	0.0536	0.0536	0.0536
0.0535	0.0537	0.0537	0.0535
0.0536	0.0536	0.0536	0.0536
0.0536	0.0536	0.0536	0.0536
0.0536	0.0536	0.0536	0.0536
0.0536	0.0536	0.0536	0.0536
0.0536	0.0536	0.0536	0.0536
0.0536	0.0536	0.0536	0.0536
0.0536	0.0536	0.0536	0.0536
