2.4515	2.4301	2.2996	2.2813
1.9091	1.9005	1.8404	1.8317
1.6625	1.6557	1.6117	1.6051
1.4677	1.4630	1.4301	1.4249
1.3001	1.2963	1.2718	1.2680
1.1530	1.1502	1.1314	1.1287
1.0235	1.0213	1.0074	1.0053
0.9094	0.9079	0.8974	0.8955
0.8091	0.8079	0.7998	0.7988
0.7206	0.7200	0.7135	0.7127
0.6425	0.6416	0.6371	0.6365
0.5737	0.5731	0.5698	0.5696
0.5128	0.5124	0.5102	0.5094
0.4590	0.4590	0.4571	0.4568
0.4122	0.4117	0.4101	0.4105
0.3701	0.3700	0.3687	0.3684
0.3333	0.3332	0.3321	0.3323
0.3005	0.3004	0.3000	0.2997
0.2718	0.2721	0.2718	0.2714
0.2461	0.2461	0.2457	0.2457
0.2239	0.2238	0.2235	0.2238
0.2044	0.2041	0.2039	0.2039
0.1872	0.1872	0.1871	0.1872
0.1705	0.1701	0.1701	0.1704
0.1577	0.1579	0.1577	0.1575
0.1457	0.1461	0.1461	0.1456
0.1348	0.1346	0.1344	0.1348
0.1245	0.1249	0.1248	0.1245
0.1165	0.1164	0.1164	0.1164
0.1100	0.1097	0.1097	0.1100
0.1036	0.1034	0.1034	0.1036
0.0962	0.0962	0.0962	0.0962
0.0936	0.0935	0.0935	0.0936
0.0865	0.0866	0.0866	0.0865
0.0830	0.0842	0.0842	0.0830
0.0829	0.0830	0.0830	0.0829
0.0744	0.0743	0.0743	0.0744
0.0736	0.0736	0.0736	0.0736
0.0736	0.0736	0.0736	0.0736
0.0732	0.0723	0.0723	0.0732
0.0653	0.0662	0.0662	0.0653
0.0638	0.0637	0.0637	0.0638
0.0636	0.0636	0.0636	0.0636
0.0636	0.0636	0.0636	0.0636
0.0636	0.0636	0.0636	0.0636
0.0636	0.0636	0.0636	0.0636
0.0634	0.0637	0.0637	0.0634
0.0627	0.0627	0.0627	0.0627
0.0613	0.0604	0.0604	0.0613
0.0561	0.0571	0.0571	0.0561
0.0551	0.0541	0.0541	0.0551
0.0540	0.0539	0.0539	0.0540
0.0537	0.0539	0.0539	0.0537
0.0537	0.0536	0.0536	0.0537
0.0536	0.0537	0.0537	0.0536
0.0535	0.0537	0.0537	0.0535
0.0536	0.0536	0.0536	0.0536
0.0536	0.0536	0.0536	0.0536
0.0536	0.0536	0.0536	0.0536
0.0536	0.0536	0.0536	0.0536
0.0537	0.0535	0.0535	0.0537
0.0536	0.0536	0.0536	0.0536
0.0536	0.0536	0.0536	0.0536
0.0536	0.0536	0.0536	0.0536
0.0537	0.0535	0.0535	0.0537
0.0536	0.0536	0.0536	0.0536
0.0536	0.0536	0.0536	0.0536
0.0536	0.0536	0.0536	0.0536
0.0536	0.0536	0.0536	0.0536
0.0537	0.0535	0.0535	0.0537
0.0536	0.0536	0.0536	0.0536
0.0536	0.0536	0.0536	0.0536
0.0536	0.0536	0.0536	0.0536
0.0536	0.0536	0.0536	0.0536
0.0536	0.0536	0.0536	0.0536
0.0536	0.0536	0.0536	0.0536
0.0536	0.0536	0.0536	0.0536
0.0536	0.0536	0.0536	0.0536
0.0536	0.0536	0.0536	0.0536
0.0536	0.0536	0.0536	0.0536
0.0537	0.0535	0.0535	0.0537
0.0535	0.0537	0.0537	0.0535
0.0536	0.0536	0.0536	0.0536
0.0536	0.0536	0.0536	0.0536
0.0536	0.0536	0.0536	0.0536
0.0535	0.0537	0.0537	0.0535
0.0536	0.0536	0.0536	0.0536
0.0536	0.0536	0.0536	0.0536
0.0535	0.0537	0.0537	0.0535
0.0536	0.0536	0.0536	0.0536
0.0536	0.0536	0.0536	0.0536
0.0536	0.0536	0.0536	0.0536
0.0536	0.0536	0.0536	0.0536
0.0536	0.0536	0.0536	0.0536
0.0536	0.0536	0.0536	0.0536
0.0538	0.0534	0.0534	0.0538
0.0536	0.0536	0.0536	0.0536
0.0536	0.0536	0.0536	0.0536
0.0534	0.0538	0.0538	0.0534
0.0536	0.0536	0.0536	0.0536
