1.8614	1.9881	1.7523	1.8614
1.4771	1.5321	1.4236	1.4771
1.2921	1.3316	1.2519	1.2921
1.1447	1.1746	1.1152	1.1447
1.0178	1.0403	0.9956	1.0178
0.9054	0.9225	0.8890	0.9054
0.8060	0.8192	0.7939	0.8060
0.7187	0.7288	0.7099	0.7187
0.6414	0.6487	0.6346	0.6414
0.5733	0.5787	0.5680	0.5733
0.5128	0.5167	0.5084	0.5128
0.4596	0.4625	0.4564	0.4596
0.4123	0.4144	0.4105	0.4123
0.3703	0.3722	0.3690	0.3703
0.3334	0.3353	0.3318	0.3334
0.3012	0.3019	0.3002	0.3012
0.2724	0.2732	0.2720	0.2724
0.2464	0.2472	0.2460	0.2464
0.2241	0.2247	0.2241	0.2241
0.2047	0.2052	0.2046	0.2047
0.1873	0.1877	0.1873	0.1873
0.1708	0.1708	0.1706	0.1708
0.1582	0.1580	0.1575	0.1582
0.1458	0.1461	0.1460	0.1458
0.1349	0.1350	0.1349	0.1349
0.1254	0.1251	0.1250	0.1254
0.1167	0.1168	0.1167	0.1167
0.1102	0.1103	0.1102	0.1102
0.1036	0.1036	0.1036	0.1036
0.0963	0.0963	0.0963	0.0963
0.0936	0.0935	0.0935	0.0936
0.0867	0.0863	0.0863	0.0867
0.0836	0.0836	0.0836	0.0836
0.0830	0.0826	0.0826	0.0830
0.0744	0.0743	0.0743	0.0744
0.0736	0.0736	0.0736	0.0736
0.0736	0.0736	0.0736	0.0736
0.0733	0.0728	0.0728	0.0733
0.0658	0.0661	0.0661	0.0658
0.0637	0.0637	0.0637	0.0637
0.0636	0.0637	0.0637	0.0636
0.0636	0.0636	0.0636	0.0636
0.0637	0.0635	0.0635	0.0637
0.0636	0.0636	0.0636	0.0636
0.0636	0.0634	0.0634	0.0636
0.0621	0.0631	0.0631	0.0621
0.0614	0.0604	0.0604	0.0614
0.0563	0.0562	0.0562	0.0563
0.0548	0.0547	0.0547	0.0548
0.0539	0.0537	0.0537	0.0539
0.0538	0.0537	0.0537	0.0538
0.0536	0.0536	0.0536	0.0536
0.0536	0.0536	0.0536	0.0536
0.0555	0.0519	0.0519	0.0555
0.0537	0.0536	0.0536	0.0537
0.0536	0.0536	0.0536	0.0536
0.0536	0.0536	0.0536	0.0536
0.0536	0.0536	0.0536	0.0536
0.0536	0.0536	0.0536	0.0536
0.0536	0.0536	0.0536	0.0536
0.0537	0.0535	0.0535	0.0537
0.0536	0.0536	0.0536	0.0536
0.0536	0.0536	0.0536	0.0536
0.0536	0.0536	0.0536	0.0536
0.0536	0.0536	0.0536	0.0536
0.0536	0.0536	0.0536	0.0536
0.0536	0.0536	0.0536	0.0536
0.0536	0.0536	0.0536	0.0536
0.0536	0.0536	0.0536	0.0536
0.0536	0.0536	0.0536	0.0536
0.0536	0.0536	0.0536	0.0536
0.0536	0.0536	0.0536	0.0536
0.0536	0.0536	0.0536	0.0536
0.0536	0.0536	0.0536	0.0536
0.0536	0.0536	0.0536	0.0536
0.0536	0.0536	0.0536	0.0536
0.0536	0.0536	0.0536	0.0536
0.0536	0.0536	0.0536	0.0536
0.0536	0.0536	0.0536	0.0536
0.0536	0.0536	0.0536	0.0536
0.0537	0.0535	0.0535	0.0537
0.0536	0.0536	0.0536	0.0536
0.0536	0.0536	0.0536	0.0536
0.0536	0.0536	0.0536	0.0536
0.0536	0.0536	0.0536	0.0536
0.0536	0.0536	0.0536	0.0536
0.0536	0.0536	0.0536	0.0536
0.0536	0.0536	0.0536	0.0536
0.0536	0.0536	0.0536	0.0536
0.0534	0.0538	0.0538	0.0534
0.0536	0.0536	0.0536	0.0536
0.0536	0.0536	0.0536	0.0536
0.0536	0.0536	0.0536	0.0536
0.0536	0.0536	0.0536	0.0536
0.0536	0.0536	0.0536	0.0536
0.0536	0.0536	0.0536	0.0536
0.0536	0.0536	0.0536	0.0536
0.0535	0.0537	0.0537	0.0535
0.0535	0.0537	0.0537	0.0535
0.0537	0.0535	0.0535	0.0537
