3.6707	3.6838	3.6965	3.6707
2.9040	2.9007	2.9065	2.9040
2.5324	2.5301	2.5341	2.5324
2.2385	2.2363	2.2398	2.2385
1.9839	1.9824	1.9848	1.9839
1.7589	1.7578	1.7599	1.7589
1.5608	1.5600	1.5613	1.5608
1.3851	1.3848	1.3857	1.3851
1.2304	1.2303	1.2307	1.2304
1.0936	1.0933	1.0935	1.0936
0.9729	0.9725	0.9730	0.9729
0.8658	0.8659	0.8660	0.8658
0.7717	0.7712	0.7715	0.7717
0.6877	0.6878	0.6880	0.6877
0.6141	0.6141	0.6142	0.6141
0.5491	0.5490	0.5491	0.5491
0.4912	0.4912	0.4913	0.4912
0.4404	0.4406	0.4407	0.4404
0.3955	0.3957	0.3957	0.3955
0.3558	0.3561	0.3561	0.3558
0.3205	0.3205	0.3205	0.3205
0.2896	0.2895	0.2895	0.2896
0.2622	0.2626	0.2626	0.2622
0.2379	0.2380	0.2381	0.2379
0.2167	0.2166	0.2166	0.2167
0.1974	0.1979	0.1979	0.1974
0.1803	0.1801	0.1801	0.1803
0.1666	0.1668	0.1668	0.1666
0.1525	0.1530	0.1530	0.1525
0.1411	0.1411	0.1411	0.1411
0.1316	0.1311	0.1311	0.1316
0.1225	0.1229	0.1229	0.1225
0.1137	0.1138	0.1138	0.1137
0.1064	0.1065	0.1065	0.1064
0.1024	0.1023	0.1023	0.1024
0.0937	0.0940	0.0940	0.0937
0.0927	0.0928	0.0928	0.0927
0.0841	0.0839	0.0839	0.0841
0.0836	0.0836	0.0836	0.0836
0.0800	0.0795	0.0795	0.0800
0.0735	0.0738	0.0738	0.0735
0.0735	0.0737	0.0737	0.0735
0.0735	0.0736	0.0736	0.0735
0.0704	0.0713	0.0713	0.0704
0.0638	0.0644	0.0644	0.0638
0.0636	0.0636	0.0636	0.0636
0.0636	0.0636	0.0636	0.0636
0.0635	0.0636	0.0636	0.0635
0.0636	0.0636	0.0636	0.0636
0.0636	0.0636	0.0636	0.0636
0.0633	0.0629	0.0629	0.0633
0.0626	0.0624	0.0624	0.0626
0.0598	0.0591	0.0591	0.0598
0.0545	0.0556	0.0556	0.0545
0.0546	0.0542	0.0542	0.0546
0.0542	0.0541	0.0541	0.0542
0.0537	0.0536	0.0536	0.0537
0.0536	0.0536	0.0536	0.0536
0.0536	0.0536	0.0536	0.0536
0.0536	0.0536	0.0536	0.0536
0.0536	0.0536	0.0536	0.0536
0.0536	0.0536	0.0536	0.0536
0.0536	0.0536	0.0536	0.0536
0.0536	0.0536	0.0536	0.0536
0.0536	0.0536	0.0536	0.0536
0.0536	0.0536	0.0536	0.0536
0.0536	0.0536	0.0536	0.0536
0.0536	0.0536	0.0536	0.0536
0.0536	0.0536	0.0536	0.0536
0.0536	0.0536	0.0536	0.0536
0.0536	0.0536	0.0536	0.0536
0.0536	0.0536	0.0536	0.0536
0.0536	0.0536	0.0536	0.0536
0.0536	0.0536	0.0536	0.0536
0.0536	0.0536	0.0536	0.0536
0.0536	0.0536	0.0536	0.0536
0.0536	0.0536	0.0536	0.0536
0.0536	0.0536	0.0536	0.0536
0.0536	0.0536	0.0536	0.0536
0.0536	0.0536	0.0536	0.0536
0.0536	0.0536	0.0536	0.0536
0.0536	0.0536	0.0536	0.0536
0.0536	0.0536	0.0536	0.0536
0.0536	0.0536	0.0536	0.0536
0.0535	0.0537	0.0537	0.0535
0.0536	0.0536	0.0536	0.0536
0.0536	0.0536	0.0536	0.0536
0.0536	0.0536	0.0536	0.0536
0.0536	0.0536	0.0536	0.0536
0.0537	0.0535	0.0535	0.0537
0.0536	0.0536	0.0536	0.0536
0.0536	0.0536	0.0536	0.0536
0.0536	0.0536	0.0536	0.0536
0.0536	0.0536	0.0536	0.0536
0.0536	0.0536	0.0536	0.0536
0.0536	0.0536	0.0536	0.0536
0.0536	0.0536	0.0536	0.0536
0.0536	0.0536	0.0536	0.0536
0.0536	0.0536	0.0536	0.0536
0.0536	0.0536	0.0536	0.0536
