3.0174	3.0496	3.0496	3.1134
2.3922	2.4142	2.4142	2.4358
2.0905	2.1067	2.1067	2.1225
1.8510	1.8627	1.8627	1.8750
1.6429	1.6517	1.6517	1.6608
1.4591	1.4660	1.4660	1.4725
1.2964	1.3017	1.3017	1.3068
1.1528	1.1565	1.1565	1.1601
1.0252	1.0283	1.0283	1.0311
0.9126	0.9149	0.9149	0.9170
0.8131	0.8148	0.8148	0.8164
0.7251	0.7262	0.7262	0.7278
0.6473	0.6481	0.6481	0.6487
0.5780	0.5791	0.5791	0.5798
0.5175	0.5177	0.5177	0.5184
0.4638	0.4639	0.4639	0.4646
0.4155	0.4160	0.4160	0.4163
0.3736	0.3738	0.3738	0.3741
0.3366	0.3370	0.3370	0.3368
0.3037	0.3039	0.3039	0.3041
0.2745	0.2745	0.2745	0.2745
0.2492	0.2493	0.2493	0.2495
0.2263	0.2260	0.2260	0.2263
0.2064	0.2061	0.2061	0.2065
0.1885	0.1884	0.1884	0.1886
0.1728	0.1722	0.1722	0.1728
0.1587	0.1587	0.1587	0.1587
0.1468	0.1471	0.1471	0.1468
0.1358	0.1361	0.1361	0.1358
0.1260	0.1261	0.1261	0.1260
0.1179	0.1173	0.1173	0.1179
0.1114	0.1110	0.1110	0.1114
0.1036	0.1036	0.1036	0.1036
0.0972	0.0974	0.0974	0.0972
0.0936	0.0936	0.0936	0.0936
0.0875	0.0876	0.0876	0.0875
0.0836	0.0836	0.0836	0.0836
0.0833	0.0831	0.0831	0.0833
0.0751	0.0757	0.0757	0.0751
0.0736	0.0736	0.0736	0.0736
0.0737	0.0734	0.0734	0.0737
0.0728	0.0732	0.0732	0.0728
0.0661	0.0668	0.0668	0.0661
0.0636	0.0639	0.0639	0.0636
0.0637	0.0636	0.0636	0.0637
0.0636	0.0636	0.0636	0.0636
0.0635	0.0637	0.0637	0.0635
0.0639	0.0632	0.0632	0.0639
0.0635	0.0636	0.0636	0.0635
0.0627	0.0628	0.0628	0.0627
0.0617	0.0616	0.0616	0.0617
0.0573	0.0569	0.0569	0.0573
0.0548	0.0550	0.0550	0.0548
0.0542	0.0540	0.0540	0.0542
0.0542	0.0539	0.0539	0.0542
0.0538	0.0535	0.0535	0.0538
0.0536	0.0536	0.0536	0.0536
0.0536	0.0536	0.0536	0.0536
0.0536	0.0536	0.0536	0.0536
0.0536	0.0536	0.0536	0.0536
0.0536	0.0536	0.0536	0.0536
0.0536	0.0536	0.0536	0.0536
0.0536	0.0536	0.0536	0.0536
0.0536	0.0536	0.0536	0.0536
0.0539	0.0533	0.0533	0.0539
0.0536	0.0536	0.0536	0.0536
0.0538	0.0534	0.0534	0.0538
0.0536	0.0536	0.0536	0.0536
0.0536	0.0536	0.0536	0.0536
0.0536	0.0536	0.0536	0.0536
0.0536	0.0536	0.0536	0.0536
0.0536	0.0536	0.0536	0.0536
0.0536	0.0536	0.0536	0.0536
0.0535	0.0537	0.0537	0.0535
0.0536	0.0536	0.0536	0.0536
0.0537	0.0535	0.0535	0.0537
0.0536	0.0536	0.0536	0.0536
0.0536	0.0536	0.0536	0.0536
0.0536	0.0536	0.0536	0.0536
0.0536	0.0536	0.0536	0.0536
0.0536	0.0536	0.0536	0.0536
0.0536	0.0536	0.0536	0.0536
0.0536	0.0536	0.0536	0.0536
0.0536	0.0536	0.0536	0.0536
0.0536	0.0536	0.0536	0.0536
0.0536	0.0536	0.0536	0.0536
0.0536	0.0536	0.0536	0.0536
0.0536	0.0536	0.0536	0.0536
0.0536	0.0536	0.0536	0.0536
0.0537	0.0535	0.0535	0.0537
0.0536	0.0536	0.0536	0.0536
0.0536	0.0536	0.0536	0.0536
0.0536	0.0536	0.0536	0.0536
0.0536	0.0536	0.0536	0.0536
0.0536	0.0536	0.0536	0.0536
0.0537	0.0535	0.0535	0.0537
0.0536	0.0536	0.0536	0.0536
0.0536	0.0536	0.0536	0.0536
0.0536	0.0536	0.0536	0.0536
0.0536	0.0536	0.0536	0.0536
