1.9880	1.8610	1.8610	1.7521
1.5312	1.4770	1.4770	1.4231
1.3315	1.2914	1.2914	1.2521
1.1750	1.1443	1.1443	1.1156
1.0403	1.0174	1.0174	0.9954
0.9220	0.9053	0.9053	0.8884
0.8186	0.8065	0.8065	0.7936
0.7285	0.7187	0.7187	0.7093
0.6486	0.6414	0.6414	0.6344
0.5785	0.5726	0.5726	0.5679
0.5166	0.5127	0.5127	0.5083
0.4622	0.4596	0.4596	0.4563
0.4145	0.4125	0.4125	0.4098
0.3722	0.3700	0.3700	0.3688
0.3350	0.3339	0.3339	0.3321
0.3023	0.3009	0.3009	0.2997
0.2734	0.2724	0.2724	0.2715
0.2469	0.2466	0.2466	0.2457
0.2245	0.2246	0.2246	0.2239
0.2048	0.2051	0.2051	0.2043
0.1877	0.1874	0.1874	0.1872
0.1711	0.1706	0.1706	0.1707
0.1579	0.1582	0.1582	0.1577
0.1461	0.1461	0.1461	0.1461
0.1354	0.1351	0.1351	0.1351
0.1251	0.1253	0.1253	0.1250
0.1168	0.1165	0.1165	0.1166
0.1103	0.1103	0.1103	0.1102
0.1036	0.1036	0.1036	0.1036
0.0966	0.0965	0.0965	0.0966
0.0936	0.0935	0.0935	0.0936
0.0876	0.0862	0.0862	0.0874
0.0836	0.0836	0.0836	0.0836
0.0830	0.0835	0.0835	0.0830
0.0751	0.0746	0.0746	0.0750
0.0736	0.0736	0.0736	0.0736
0.0736	0.0736	0.0736	0.0736
0.0728	0.0736	0.0736	0.0728
0.0661	0.0656	0.0656	0.0661
0.0637	0.0636	0.0636	0.0637
0.0636	0.0636	0.0636	0.0636
0.0636	0.0636	0.0636	0.0636
0.0636	0.0636	0.0636	0.0636
0.0636	0.0636	0.0636	0.0636
0.0635	0.0635	0.0635	0.0635
0.0630	0.0630	0.0630	0.0630
0.0615	0.0615	0.0615	0.0615
0.0567	0.0571	0.0571	0.0567
0.0550	0.0548	0.0548	0.0550
0.0544	0.0539	0.0539	0.0544
0.0536	0.0539	0.0539	0.0536
0.0536	0.0537	0.0537	0.0536
0.0536	0.0536	0.0536	0.0536
0.0536	0.0536	0.0536	0.0536
0.0536	0.0536	0.0536	0.0536
0.0536	0.0536	0.0536	0.0536
0.0536	0.0536	0.0536	0.0536
0.0536	0.0536	0.0536	0.0536
0.0536	0.0536	0.0536	0.0536
0.0536	0.0536	0.0536	0.0536
0.0536	0.0536	0.0536	0.0536
0.0536	0.0536	0.0536	0.0536
0.0536	0.0536	0.0536	0.0536
0.0536	0.0536	0.0536	0.0536
0.0536	0.0536	0.0536	0.0536
0.0536	0.0536	0.0536	0.0536
0.0540	0.0532	0.0532	0.0540
0.0536	0.0536	0.0536	0.0536
0.0536	0.0536	0.0536	0.0536
0.0536	0.0536	0.0536	0.0536
0.0536	0.0536	0.0536	0.0536
0.0536	0.0536	0.0536	0.0536
0.0536	0.0536	0.0536	0.0536
0.0536	0.0536	0.0536	0.0536
0.0537	0.0535	0.0535	0.0537
0.0536	0.0536	0.0536	0.0536
0.0536	0.0536	0.0536	0.0536
0.0536	0.0536	0.0536	0.0536
0.0536	0.0536	0.0536	0.0536
0.0536	0.0536	0.0536	0.0536
0.0536	0.0536	0.0536	0.0536
0.0536	0.0536	0.0536	0.0536
0.0536	0.0536	0.0536	0.0536
0.0536	0.0536	0.0536	0.0536
0.0538	0.0534	0.0534	0.0538
0.0537	0.0535	0.0535	0.0537
0.0536	0.0536	0.0536	0.0536
0.0537	0.0535	0.0535	0.0537
0.0536	0.0536	0.0536	0.0536
0.0536	0.0536	0.0536	0.0536
0.0536	0.0536	0.0536	0.0536
0.0536	0.0536	0.0536	0.0536
0.0536	0.0536	0.0536	0.0536
0.0536	0.0536	0.0536	0.0536
0.0536	0.0536	0.0536	0.0536
0.0536	0.0536	0.0536	0.0536
0.0536	0.0536	0.0536	0.0536
0.0536	0.0536	0.0536	0.0536
0.0536	0.0536	0.0536	0.0536
0.0535	0.0537	0.0537	0.0535
