5.7871	5.8945	5.6139	5.7372
4.5482	4.6009	4.4724	4.5251
3.9613	3.9993	3.9049	3.9436
3.4960	3.5255	3.4544	3.4834
3.0939	3.1159	3.0623	3.0846
2.7396	2.7561	2.7159	2.7327
2.4267	2.4393	2.4087	2.4213
2.1505	2.1598	2.1372	2.1461
1.9064	1.9133	1.8962	1.9035
1.6910	1.6960	1.6828	1.6887
1.5000	1.5038	1.4944	1.4985
1.3322	1.3349	1.3272	1.3304
1.1831	1.1852	1.1797	1.1822
1.0516	1.0536	1.0497	1.0509
0.9355	0.9368	0.9336	0.9348
0.8331	0.8340	0.8313	0.8328
0.7424	0.7433	0.7412	0.7423
0.6620	0.6630	0.6613	0.6619
0.5913	0.5921	0.5914	0.5912
0.5288	0.5291	0.5286	0.5283
0.4738	0.4739	0.4735	0.4736
0.4248	0.4245	0.4245	0.4248
0.3816	0.3818	0.3817	0.3816
0.3435	0.3438	0.3436	0.3435
0.3099	0.3098	0.3094	0.3099
0.2804	0.2797	0.2796	0.2804
0.2535	0.2536	0.2535	0.2535
0.2307	0.2309	0.2308	0.2307
0.2101	0.2098	0.2098	0.2101
0.1913	0.1915	0.1915	0.1913
0.1762	0.1761	0.1761	0.1762
0.1610	0.1608	0.1608	0.1610
0.1489	0.1487	0.1487	0.1489
0.1383	0.1375	0.1374	0.1383
0.1282	0.1283	0.1283	0.1282
0.1196	0.1190	0.1190	0.1196
0.1129	0.1129	0.1129	0.1129
0.1038	0.1038	0.1038	0.1038
0.0987	0.0992	0.0992	0.0987
0.0936	0.0936	0.0936	0.0936
0.0894	0.0895	0.0895	0.0894
0.0836	0.0836	0.0836	0.0836
0.0836	0.0835	0.0835	0.0836
0.0769	0.0769	0.0769	0.0769
0.0736	0.0736	0.0736	0.0736
0.0736	0.0736	0.0736	0.0736
0.0732	0.0733	0.0733	0.0732
0.0684	0.0682	0.0682	0.0684
0.0636	0.0638	0.0638	0.0636
0.0636	0.0636	0.0636	0.0636
0.0636	0.0636	0.0636	0.0636
0.0636	0.0636	0.0636	0.0636
0.0636	0.0636	0.0636	0.0636
0.0635	0.0636	0.0636	0.0635
0.0630	0.0634	0.0634	0.0630
0.0629	0.0619	0.0619	0.0629
0.0580	0.0580	0.0580	0.0580
0.0548	0.0550	0.0550	0.0548
0.0545	0.0539	0.0539	0.0545
0.0538	0.0538	0.0538	0.0538
0.0537	0.0536	0.0536	0.0537
0.0536	0.0537	0.0537	0.0536
0.0536	0.0536	0.0536	0.0536
0.0536	0.0536	0.0536	0.0536
0.0536	0.0536	0.0536	0.0536
0.0536	0.0536	0.0536	0.0536
0.0536	0.0536	0.0536	0.0536
0.0536	0.0536	0.0536	0.0536
0.0536	0.0536	0.0536	0.0536
0.0536	0.0536	0.0536	0.0536
0.0536	0.0536	0.0536	0.0536
0.0536	0.0536	0.0536	0.0536
0.0536	0.0536	0.0536	0.0536
0.0536	0.0536	0.0536	0.0536
0.0536	0.0536	0.0536	0.0536
0.0536	0.0536	0.0536	0.0536
0.0536	0.0536	0.0536	0.0536
0.0536	0.0536	0.0536	0.0536
0.0536	0.0536	0.0536	0.0536
0.0536	0.0536	0.0536	0.0536
0.0536	0.0536	0.0536	0.0536
0.0536	0.0536	0.0536	0.0536
0.0536	0.0536	0.0536	0.0536
0.0536	0.0536	0.0536	0.0536
0.0536	0.0536	0.0536	0.0536
0.0536	0.0536	0.0536	0.0536
0.0537	0.0535	0.0535	0.0537
0.0536	0.0536	0.0536	0.0536
0.0536	0.0536	0.0536	0.0536
0.0536	0.0536	0.0536	0.0536
0.0536	0.0536	0.0536	0.0536
0.0536	0.0536	0.0536	0.0536
0.0535	0.0537	0.0537	0.0535
0.0536	0.0536	0.0536	0.0536
0.0536	0.0536	0.0536	0.0536
0.0539	0.0533	0.0533	0.0539
0.0536	0.0536	0.0536	0.0536
0.0537	0.0535	0.0535	0.0537
0.0536	0.0536	0.0536	0.0536
0.0536	0.0536	0.0536	0.0536
