1.7217	1.6219	1.8391	1.7217
1.3678	1.3181	1.4180	1.3678
1.1966	1.1603	1.2335	1.1966
1.0613	1.0335	1.0882	1.0613
0.9434	0.9228	0.9641	0.9434
0.8400	0.8247	0.8556	0.8400
0.7486	0.7368	0.7600	0.7486
0.6678	0.6589	0.6768	0.6678
0.5961	0.5896	0.6030	0.5961
0.5334	0.5282	0.5382	0.5334
0.4771	0.4738	0.4811	0.4771
0.4278	0.4249	0.4313	0.4278
0.3849	0.3824	0.3865	0.3849
0.3462	0.3448	0.3477	0.3462
0.3119	0.3107	0.3132	0.3119
0.2821	0.2816	0.2832	0.2821
0.2551	0.2543	0.2559	0.2551
0.2321	0.2319	0.2325	0.2321
0.2109	0.2109	0.2119	0.2109
0.1929	0.1922	0.1931	0.1929
0.1770	0.1774	0.1777	0.1770
0.1621	0.1617	0.1621	0.1621
0.1496	0.1495	0.1496	0.1496
0.1385	0.1387	0.1388	0.1385
0.1283	0.1288	0.1290	0.1283
0.1205	0.1201	0.1202	0.1205
0.1136	0.1133	0.1135	0.1136
0.1040	0.1039	0.1040	0.1040
0.1002	0.0995	0.0998	0.1002
0.0936	0.0936	0.0936	0.0936
0.0904	0.0908	0.0909	0.0904
0.0837	0.0836	0.0836	0.0837
0.0836	0.0836	0.0836	0.0836
0.0776	0.0772	0.0772	0.0776
0.0736	0.0736	0.0736	0.0736
0.0735	0.0736	0.0736	0.0735
0.0733	0.0736	0.0736	0.0733
0.0687	0.0693	0.0693	0.0687
0.0639	0.0639	0.0639	0.0639
0.0636	0.0636	0.0636	0.0636
0.0637	0.0635	0.0635	0.0637
0.0635	0.0636	0.0636	0.0635
0.0636	0.0634	0.0634	0.0636
0.0634	0.0636	0.0636	0.0634
0.0632	0.0631	0.0631	0.0632
0.0617	0.0618	0.0618	0.0617
0.0581	0.0579	0.0579	0.0581
0.0552	0.0552	0.0552	0.0552
0.0539	0.0544	0.0544	0.0539
0.0540	0.0537	0.0537	0.0540
0.0536	0.0536	0.0536	0.0536
0.0536	0.0536	0.0536	0.0536
0.0536	0.0536	0.0536	0.0536
0.0536	0.0536	0.0536	0.0536
0.0537	0.0535	0.0535	0.0537
0.0536	0.0536	0.0536	0.0536
0.0536	0.0536	0.0536	0.0536
0.0536	0.0536	0.0536	0.0536
0.0536	0.0536	0.0536	0.0536
0.0536	0.0536	0.0536	0.0536
0.0536	0.0536	0.0536	0.0536
0.0536	0.0536	0.0536	0.0536
0.0536	0.0536	0.0536	0.0536
0.0536	0.0536	0.0536	0.0536
0.0536	0.0536	0.0536	0.0536
0.0536	0.0536	0.0536	0.0536
0.0536	0.0536	0.0536	0.0536
0.0536	0.0536	0.0536	0.0536
0.0536	0.0536	0.0536	0.0536
0.0536	0.0536	0.0536	0.0536
0.0536	0.0536	0.0536	0.0536
0.0536	0.0536	0.0536	0.0536
0.0536	0.0536	0.0536	0.0536
0.0536	0.0536	0.0536	0.0536
0.0536	0.0536	0.0536	0.0536
0.0537	0.0535	0.0535	0.0537
0.0536	0.0536	0.0536	0.0536
0.0536	0.0536	0.0536	0.0536
0.0536	0.0536	0.0536	0.0536
0.0536	0.0536	0.0536	0.0536
0.0536	0.0536	0.0536	0.0536
0.0536	0.0536	0.0536	0.0536
0.0536	0.0536	0.0536	0.0536
0.0536	0.0536	0.0536	0.0536
0.0536	0.0536	0.0536	0.0536
0.0536	0.0536	0.0536	0.0536
0.0536	0.0536	0.0536	0.0536
0.0536	0.0536	0.0536	0.0536
0.0536	0.0536	0.0536	0.0536
0.0536	0.0536	0.0536	0.0536
0.0536	0.0536	0.0536	0.0536
0.0536	0.0536	0.0536	0.0536
0.0536	0.0536	0.0536	0.0536
0.0535	0.0537	0.0537	0.0535
0.0536	0.0536	0.0536	0.0536
0.0536	0.0536	0.0536	0.0536
0.0536	0.0536	0.0536	0.0536
0.0536	0.0536	0.0536	0.0536
0.0536	0.0536	0.0536	0.0536
0.0539	0.0533	0.0533	0.0539
