4.8135	4.8531	4.7681	4.8457
3.7918	3.8187	3.7796	3.8064
3.3056	3.3253	3.2971	3.3166
2.9209	2.9355	2.9145	2.9294
2.5868	2.5977	2.5818	2.5931
2.2925	2.3011	2.2885	2.2971
2.0326	2.0388	2.0299	2.0361
1.8025	1.8070	1.8001	1.8053
1.5993	1.6030	1.5976	1.6014
1.4196	1.4225	1.4183	1.4212
1.2611	1.2633	1.2601	1.2619
1.1208	1.1221	1.1200	1.1217
0.9965	0.9975	0.9963	0.9973
0.8867	0.8885	0.8867	0.8872
0.7902	0.7908	0.7897	0.7905
0.7050	0.7048	0.7041	0.7050
0.6290	0.6292	0.6289	0.6291
0.5619	0.5620	0.5616	0.5621
0.5026	0.5034	0.5030	0.5029
0.4506	0.4506	0.4505	0.4507
0.4043	0.4042	0.4041	0.4043
0.3638	0.3641	0.3641	0.3638
0.3273	0.3278	0.3278	0.3273
0.2957	0.2958	0.2958	0.2957
0.2668	0.2677	0.2677	0.2668
0.2428	0.2430	0.2430	0.2428
0.2211	0.2206	0.2206	0.2211
0.2012	0.2012	0.2011	0.2012
0.1843	0.1842	0.1842	0.1843
0.1688	0.1688	0.1688	0.1688
0.1561	0.1563	0.1562	0.1561
0.1441	0.1436	0.1436	0.1441
0.1330	0.1334	0.1334	0.1330
0.1239	0.1239	0.1239	0.1239
0.1149	0.1152	0.1152	0.1149
0.1083	0.1083	0.1083	0.1083
0.1032	0.1036	0.1036	0.1032
0.0947	0.0947	0.0947	0.0947
0.0935	0.0934	0.0934	0.0935
0.0850	0.0856	0.0855	0.0850
0.0836	0.0836	0.0836	0.0836
0.0821	0.0817	0.0817	0.0821
0.0740	0.0736	0.0736	0.0740
0.0736	0.0736	0.0736	0.0736
0.0736	0.0736	0.0736	0.0736
0.0721	0.0720	0.0720	0.0721
0.0649	0.0649	0.0649	0.0649
0.0636	0.0636	0.0636	0.0636
0.0637	0.0636	0.0636	0.0637
0.0636	0.0636	0.0636	0.0636
0.0636	0.0636	0.0636	0.0636
0.0636	0.0636	0.0636	0.0636
0.0634	0.0636	0.0636	0.0634
0.0629	0.0620	0.0620	0.0629
0.0605	0.0603	0.0603	0.0605
0.0561	0.0553	0.0553	0.0561
0.0543	0.0541	0.0541	0.0543
0.0542	0.0540	0.0540	0.0542
0.0538	0.0536	0.0536	0.0538
0.0536	0.0537	0.0537	0.0536
0.0537	0.0536	0.0536	0.0537
0.0536	0.0536	0.0536	0.0536
0.0536	0.0536	0.0536	0.0536
0.0536	0.0536	0.0536	0.0536
0.0536	0.0536	0.0536	0.0536
0.0536	0.0536	0.0536	0.0536
0.0536	0.0536	0.0536	0.0536
0.0536	0.0536	0.0536	0.0536
0.0536	0.0536	0.0536	0.0536
0.0536	0.0536	0.0536	0.0536
0.0536	0.0536	0.0536	0.0536
0.0536	0.0536	0.0536	0.0536
0.0536	0.0536	0.0536	0.0536
0.0536	0.0536	0.0536	0.0536
0.0536	0.0536	0.0536	0.0536
0.0536	0.0536	0.0536	0.0536
0.0535	0.0537	0.0537	0.0535
0.0535	0.0537	0.0537	0.0535
0.0536	0.0536	0.0536	0.0536
0.0536	0.0536	0.0536	0.0536
0.0536	0.0536	0.0536	0.0536
0.0536	0.0536	0.0536	0.0536
0.0536	0.0536	0.0536	0.0536
0.0537	0.0535	0.0535	0.0537
0.0536	0.0536	0.0536	0.0536
0.0536	0.0536	0.0536	0.0536
0.0536	0.0536	0.0536	0.0536
0.0536	0.0536	0.0536	0.0536
0.0536	0.0536	0.0536	0.0536
0.0535	0.0537	0.0537	0.0535
0.0536	0.0536	0.0536	0.0536
0.0536	0.0536	0.0536	0.0536
0.0536	0.0536	0.0536	0.0536
0.0536	0.0536	0.0536	0.0536
0.0536	0.0536	0.0536	0.0536
0.0536	0.0536	0.0536	0.0536
0.0536	0.0536	0.0536	0.0536
0.0536	0.0536	0.0536	0.0536
0.0539	0.0533	0.0533	0.0539
0.0536	0.0536	0.0536	0.0536
