3.8660	4.1208	3.8925	4.1523
3.0960	3.2134	3.1087	3.2269
2.7078	2.7949	2.7178	2.8044
2.3994	2.4647	2.4070	2.4714
2.1306	2.1795	2.1362	2.1849
1.8925	1.9297	1.8968	1.9335
1.6814	1.7092	1.6844	1.7121
1.4943	1.5150	1.4967	1.5171
1.3282	1.3435	1.3299	1.3457
1.1811	1.1926	1.1823	1.1941
1.0507	1.0601	1.0521	1.0607
0.9354	0.9423	0.9363	0.9426
0.8335	0.8386	0.8346	0.8386
0.7432	0.7467	0.7435	0.7472
0.6633	0.6666	0.6634	0.6664
0.5924	0.5944	0.5927	0.5949
0.5298	0.5317	0.5303	0.5320
0.4747	0.4763	0.4748	0.4762
0.4255	0.4269	0.4260	0.4266
0.3828	0.3832	0.3826	0.3837
0.3449	0.3450	0.3447	0.3454
0.3106	0.3111	0.3108	0.3109
0.2809	0.2813	0.2811	0.2816
0.2539	0.2545	0.2543	0.2543
0.2311	0.2316	0.2315	0.2313
0.2101	0.2105	0.2105	0.2102
0.1922	0.1922	0.1922	0.1923
0.1767	0.1770	0.1769	0.1767
0.1610	0.1612	0.1612	0.1612
0.1492	0.1489	0.1489	0.1492
0.1385	0.1381	0.1381	0.1385
0.1284	0.1280	0.1280	0.1284
0.1199	0.1194	0.1194	0.1199
0.1129	0.1131	0.1131	0.1129
0.1038	0.1038	0.1038	0.1038
0.0998	0.0992	0.0992	0.0998
0.0936	0.0936	0.0936	0.0936
0.0900	0.0898	0.0898	0.0900
0.0836	0.0836	0.0836	0.0836
0.0836	0.0835	0.0835	0.0836
0.0772	0.0770	0.0770	0.0772
0.0737	0.0735	0.0735	0.0737
0.0736	0.0736	0.0736	0.0736
0.0732	0.0734	0.0734	0.0732
0.0680	0.0690	0.0690	0.0680
0.0638	0.0637	0.0637	0.0638
0.0636	0.0636	0.0636	0.0636
0.0636	0.0636	0.0636	0.0636
0.0636	0.0636	0.0636	0.0636
0.0636	0.0636	0.0636	0.0636
0.0636	0.0636	0.0636	0.0636
0.0629	0.0634	0.0634	0.0629
0.0615	0.0616	0.0616	0.0615
0.0586	0.0574	0.0574	0.0586
0.0547	0.0552	0.0552	0.0547
0.0541	0.0545	0.0545	0.0541
0.0538	0.0538	0.0538	0.0538
0.0536	0.0536	0.0536	0.0536
0.0536	0.0536	0.0536	0.0536
0.0536	0.0537	0.0537	0.0536
0.0536	0.0537	0.0537	0.0536
0.0536	0.0536	0.0536	0.0536
0.0536	0.0536	0.0536	0.0536
0.0536	0.0536	0.0536	0.0536
0.0536	0.0536	0.0536	0.0536
0.0536	0.0536	0.0536	0.0536
0.0536	0.0536	0.0536	0.0536
0.0536	0.0536	0.0536	0.0536
0.0536	0.0536	0.0536	0.0536
0.0536	0.0536	0.0536	0.0536
0.0536	0.0536	0.0536	0.0536
0.0536	0.0536	0.0536	0.0536
0.0536	0.0536	0.0536	0.0536
0.0536	0.0536	0.0536	0.0536
0.0534	0.0538	0.0538	0.0534
0.0536	0.0536	0.0536	0.0536
0.0539	0.0535	0.0535	0.0539
0.0532	0.0540	0.0540	0.0532
0.0536	0.0536	0.0536	0.0536
0.0536	0.0536	0.0536	0.0536
0.0536	0.0536	0.0536	0.0536
0.0536	0.0536	0.0536	0.0536
0.0536	0.0536	0.0536	0.0536
0.0541	0.0531	0.0531	0.0541
0.0535	0.0537	0.0537	0.0535
0.0536	0.0536	0.0536	0.0536
0.0535	0.0537	0.0537	0.0535
0.0536	0.0536	0.0536	0.0536
0.0536	0.0536	0.0536	0.0536
0.0536	0.0536	0.0536	0.0536
0.0536	0.0536	0.0536	0.0536
0.0536	0.0536	0.0536	0.0536
0.0536	0.0536	0.0536	0.0536
0.0536	0.0536	0.0536	0.0536
0.0536	0.0536	0.0536	0.0536
0.0536	0.0536	0.0536	0.0536
0.0536	0.0536	0.0536	0.0536
0.0536	0.0536	0.0536	0.0536
0.0536	0.0536	0.0536	0.0536
0.0538	0.0534	0.0534	0.0538
