3.0446	2.8521	2.9480	2.7698
2.3561	2.2709	2.3148	2.2300
2.0478	1.9852	2.0177	1.9551
1.8048	1.7582	1.7824	1.7356
1.5962	1.5610	1.5793	1.5439
1.4131	1.3868	1.4004	1.3740
1.2522	1.2327	1.2427	1.2231
1.1112	1.0958	1.1040	1.0891
0.9869	0.9752	0.9810	0.9700
0.8775	0.8684	0.8730	0.8645
0.7806	0.7741	0.7778	0.7710
0.6957	0.6906	0.6928	0.6881
0.6203	0.6167	0.6185	0.6148
0.5543	0.5511	0.5524	0.5500
0.4960	0.4935	0.4947	0.4925
0.4443	0.4424	0.4432	0.4415
0.3982	0.3976	0.3980	0.3966
0.3585	0.3573	0.3579	0.3572
0.3227	0.3218	0.3222	0.3216
0.2914	0.2914	0.2916	0.2908
0.2637	0.2632	0.2633	0.2632
0.2392	0.2390	0.2390	0.2389
0.2179	0.2173	0.2174	0.2170
0.1983	0.1982	0.1982	0.1982
0.1816	0.1807	0.1808	0.1810
0.1673	0.1674	0.1675	0.1670
0.1549	0.1525	0.1526	0.1547
0.1417	0.1419	0.1419	0.1417
0.1318	0.1318	0.1318	0.1316
0.1232	0.1233	0.1233	0.1232
0.1136	0.1139	0.1139	0.1136
0.1072	0.1070	0.1070	0.1072
0.1028	0.1027	0.1027	0.1027
0.0938	0.0940	0.0940	0.0938
0.0929	0.0929	0.0929	0.0929
0.0841	0.0842	0.0843	0.0841
0.0835	0.0837	0.0837	0.0835
0.0802	0.0811	0.0811	0.0802
0.0739	0.0736	0.0736	0.0739
0.0736	0.0736	0.0736	0.0736
0.0736	0.0736	0.0736	0.0736
0.0716	0.0712	0.0712	0.0715
0.0641	0.0645	0.0645	0.0641
0.0636	0.0636	0.0636	0.0636
0.0636	0.0636	0.0636	0.0636
0.0636	0.0636	0.0636	0.0636
0.0636	0.0636	0.0636	0.0636
0.0636	0.0636	0.0636	0.0636
0.0631	0.0634	0.0634	0.0631
0.0619	0.0624	0.0624	0.0619
0.0601	0.0593	0.0593	0.0601
0.0562	0.0555	0.0555	0.0562
0.0544	0.0547	0.0547	0.0544
0.0544	0.0534	0.0534	0.0544
0.0537	0.0537	0.0537	0.0537
0.0536	0.0536	0.0536	0.0536
0.0536	0.0536	0.0536	0.0536
0.0538	0.0535	0.0535	0.0538
0.0540	0.0532	0.0532	0.0540
0.0537	0.0536	0.0536	0.0537
0.0536	0.0536	0.0536	0.0536
0.0536	0.0536	0.0536	0.0536
0.0536	0.0536	0.0536	0.0536
0.0536	0.0536	0.0536	0.0536
0.0536	0.0536	0.0536	0.0536
0.0537	0.0536	0.0536	0.0537
0.0536	0.0536	0.0536	0.0536
0.0536	0.0536	0.0536	0.0536
0.0536	0.0536	0.0536	0.0536
0.0535	0.0537	0.0537	0.0535
0.0536	0.0536	0.0536	0.0536
0.0536	0.0536	0.0536	0.0536
0.0536	0.0536	0.0536	0.0536
0.0536	0.0536	0.0536	0.0536
0.0536	0.0536	0.0536	0.0536
0.0536	0.0536	0.0536	0.0536
0.0536	0.0536	0.0536	0.0536
0.0536	0.0536	0.0536	0.0536
0.0536	0.0536	0.0536	0.0536
0.0536	0.0536	0.0536	0.0536
0.0536	0.0536	0.0536	0.0536
0.0536	0.0536	0.0536	0.0536
0.0536	0.0536	0.0536	0.0536
0.0536	0.0536	0.0536	0.0536
0.0536	0.0536	0.0536	0.0536
0.0536	0.0536	0.0536	0.0536
0.0536	0.0536	0.0536	0.0536
0.0536	0.0536	0.0536	0.0536
0.0536	0.0536	0.0536	0.0536
0.0536	0.0536	0.0536	0.0536
0.0536	0.0536	0.0536	0.0536
0.0536	0.0536	0.0536	0.0536
0.0534	0.0538	0.0538	0.0534
0.0536	0.0536	0.0536	0.0536
0.0536	0.0536	0.0536	0.0536
0.0536	0.0536	0.0536	0.0536
0.0535	0.0537	0.0537	0.0535
0.0536	0.0536	0.0536	0.0536
0.0536	0.0536	0.0536	0.0536
0.0534	0.0538	0.0538	0.0534
