3.0213	2.8339	3.0058	2.8209
2.3526	2.2671	2.3462	2.2604
2.0463	1.9839	2.0416	1.9789
1.8061	1.7587	1.8024	1.7548
1.5984	1.5627	1.5954	1.5597
1.4160	1.3895	1.4141	1.3874
1.2554	1.2358	1.2541	1.2341
1.1142	1.0996	1.1134	1.0982
0.9900	0.9788	0.9887	0.9779
0.8802	0.8722	0.8800	0.8711
0.7835	0.7774	0.7830	0.7766
0.6981	0.6935	0.6981	0.6933
0.6231	0.6192	0.6227	0.6189
0.5566	0.5537	0.5560	0.5537
0.4980	0.4960	0.4978	0.4957
0.4460	0.4443	0.4462	0.4444
0.4005	0.3995	0.4005	0.3990
0.3598	0.3590	0.3595	0.3589
0.3243	0.3232	0.3241	0.3236
0.2930	0.2921	0.2924	0.2925
0.2649	0.2643	0.2644	0.2645
0.2410	0.2403	0.2406	0.2404
0.2185	0.2182	0.2189	0.2181
0.1991	0.1986	0.1988	0.1990
0.1819	0.1821	0.1822	0.1818
0.1677	0.1677	0.1677	0.1677
0.1550	0.1546	0.1546	0.1548
0.1423	0.1419	0.1419	0.1423
0.1325	0.1317	0.1319	0.1324
0.1235	0.1234	0.1234	0.1235
0.1141	0.1139	0.1140	0.1141
0.1073	0.1074	0.1074	0.1073
0.1034	0.1028	0.1028	0.1034
0.0943	0.0941	0.0941	0.0943
0.0936	0.0931	0.0931	0.0936
0.0842	0.0843	0.0843	0.0842
0.0836	0.0836	0.0836	0.0836
0.0810	0.0812	0.0812	0.0810
0.0740	0.0738	0.0738	0.0740
0.0736	0.0736	0.0736	0.0736
0.0735	0.0736	0.0736	0.0735
0.0715	0.0719	0.0719	0.0715
0.0646	0.0648	0.0648	0.0646
0.0636	0.0637	0.0637	0.0636
0.0636	0.0636	0.0636	0.0636
0.0636	0.0636	0.0636	0.0636
0.0636	0.0636	0.0636	0.0636
0.0636	0.0636	0.0636	0.0636
0.0635	0.0632	0.0632	0.0635
0.0619	0.0625	0.0625	0.0619
0.0601	0.0602	0.0602	0.0601
0.0552	0.0560	0.0560	0.0552
0.0543	0.0548	0.0548	0.0543
0.0539	0.0539	0.0539	0.0539
0.0538	0.0538	0.0538	0.0538
0.0536	0.0536	0.0536	0.0536
0.0536	0.0536	0.0536	0.0536
0.0536	0.0536	0.0536	0.0536
0.0536	0.0536	0.0536	0.0536
0.0536	0.0536	0.0536	0.0536
0.0536	0.0536	0.0536	0.0536
0.0536	0.0536	0.0536	0.0536
0.0536	0.0536	0.0536	0.0536
0.0536	0.0536	0.0536	0.0536
0.0536	0.0536	0.0536	0.0536
0.0535	0.0537	0.0537	0.0535
0.0536	0.0536	0.0536	0.0536
0.0537	0.0536	0.0536	0.0537
0.0537	0.0536	0.0536	0.0537
0.0536	0.0536	0.0536	0.0536
0.0536	0.0536	0.0536	0.0536
0.0536	0.0536	0.0536	0.0536
0.0536	0.0536	0.0536	0.0536
0.0536	0.0536	0.0536	0.0536
0.0534	0.0538	0.0538	0.0534
0.0536	0.0536	0.0536	0.0536
0.0536	0.0536	0.0536	0.0536
0.0535	0.0537	0.0537	0.0535
0.0536	0.0536	0.0536	0.0536
0.0536	0.0536	0.0536	0.0536
0.0536	0.0536	0.0536	0.0536
0.0536	0.0536	0.0536	0.0536
0.0536	0.0536	0.0536	0.0536
0.0536	0.0536	0.0536	0.0536
0.0536	0.0536	0.0536	0.0536
0.0536	0.0536	0.0536	0.0536
0.0537	0.0535	0.0535	0.0537
0.0536	0.0536	0.0536	0.0536
0.0536	0.0536	0.0536	0.0536
0.0536	0.0536	0.0536	0.0536
0.0536	0.0536	0.0536	0.0536
0.0536	0.0536	0.0536	0.0536
0.0536	0.0536	0.0536	0.0536
0.0536	0.0536	0.0536	0.0536
0.0536	0.0536	0.0536	0.0536
0.0536	0.0536	0.0536	0.0536
0.0536	0.0536	0.0536	0.0536
0.0536	0.0536	0.0536	0.0536
0.0536	0.0536	0.0536	0.0536
0.0537	0.0535	0.0535	0.0537
