3.4337	3.4787	3.4787	3.5595
2.7238	2.7522	2.7522	2.7813
2.3795	2.4009	2.4009	2.4219
2.1063	2.1227	2.1227	2.1385
1.8690	1.8810	1.8810	1.8929
1.6595	1.6682	1.6682	1.6777
1.4741	1.4805	1.4805	1.4873
1.3095	1.3146	1.3146	1.3196
1.1643	1.1681	1.1681	1.1718
1.0355	1.0384	1.0384	1.0414
0.9219	0.9237	0.9237	0.9261
0.8212	0.8224	0.8224	0.8241
0.7320	0.7331	0.7331	0.7345
0.6536	0.6544	0.6544	0.6551
0.5838	0.5842	0.5842	0.5852
0.5216	0.5226	0.5226	0.5231
0.4675	0.4682	0.4682	0.4684
0.4199	0.4201	0.4201	0.4207
0.3770	0.3770	0.3770	0.3773
0.3393	0.3392	0.3392	0.3395
0.3065	0.3068	0.3068	0.3066
0.2769	0.2766	0.2766	0.2773
0.2515	0.2513	0.2513	0.2516
0.2278	0.2278	0.2278	0.2278
0.2080	0.2079	0.2079	0.2080
0.1896	0.1895	0.1895	0.1897
0.1745	0.1741	0.1741	0.1745
0.1599	0.1594	0.1594	0.1599
0.1477	0.1478	0.1478	0.1477
0.1366	0.1367	0.1367	0.1366
0.1270	0.1272	0.1272	0.1270
0.1188	0.1182	0.1182	0.1188
0.1123	0.1121	0.1121	0.1123
0.1036	0.1036	0.1036	0.1036
0.0979	0.0980	0.0980	0.0980
0.0936	0.0935	0.0935	0.0936
0.0885	0.0882	0.0882	0.0885
0.0836	0.0836	0.0836	0.0836
0.0834	0.0834	0.0834	0.0834
0.0750	0.0766	0.0766	0.0750
0.0736	0.0736	0.0736	0.0736
0.0736	0.0736	0.0736	0.0736
0.0737	0.0730	0.0730	0.0737
0.0677	0.0668	0.0668	0.0677
0.0636	0.0638	0.0638	0.0636
0.0636	0.0636	0.0636	0.0636
0.0636	0.0636	0.0636	0.0636
0.0636	0.0636	0.0636	0.0636
0.0636	0.0636	0.0636	0.0636
0.0635	0.0637	0.0637	0.0635
0.0634	0.0633	0.0633	0.0634
0.0620	0.0619	0.0619	0.0620
0.0575	0.0572	0.0572	0.0575
0.0559	0.0552	0.0552	0.0559
0.0539	0.0545	0.0545	0.0539
0.0540	0.0537	0.0537	0.0540
0.0538	0.0536	0.0536	0.0538
0.0536	0.0536	0.0536	0.0536
0.0536	0.0536	0.0536	0.0536
0.0536	0.0536	0.0536	0.0536
0.0536	0.0536	0.0536	0.0536
0.0536	0.0536	0.0536	0.0536
0.0536	0.0536	0.0536	0.0536
0.0535	0.0538	0.0538	0.0535
0.0536	0.0536	0.0536	0.0536
0.0536	0.0536	0.0536	0.0536
0.0536	0.0536	0.0536	0.0536
0.0536	0.0536	0.0536	0.0536
0.0536	0.0536	0.0536	0.0536
0.0537	0.0535	0.0535	0.0537
0.0536	0.0536	0.0536	0.0536
0.0536	0.0536	0.0536	0.0536
0.0536	0.0536	0.0536	0.0536
0.0534	0.0538	0.0538	0.0534
0.0536	0.0536	0.0536	0.0536
0.0536	0.0536	0.0536	0.0536
0.0536	0.0536	0.0536	0.0536
0.0536	0.0536	0.0536	0.0536
0.0536	0.0536	0.0536	0.0536
0.0536	0.0536	0.0536	0.0536
0.0536	0.0536	0.0536	0.0536
0.0536	0.0536	0.0536	0.0536
0.0536	0.0536	0.0536	0.0536
0.0536	0.0536	0.0536	0.0536
0.0536	0.0536	0.0536	0.0536
0.0536	0.0536	0.0536	0.0536
0.0536	0.0536	0.0536	0.0536
0.0535	0.0537	0.0537	0.0535
0.0536	0.0536	0.0536	0.0536
0.0537	0.0535	0.0535	0.0537
0.0536	0.0536	0.0536	0.0536
0.0536	0.0536	0.0536	0.0536
0.0536	0.0536	0.0536	0.0536
0.0535	0.0537	0.0537	0.0535
0.0538	0.0534	0.0534	0.0538
0.0537	0.0535	0.0535	0.0537
0.0536	0.0536	0.0536	0.0536
0.0536	0.0536	0.0536	0.0536
0.0535	0.0537	0.0537	0.0535
0.0536	0.0536	0.0536	0.0536
