2.3971	2.4006	2.5548	2.5585
1.9216	1.9230	1.9938	1.9956
1.6830	1.6843	1.7362	1.7377
1.4931	1.4946	1.5331	1.5344
1.3279	1.3289	1.3581	1.3587
1.1819	1.1824	1.2044	1.2047
1.0518	1.0525	1.0692	1.0695
0.9370	0.9377	0.9500	0.9503
0.8358	0.8356	0.8450	0.8450
0.7451	0.7451	0.7524	0.7524
0.6652	0.6653	0.6703	0.6706
0.5943	0.5942	0.5984	0.5989
0.5318	0.5319	0.5350	0.5348
0.4765	0.4765	0.4787	0.4786
0.4274	0.4274	0.4291	0.4295
0.3840	0.3840	0.3849	0.3855
0.3457	0.3461	0.3468	0.3468
0.3116	0.3116	0.3122	0.3121
0.2820	0.2818	0.2823	0.2823
0.2549	0.2551	0.2553	0.2552
0.2318	0.2325	0.2328	0.2321
0.2112	0.2111	0.2113	0.2114
0.1928	0.1925	0.1927	0.1929
0.1775	0.1770	0.1772	0.1776
0.1616	0.1622	0.1622	0.1617
0.1496	0.1496	0.1496	0.1496
0.1387	0.1385	0.1385	0.1387
0.1287	0.1289	0.1289	0.1288
0.1203	0.1203	0.1203	0.1203
0.1135	0.1133	0.1133	0.1135
0.1041	0.1038	0.1038	0.1042
0.1002	0.1001	0.1001	0.1003
0.0936	0.0936	0.0936	0.0936
0.0903	0.0902	0.0902	0.0903
0.0835	0.0836	0.0836	0.0835
0.0835	0.0835	0.0835	0.0835
0.0776	0.0777	0.0777	0.0776
0.0737	0.0736	0.0736	0.0737
0.0736	0.0736	0.0736	0.0736
0.0731	0.0736	0.0736	0.0731
0.0685	0.0689	0.0689	0.0685
0.0639	0.0639	0.0639	0.0639
0.0636	0.0636	0.0636	0.0636
0.0636	0.0636	0.0636	0.0636
0.0636	0.0636	0.0636	0.0636
0.0636	0.0636	0.0636	0.0636
0.0636	0.0636	0.0636	0.0636
0.0630	0.0635	0.0635	0.0630
0.0622	0.0615	0.0615	0.0622
0.0583	0.0581	0.0581	0.0583
0.0552	0.0549	0.0549	0.0552
0.0545	0.0543	0.0543	0.0545
0.0539	0.0539	0.0539	0.0539
0.0536	0.0536	0.0536	0.0536
0.0536	0.0536	0.0536	0.0536
0.0536	0.0536	0.0536	0.0536
0.0535	0.0537	0.0537	0.0535
0.0536	0.0536	0.0536	0.0536
0.0536	0.0536	0.0536	0.0536
0.0536	0.0536	0.0536	0.0536
0.0537	0.0536	0.0536	0.0537
0.0536	0.0536	0.0536	0.0536
0.0536	0.0536	0.0536	0.0536
0.0536	0.0536	0.0536	0.0536
0.0536	0.0536	0.0536	0.0536
0.0536	0.0536	0.0536	0.0536
0.0536	0.0536	0.0536	0.0536
0.0535	0.0537	0.0537	0.0535
0.0536	0.0536	0.0536	0.0536
0.0537	0.0535	0.0535	0.0537
0.0536	0.0536	0.0536	0.0536
0.0537	0.0536	0.0536	0.0537
0.0536	0.0536	0.0536	0.0536
0.0536	0.0536	0.0536	0.0536
0.0536	0.0536	0.0536	0.0536
0.0537	0.0535	0.0535	0.0537
0.0536	0.0536	0.0536	0.0536
0.0536	0.0536	0.0536	0.0536
0.0536	0.0536	0.0536	0.0536
0.0536	0.0536	0.0536	0.0536
0.0537	0.0535	0.0535	0.0537
0.0536	0.0536	0.0536	0.0536
0.0536	0.0536	0.0536	0.0536
0.0536	0.0536	0.0536	0.0536
0.0536	0.0536	0.0536	0.0536
0.0536	0.0536	0.0536	0.0536
0.0536	0.0536	0.0536	0.0536
0.0536	0.0536	0.0536	0.0536
0.0537	0.0535	0.0535	0.0537
0.0536	0.0536	0.0536	0.0536
0.0535	0.0537	0.0537	0.0535
0.0536	0.0536	0.0536	0.0536
0.0536	0.0536	0.0536	0.0536
0.0536	0.0536	0.0536	0.0536
0.0536	0.0536	0.0536	0.0536
0.0536	0.0536	0.0536	0.0536
0.0536	0.0536	0.0536	0.0536
0.0537	0.0535	0.0535	0.0537
0.0536	0.0536	0.0536	0.0536
0.0536	0.0536	0.0536	0.0536
