4.1959	4.3577	4.2659	4.4197
3.3473	3.4194	3.3775	3.4499
2.9249	2.9781	2.9474	3.0002
2.5893	2.6292	2.6061	2.6462
2.2974	2.3268	2.3095	2.3401
2.0386	2.0619	2.0483	2.0705
1.8099	1.8272	1.8173	1.8343
1.6074	1.6201	1.6128	1.6258
1.4279	1.4376	1.4320	1.4413
1.2694	1.2764	1.2724	1.2792
1.1285	1.1338	1.1306	1.1359
1.0041	1.0081	1.0057	1.0094
0.8937	0.8968	0.8949	0.8980
0.7961	0.7989	0.7975	0.7999
0.7100	0.7123	0.7111	0.7123
0.6340	0.6355	0.6347	0.6358
0.5665	0.5680	0.5669	0.5679
0.5069	0.5076	0.5074	0.5080
0.4548	0.4549	0.4547	0.4553
0.4077	0.4084	0.4083	0.4086
0.3673	0.3670	0.3667	0.3675
0.3302	0.3305	0.3303	0.3303
0.2985	0.2981	0.2979	0.2987
0.2702	0.2702	0.2702	0.2704
0.2444	0.2443	0.2443	0.2444
0.2224	0.2223	0.2223	0.2224
0.2025	0.2031	0.2031	0.2025
0.1858	0.1863	0.1863	0.1858
0.1697	0.1697	0.1697	0.1697
0.1573	0.1568	0.1568	0.1573
0.1447	0.1449	0.1449	0.1448
0.1343	0.1346	0.1346	0.1343
0.1243	0.1239	0.1239	0.1243
0.1156	0.1160	0.1160	0.1156
0.1092	0.1092	0.1092	0.1092
0.1044	0.1026	0.1026	0.1044
0.0959	0.0953	0.0953	0.0959
0.0936	0.0935	0.0935	0.0936
0.0858	0.0860	0.0860	0.0858
0.0836	0.0836	0.0836	0.0836
0.0828	0.0825	0.0825	0.0828
0.0743	0.0740	0.0740	0.0743
0.0736	0.0736	0.0736	0.0736
0.0736	0.0736	0.0736	0.0736
0.0728	0.0729	0.0729	0.0728
0.0658	0.0653	0.0653	0.0658
0.0637	0.0636	0.0636	0.0637
0.0636	0.0636	0.0636	0.0636
0.0636	0.0636	0.0636	0.0636
0.0636	0.0636	0.0636	0.0636
0.0633	0.0639	0.0639	0.0633
0.0633	0.0634	0.0634	0.0633
0.0632	0.0628	0.0628	0.0632
0.0610	0.0612	0.0612	0.0610
0.0561	0.0563	0.0563	0.0561
0.0535	0.0554	0.0554	0.0535
0.0543	0.0540	0.0540	0.0543
0.0536	0.0538	0.0538	0.0536
0.0536	0.0536	0.0536	0.0536
0.0536	0.0536	0.0536	0.0536
0.0536	0.0536	0.0536	0.0536
0.0536	0.0536	0.0536	0.0536
0.0536	0.0536	0.0536	0.0536
0.0536	0.0536	0.0536	0.0536
0.0536	0.0537	0.0537	0.0536
0.0536	0.0536	0.0536	0.0536
0.0536	0.0536	0.0536	0.0536
0.0536	0.0536	0.0536	0.0536
0.0536	0.0536	0.0536	0.0536
0.0536	0.0536	0.0536	0.0536
0.0539	0.0533	0.0533	0.0539
0.0536	0.0536	0.0536	0.0536
0.0535	0.0537	0.0537	0.0535
0.0536	0.0536	0.0536	0.0536
0.0536	0.0536	0.0536	0.0536
0.0536	0.0536	0.0536	0.0536
0.0536	0.0536	0.0536	0.0536
0.0536	0.0536	0.0536	0.0536
0.0536	0.0536	0.0536	0.0536
0.0536	0.0536	0.0536	0.0536
0.0536	0.0536	0.0536	0.0536
0.0535	0.0537	0.0537	0.0535
0.0534	0.0538	0.0538	0.0534
0.0536	0.0536	0.0536	0.0536
0.0536	0.0536	0.0536	0.0536
0.0536	0.0536	0.0536	0.0536
0.0536	0.0536	0.0536	0.0536
0.0536	0.0536	0.0536	0.0536
0.0535	0.0537	0.0537	0.0535
0.0536	0.0536	0.0536	0.0536
0.0536	0.0536	0.0536	0.0536
0.0536	0.0536	0.0536	0.0536
0.0536	0.0536	0.0536	0.0536
0.0537	0.0535	0.0535	0.0537
0.0535	0.0537	0.0537	0.0535
0.0536	0.0536	0.0536	0.0536
0.0536	0.0536	0.0536	0.0536
0.0536	0.0536	0.0536	0.0536
0.0536	0.0536	0.0536	0.0536
0.0536	0.0536	0.0536	0.0536
